MeshAnim
1
47
83
30
0.74545310 0.03277160 -0.66575200 0.00000000
-0.08392824 0.99545630 -0.04497450 0.00000000
0.66125320 0.08940177 0.74481650 0.00000000
0.00959507 0.85779880 -0.01478975 1.00000000

0.97644590 0.21574350 -0.00286400 0.00000000
0.19465090 -0.88655290 -0.41968460 0.00000000
-0.09308329 0.40924180 -0.90766550 0.00000000
0.10743660 0.83072630 -0.10562720 1.00000000

0.97644590 0.21574350 -0.00286400 0.00000000
0.20903210 -0.94261430 0.26035350 0.00000000
0.05346996 -0.25481980 -0.96550920 0.00000000
0.18529700 0.47610520 -0.27350100 1.00000000

0.99760330 0.05889735 0.03631422 0.00000000
0.05900377 -0.99825610 -0.00186477 0.00000000
0.03614113 0.00400297 -0.99933870 0.00000000
0.25989540 0.13967900 -0.18287070 1.00000000

0.99738090 0.06481757 0.03209606 0.00000000
0.06361129 -0.99727840 0.03727744 0.00000000
0.03442493 -0.03513813 -0.99878940 0.00000000
0.27099510 0.03621894 -0.31999360 1.00000000

0.49434520 -0.31102740 -0.81171720 0.00000000
0.28978700 0.93934580 -0.18344750 0.00000000
0.81954030 -0.14453870 0.55449280 0.00000000
-0.09014444 0.82203970 0.07082921 1.00000000

0.49435280 -0.31100020 -0.81172300 0.00000000
-0.21896330 0.85914430 -0.46252130 0.00000000
0.84123150 0.40638620 0.35662280 0.00000000
-0.20605950 0.44630230 0.14420870 1.00000000

0.31290840 -0.06881981 -0.94728670 0.00000000
0.02798229 0.99760650 -0.06323233 0.00000000
0.94937100 -0.00672131 0.31408520 0.00000000
-0.12990160 0.13928170 0.30822020 1.00000000

0.31360260 -0.09056030 -0.94522610 0.00000000
-0.10028840 0.98671540 -0.12780850 0.00000000
0.94424360 0.13487620 0.30035440 0.00000000
-0.26289900 0.03626180 0.27177230 1.00000000

0.57906170 -0.14417400 -0.80243470 0.00000000
-0.03832328 0.97833830 -0.20343400 0.00000000
0.81438260 0.14855280 0.56099300 0.00000000
-0.00185309 0.99358460 -0.02092438 1.00000000

0.59661470 -0.11057880 -0.79487310 0.00000000
-0.08586688 0.97598020 -0.20022340 0.00000000
0.79792090 0.18770950 0.57278910 0.00000000
-0.00846497 1.16237600 -0.05602267 1.00000000

0.60176470 -0.43093190 -0.67244100 0.00000000
-0.26372810 0.68750670 -0.67659590 0.00000000
0.75387440 0.58449300 0.30006840 0.00000000
-0.02457459 1.34548200 -0.09358692 1.00000000

-0.08516020 0.76633820 -0.63676830 0.00000000
0.66236450 -0.43388300 -0.61075290 0.00000000
-0.74432620 -0.47378450 -0.47064550 0.00000000
0.00843150 1.40027100 -0.19328630 1.00000000

0.33183030 0.42266640 -0.84335160 0.00000000
0.37490820 -0.87945950 -0.29324910 0.00000000
-0.86564020 -0.21887050 -0.45029230 0.00000000
0.15673450 1.30312500 -0.33003350 1.00000000

0.33854120 0.39377370 -0.85459480 0.00000000
-0.27076540 -0.82904160 -0.48926100 0.00000000
-0.90115270 0.39702960 -0.17404450 0.00000000
0.26228580 1.05552300 -0.41259500 1.00000000

0.45170590 0.24857890 -0.85683750 0.00000000
-0.49543340 -0.72881810 -0.47262060 0.00000000
-0.74196200 0.63799120 -0.20605710 0.00000000
0.19684590 0.85504470 -0.53109650 1.00000000

-0.35881250 -0.11824460 0.92589000 0.00000000
-0.74196200 0.63799130 -0.20605700 0.00000000
-0.56634450 -0.76091100 -0.31665220 0.00000000
0.08656960 0.75893220 -0.55292550 1.00000000

-0.58010090 -0.59734210 -0.55377400 0.00000000
-0.42698080 -0.35596470 0.83125000 0.00000000
-0.69366470 0.71865980 -0.04855803 0.00000000
0.07751507 0.77953790 -0.61265700 1.00000000

-0.10156210 -0.05230618 0.99345340 0.00000000
0.71703000 0.68838040 0.10954680 0.00000000
-0.68960370 0.72346140 -0.03240815 0.00000000
0.05708677 0.76250730 -0.57288690 1.00000000

-0.51551590 -0.73920600 -0.43337990 0.00000000
-0.43005090 -0.21425860 0.87701170 0.00000000
-0.74114780 0.63848880 -0.20744260 0.00000000
0.10601520 0.75408050 -0.60700670 1.00000000

-0.10396020 0.20252160 0.97374390 0.00000000
0.66360170 0.74338200 -0.08376205 0.00000000
-0.74082740 0.63747020 -0.21167590 0.00000000
0.08506208 0.74413870 -0.56292390 1.00000000

-0.49765100 -0.85720580 -0.13244570 0.00000000
-0.29541400 0.02393625 0.95506970 0.00000000
-0.81552080 0.51441740 -0.26514240 0.00000000
0.13277380 0.72881690 -0.59487960 1.00000000

-0.13553360 0.28801140 0.94798760 0.00000000
0.56207380 0.81029460 -0.16581880 0.00000000
-0.81590680 0.51036470 -0.27170570 0.00000000
0.11890640 0.72994060 -0.55004610 1.00000000

-0.54780560 -0.83200440 0.08762571 0.00000000
-0.24753890 0.26124550 0.93299290 0.00000000
-0.79914580 0.48940760 -0.34906520 0.00000000
0.15732930 0.70683600 -0.58270550 1.00000000

0.03727376 0.65022440 0.75882750 0.00000000
0.62571090 0.57688780 -0.52505890 0.00000000
-0.77916400 0.49437720 -0.38534960 0.00000000
0.14720330 0.71864090 -0.54304650 1.00000000

-0.49312240 0.52101400 -0.69668860 0.00000000
-0.76819130 -0.63663870 0.06762612 0.00000000
-0.40830480 0.56853790 0.71417930 0.00000000
0.09829278 0.84600570 -0.55989410 1.00000000

-0.81879890 -0.55234930 -0.15645930 0.00000000
0.42102250 -0.76303830 0.49042100 0.00000000
-0.39026790 0.33568300 0.85732610 0.00000000
0.05169762 0.80900260 -0.55707600 1.00000000

0.42124330 0.35496270 -0.83459910 0.00000000
-0.27076540 -0.82904160 -0.48926100 0.00000000
-0.86558680 0.43207850 -0.25311660 0.00000000
0.22668920 0.94642030 -0.47717090 1.00000000

0.26110800 -0.06891029 -0.96284690 0.00000000
0.22128110 -0.96661530 0.12918770 0.00000000
-0.93960500 -0.24679180 -0.23714240 0.00000000
0.14776340 1.31115600 -0.31746380 1.00000000

0.11145830 0.35678630 -0.92751310 0.00000000
0.37490820 -0.87945950 -0.29324910 0.00000000
-0.92033770 -0.31504720 -0.23178510 0.00000000
0.15673450 1.30312500 -0.33003350 1.00000000

0.16211190 0.37228200 -0.91385230 0.00000000
0.37443580 -0.88004680 -0.29208790 0.00000000
-0.91297200 -0.29482810 -0.28206170 0.00000000
0.20166680 1.19751900 -0.36508410 1.00000000

0.93192120 -0.12237090 -0.34139160 0.00000000
-0.18449130 0.65047500 -0.73678030 0.00000000
0.31222710 0.74960480 0.58361520 0.00000000
-0.06413399 1.44860800 -0.19507730 1.00000000

0.99375000 0.08745363 -0.06937659 0.00000000
-0.09187177 0.99375840 -0.06327498 0.00000000
0.06340981 0.06925327 0.99558190 0.00000000
-0.08147607 1.50975300 -0.26433470 1.00000000

0.99375000 0.08745363 -0.06937659 0.00000000
-0.10334750 0.95568900 -0.27564090 0.00000000
0.04219663 0.28108780 0.95875390 0.00000000
-0.09645652 1.58842200 -0.37974670 1.00000000

0.99375000 0.08745363 -0.06937659 0.00000000
0.10817300 -0.90788550 0.40502250 0.00000000
-0.02756518 -0.40999560 -0.91167100 0.00000000
-0.03107421 1.57220100 -0.36091620 1.00000000

0.99375000 0.08745363 -0.06937659 0.00000000
-0.10785540 0.91244860 -0.39472080 0.00000000
0.02878273 0.39973630 0.91617800 0.00000000
-0.15468980 1.56045100 -0.35188300 1.00000000

0.99375440 0.08748277 -0.06927621 0.00000000
0.10325010 -0.95633360 0.27343370 0.00000000
-0.04233047 -0.27887850 -0.95939300 0.00000000
-0.05481371 1.59512300 -0.34302060 1.00000000

0.99374760 0.08743796 -0.06942984 0.00000000
-0.10334760 0.95568810 -0.27564410 0.00000000
0.04225150 0.28109600 0.95874910 0.00000000
-0.13316220 1.58822900 -0.33755090 1.00000000

0.95906360 0.24035160 -0.14976100 0.00000000
0.27291300 -0.92562010 0.26219510 0.00000000
-0.07560268 -0.29233350 -0.95332350 0.00000000
-0.07751884 1.59403700 -0.38226090 1.00000000

0.97605620 0.20368420 -0.07633469 0.00000000
-0.21683430 0.93891560 -0.26724590 0.00000000
0.01723793 0.27739900 0.96060010 0.00000000
-0.11286380 1.59193100 -0.38094850 1.00000000

0.99335610 0.07449105 0.08771983 0.00000000
0.06852631 -0.99524980 0.06915440 0.00000000
0.09245458 -0.06268375 -0.99374210 0.00000000
-0.01823849 1.60884000 -0.34237240 1.00000000

0.98147850 0.09452092 -0.16663100 0.00000000
-0.11919510 0.98224040 -0.14490130 0.00000000
0.14997540 0.16207910 0.97531410 0.00000000
-0.17137110 1.59696500 -0.33286950 1.00000000

0.97702640 0.19907750 -0.07607603 0.00000000
0.21242910 -0.93839070 0.27257430 0.00000000
-0.01712567 -0.28247280 -0.95912240 0.00000000
-0.05488365 1.59570600 -0.34328740 1.00000000

0.99776890 -0.02528836 -0.06179011 0.00000000
0.00678273 0.95909710 -0.28299600 0.00000000
0.06641901 0.28194540 0.95712860 0.00000000
-0.13316370 1.58824100 -0.33755630 1.00000000

0.98758030 0.15154170 -0.04147914 0.00000000
-0.15704940 0.95981950 -0.23255540 0.00000000
0.00457069 0.23618120 0.97169820 0.00000000
-0.08678464 1.55581600 -0.28230860 1.00000000

0.88105730 0.47218730 -0.02787396 0.00000000
0.47288290 -0.87792800 0.07499264 0.00000000
0.01093936 -0.07925402 -0.99679450 0.00000000
-0.06334654 1.48504000 -0.38648960 1.00000000

0.99122730 0.12728350 -0.03560007 0.00000000
-0.13052140 0.98508690 -0.11210630 0.00000000
0.02079967 0.11576930 0.99305830 0.00000000
-0.08534247 1.50986300 -0.39192240 1.00000000

0.98442830 -0.16778350 -0.05243737 0.00000000
0.16177960 0.98142570 -0.10310580 0.00000000
0.06876284 0.09301695 0.99328720 0.00000000
-0.10310460 1.48182900 -0.38202370 1.00000000

0.99515440 0.07075042 -0.06828198 0.00000000
0.09026632 -0.93272150 0.34911750 0.00000000
-0.03898785 -0.35358930 -0.93458820 0.00000000
-0.06438961 1.50619100 -0.37447120 1.00000000

0.97429330 0.21180140 -0.07676503 0.00000000
-0.22527710 0.91335270 -0.33917120 0.00000000
-0.00172368 0.34774550 0.93758750 0.00000000
-0.11411090 1.49850700 -0.36827840 1.00000000

0.97549890 0.21970560 0.01146472 0.00000000
0.19124140 -0.87257270 0.44949300 0.00000000
0.10876000 -0.43628730 -0.89321050 0.00000000
-0.07216684 1.53174700 -0.38354270 1.00000000

0.98691790 0.14383060 -0.07284102 0.00000000
-0.16122270 0.87890510 -0.44892430 0.00000000
-0.00054887 0.45479490 0.89059580 0.00000000
-0.09041549 1.53219500 -0.38627730 1.00000000

0.98603490 0.06411502 -0.15370290 0.00000000
-0.13237430 0.86176380 -0.48973490 0.00000000
0.10105620 0.50324180 0.85821630 0.00000000
-0.10952880 1.52680200 -0.37908860 1.00000000

0.99371220 0.08786073 -0.06940243 0.00000000
0.10837000 -0.91055910 0.39892140 0.00000000
-0.02814549 -0.40393410 -0.91435500 0.00000000
-0.07732850 1.55983000 -0.37794650 1.00000000

0.99371220 0.08786073 -0.06940243 0.00000000
-0.10836990 0.91055910 -0.39892130 0.00000000
0.02814546 0.40393400 0.91435500 0.00000000
-0.09499357 1.55623600 -0.39937680 1.00000000

0.99371220 0.08786073 -0.06940243 0.00000000
-0.10836990 0.91055910 -0.39892130 0.00000000
0.02814546 0.40393400 0.91435500 0.00000000
-0.10988580 1.55666500 -0.37565290 1.00000000

0.99375000 0.08745363 -0.06937659 0.00000000
0.10634400 -0.55268600 0.82657670 0.00000000
0.03394380 -0.82878820 -0.55853210 0.00000000
-0.08128984 1.58175400 -0.17090460 1.00000000

0.99375000 0.08745363 -0.06937659 0.00000000
-0.09435902 0.99014840 -0.10345300 0.00000000
0.05964559 0.10935270 0.99221180 0.00000000
-0.09621289 1.65780300 -0.28879480 1.00000000

0.47542230 -0.80958130 0.34431320 0.00000000
0.41079700 -0.14179880 -0.90063270 0.00000000
0.77795850 0.56962360 0.26515920 0.00000000
-0.06774367 1.45482000 -0.10816310 1.00000000

-0.13716240 -0.75371560 -0.64272800 0.00000000
0.52439790 0.49522240 -0.69264840 0.00000000
0.84035310 -0.43205050 0.32732110 0.00000000
-0.15972100 1.48656900 0.09348860 1.00000000

-0.09454146 -0.72731730 -0.67975830 0.00000000
0.93320940 -0.30252680 0.19390150 0.00000000
-0.34667310 -0.61602500 0.70734080 0.00000000
-0.30735520 1.34714900 0.28849400 1.00000000

0.10036020 -0.34913450 -0.93168280 0.00000000
0.89088620 -0.38540210 0.24038930 0.00000000
-0.44300080 -0.85414890 0.27236020 0.00000000
-0.53308790 1.42045700 0.24170530 1.00000000

-0.25671650 0.40428160 0.87786870 0.00000000
-0.40408190 -0.87000810 0.28249550 0.00000000
0.87796070 -0.28220920 0.38670830 0.00000000
-0.62529840 1.47213700 0.15375610 1.00000000

0.76794430 -0.63901840 0.04378542 0.00000000
0.12814440 0.22025630 0.96698810 0.00000000
-0.62756720 -0.73698230 0.25103150 0.00000000
-0.64351790 1.52716800 0.18682960 1.00000000

0.42426540 -0.08057514 0.90194590 0.00000000
-0.67808200 0.63187920 0.37541090 0.00000000
-0.60016970 -0.77086710 0.21344800 0.00000000
-0.64964900 1.51663000 0.14056510 1.00000000

0.80618520 -0.58835070 -0.06252080 0.00000000
0.18594940 0.15163590 0.97078810 0.00000000
-0.56168340 -0.79426080 0.23165010 0.00000000
-0.66233860 1.49551300 0.19849370 1.00000000

0.41011270 -0.05705422 0.91024850 0.00000000
-0.73866870 0.56462320 0.36819780 0.00000000
-0.53495460 -0.82337450 0.18941510 0.00000000
-0.67080850 1.48742900 0.15007880 1.00000000

0.89074070 -0.44423030 -0.09612691 0.00000000
0.19629600 0.18524020 0.96288840 0.00000000
-0.40993760 -0.87655310 0.25220170 0.00000000
-0.67840820 1.46083100 0.20483880 1.00000000

0.61349750 -0.08092465 0.78553950 0.00000000
-0.68851050 0.43235160 0.58225890 0.00000000
-0.38674850 -0.89806640 0.20952930 0.00000000
-0.68762300 1.45213600 0.15963830 1.00000000

0.88923440 -0.40640550 -0.20999250 0.00000000
0.25276970 0.05392154 0.96602280 0.00000000
-0.38127400 -0.91210030 0.15067590 0.00000000
-0.69162820 1.42874000 0.21028490 1.00000000

0.72449710 -0.19985780 0.65966730 0.00000000
-0.59350430 0.30579010 0.74447640 0.00000000
-0.35050920 -0.93088630 0.10292750 0.00000000
-0.70167340 1.42614100 0.16896850 1.00000000

-0.87265660 -0.37506900 -0.31271980 0.00000000
-0.30106760 -0.09097493 0.94925360 0.00000000
-0.38448520 0.92252220 -0.03353126 0.00000000
-0.55676170 1.50091200 0.18641920 1.00000000

-0.25053780 -0.12369140 0.96017270 0.00000000
0.88897290 0.36334150 0.27876590 0.00000000
-0.38335160 0.92340890 0.01892759 0.00000000
-0.53732130 1.50697900 0.13044130 1.00000000

-0.00110331 -0.54202470 -0.84036200 0.00000000
0.93320940 -0.30252680 0.19390150 0.00000000
-0.35933150 -0.78401960 0.50615620 0.00000000
-0.43023400 1.38711200 0.26307450 1.00000000

0.61477460 -0.55060840 -0.56469680 0.00000000
0.33541960 0.83053210 -0.44464640 0.00000000
0.71382490 0.08394688 0.69527480 0.00000000
-0.13822070 1.48524000 0.05921702 1.00000000

0.42360410 -0.85739110 -0.29230130 0.00000000
0.52439790 0.49522240 -0.69264840 0.00000000
0.73862460 0.14012640 0.65939220 0.00000000
-0.15972100 1.48656900 0.09348860 1.00000000

0.39196160 -0.86208630 -0.32120590 0.00000000
0.52459950 0.49625910 -0.69175320 0.00000000
0.75575230 0.10263620 0.64676460 0.00000000
-0.22267290 1.42701800 0.17649900 1.00000000

0.74606030 0.05889829 -0.66326850 0.00000000
0.02556673 0.99281220 0.11691990 0.00000000
0.66538750 -0.10418690 0.73919180 0.00000000
-0.05883185 0.97708680 -0.19384310 1.00000000

0.74542230 0.03184887 -0.66583130 0.00000000
0.03437631 0.99569210 0.08611274 0.00000000
0.66570560 -0.08707920 0.74111630 0.00000000
-0.17123820 0.98025120 -0.10514840 1.00000000

0.56812180 -0.00685519 -0.82291600 0.00000000
-0.08579385 -0.99500990 -0.05094127 0.00000000
-0.81846030 0.09954200 -0.56587490 0.00000000
-0.09475958 0.99482600 0.09508439 1.00000000

1.00000000 0.00000000 0.00000000 0.00000000
0.00000000 1.00000000 0.00000000 0.00000000
0.00000000 0.00000000 1.00000000 0.00000000
0.00000000 0.00000000 0.00000000 1.00000000

1.00000000 0.00000000 0.00000000 0.00000000
0.00000000 1.00000000 0.00000000 0.00000000
0.00000000 0.00000000 1.00000000 0.00000000
0.00000000 0.00000000 0.00000000 1.00000000

0.99375000 0.08745363 -0.06937659 0.00000000
-0.09435908 0.99014840 -0.10345310 0.00000000
0.05964568 0.10935280 0.99221180 0.00000000
-0.08061267 1.49704500 -0.26798390 1.00000000

0.77108440 0.04861268 -0.63487460 0.00000000
-0.07947844 0.99663160 -0.02021762 0.00000000
0.63175320 0.06604832 0.77235070 0.00000000
0.00886256 0.85716780 -0.02007978 1.00000000

0.97728880 0.21179410 0.00707421 0.00000000
0.19573480 -0.88938700 -0.41313340 0.00000000
-0.08120763 0.40513530 -0.91064330 0.00000000
0.11012130 0.83228370 -0.10774270 1.00000000

0.97728880 0.21179410 0.00707421 0.00000000
0.20260260 -0.94362010 0.26178990 0.00000000
0.06212080 -0.25441110 -0.96509920 0.00000000
0.18837150 0.47672760 -0.27290370 1.00000000

0.99718680 0.05958263 0.04548064 0.00000000
0.05962463 -0.99822110 0.00043545 0.00000000
0.04542547 0.00227752 -0.99896540 0.00000000
0.26065780 0.14013180 -0.18181270 1.00000000

0.99700000 0.06549534 0.04125017 0.00000000
0.06386761 -0.99717210 0.03961708 0.00000000
0.04372802 -0.03686374 -0.99836330 0.00000000
0.27309430 0.03643882 -0.31864490 1.00000000

0.49373690 -0.31980000 -0.80867290 0.00000000
0.28654080 0.93782090 -0.19592510 0.00000000
0.82104710 -0.13498230 0.55467240 0.00000000
-0.09425330 0.81939860 0.06052971 1.00000000

0.49374420 -0.31977310 -0.80867910 0.00000000
-0.21772870 0.85485800 -0.47096910 0.00000000
0.84190910 0.40861100 0.35245750 0.00000000
-0.20871910 0.44476470 0.13879710 1.00000000

0.32203270 -0.06637736 -0.94439880 0.00000000
0.02858458 0.99776610 -0.06038113 0.00000000
0.94629690 -0.00755058 0.32321070 0.00000000
-0.13310470 0.13966700 0.30560720 1.00000000

0.32270720 -0.08812308 -0.94238780 0.00000000
-0.09905708 0.98704420 -0.12621950 0.00000000
0.94130110 0.13408200 0.30979700 0.00000000
-0.26574370 0.03674406 0.26761180 1.00000000

0.62050620 -0.11137190 -0.77625270 0.00000000
-0.02652277 0.98631710 -0.16271190 0.00000000
0.78375290 0.12155210 0.60906200 0.00000000
-0.00237467 1.00105300 -0.02265503 1.00000000

0.63699720 -0.07801758 -0.76690800 0.00000000
-0.07151080 0.98459480 -0.15956000 0.00000000
0.76754210 0.15648150 0.62160500 0.00000000
-0.00658580 1.17123000 -0.05029006 1.00000000

0.62858250 -0.39211380 -0.67166270 0.00000000
-0.21389310 0.74314740 -0.63402030 0.00000000
0.74775240 0.54219820 0.38325900 0.00000000
-0.02054809 1.35801900 -0.08095121 1.00000000

-0.06614047 0.80903560 -0.58402650 0.00000000
0.63059540 -0.41971400 -0.65283200 0.00000000
-0.77328850 -0.41146310 -0.48241410 0.00000000
0.01879374 1.41944800 -0.17418090 1.00000000

0.45899180 0.42618260 -0.77954800 0.00000000
0.15604830 -0.90246610 -0.40150240 0.00000000
-0.87462880 0.06263911 -0.48072960 0.00000000
0.15998390 1.32547500 -0.32035010 1.00000000

0.45875350 0.39813800 -0.79437460 0.00000000
-0.37244680 -0.72551550 -0.57871500 0.00000000
-0.80673960 0.56135000 -0.18454780 0.00000000
0.20391770 1.07139600 -0.43338890 1.00000000

0.66165410 -0.01882918 -0.74957290 0.00000000
-0.56584790 -0.66845340 -0.48268700 0.00000000
-0.49196600 0.74351590 -0.45293920 0.00000000
0.11390160 0.89596100 -0.57351910 1.00000000

-0.55334360 0.13461880 0.82200290 0.00000000
-0.49196600 0.74351600 -0.45293920 0.00000000
-0.67214630 -0.65502830 -0.34519190 0.00000000
-0.01117789 0.82534330 -0.60877870 1.00000000

-0.53995220 -0.53609590 -0.64888630 0.00000000
-0.71511850 -0.11439830 0.68957870 0.00000000
-0.44391170 0.83637000 -0.32160230 0.00000000
-0.00247362 0.83645220 -0.67103310 1.00000000

-0.47622240 0.06540930 0.87688880 0.00000000
0.75794280 0.53610630 0.37163550 0.00000000
-0.44579720 0.84161250 -0.30488230 0.00000000
-0.03668731 0.83097900 -0.63804110 1.00000000

-0.54101870 -0.66936550 -0.50916500 0.00000000
-0.68249570 -0.00432337 0.73087680 0.00000000
-0.49142510 0.74292080 -0.45449990 0.00000000
0.01662231 0.80657540 -0.65569760 1.00000000

-0.36473540 0.30300370 0.88043010 0.00000000
0.79156520 0.59881640 0.12183640 0.00000000
-0.49029900 0.74135560 -0.45825660 0.00000000
-0.01686966 0.80702610 -0.61882930 1.00000000

-0.62630370 -0.74981330 -0.21336380 0.00000000
-0.52552110 0.20391930 0.82598090 0.00000000
-0.57582250 0.62944200 -0.52175810 0.00000000
0.03284169 0.77844330 -0.63455860 1.00000000

-0.36923720 0.37772030 0.84911220 0.00000000
0.73018040 0.68311850 0.01364005 0.00000000
-0.57489200 0.62504140 -0.52803650 0.00000000
0.00817237 0.78801590 -0.59578480 1.00000000

-0.70957920 -0.70320640 -0.04470435 0.00000000
-0.42851650 0.38029630 0.81960260 0.00000000
-0.55934880 0.60072960 -0.57118570 0.00000000
0.04787302 0.75402210 -0.61429960 1.00000000

-0.15944220 0.62003910 0.76819920 0.00000000
0.83407020 0.50088750 -0.23116870 0.00000000
-0.52811500 0.60387390 -0.59701860 0.00000000
0.03017450 0.77079780 -0.57937010 1.00000000

-0.17956120 0.51605870 -0.83752080 0.00000000
-0.94262850 -0.33382430 -0.00359824 0.00000000
-0.28144160 0.78882500 0.54639360 0.00000000
0.02417294 0.90472920 -0.62347490 1.00000000

-0.88394000 -0.12937610 -0.44934660 0.00000000
-0.18307770 -0.78849080 0.58716700 0.00000000
-0.43027080 0.60128580 0.67329230 0.00000000
-0.03226468 0.88574780 -0.62514180 1.00000000

0.63542220 0.25513520 -0.72879670 0.00000000
-0.37244680 -0.72551550 -0.57871500 0.00000000
-0.67640390 0.63916630 -0.36598440 0.00000000
0.15495230 0.97592620 -0.50973400 1.00000000

0.15035320 -0.02277552 -0.98836990 0.00000000
0.02776790 -0.99924300 0.02725007 0.00000000
-0.98824250 -0.03154213 -0.14960700 0.00000000
0.15204370 1.33349300 -0.30877760 1.00000000

0.09587896 0.41840200 -0.90318700 0.00000000
0.15604830 -0.90246610 -0.40150240 0.00000000
-0.98308530 -0.10244520 -0.15181850 0.00000000
0.15998390 1.32547500 -0.32035010 1.00000000

0.14960720 0.42219320 -0.89407520 0.00000000
0.15540000 -0.90305440 -0.40042970 0.00000000
-0.97645720 -0.07903211 -0.20071230 0.00000000
0.17863190 1.21710800 -0.36840160 1.00000000

0.93910470 -0.13575990 -0.31567700 0.00000000
-0.12398480 0.72290440 -0.67973310 0.00000000
0.32048480 0.67747950 0.66205070 0.00000000
-0.05263216 1.46949200 -0.17605510 1.00000000

0.99576200 0.07774746 -0.04912719 0.00000000
-0.07898881 0.99659030 -0.02385114 0.00000000
0.04710543 0.02763050 0.99850780 0.00000000
-0.06428668 1.53744500 -0.23995010 1.00000000

0.99579240 0.07736392 -0.04911801 0.00000000
-0.08688881 0.96742410 -0.23778410 0.00000000
0.02912214 0.24105120 0.97007550 0.00000000
-0.07638192 1.62138300 -0.35227110 1.00000000

0.99576200 0.07774746 -0.04912719 0.00000000
0.09042415 -0.92512890 0.36872800 0.00000000
-0.01678130 -0.37160750 -0.92823820 0.00000000
-0.01148975 1.60308700 -0.33301210 1.00000000

0.99576200 0.07774746 -0.04912719 0.00000000
-0.08992338 0.93508960 -0.34281380 0.00000000
0.01928556 0.34577860 0.93811790 0.00000000
-0.13527720 1.59155300 -0.32613940 1.00000000

0.99576500 0.07777242 -0.04902583 0.00000000
0.08719599 -0.96794720 0.23553240 0.00000000
-0.02913648 -0.23880970 -0.97062920 0.00000000
-0.03526613 1.62562400 -0.31460040 1.00000000

0.99576040 0.07773402 -0.04918128 0.00000000
-0.08726314 0.96739420 -0.23776890 0.00000000
0.02909493 0.24105240 0.97007590 0.00000000
-0.11377320 1.61949500 -0.31072710 1.00000000

0.96955130 0.21617980 -0.11505010 0.00000000
0.23769210 -0.94379370 0.22968780 0.00000000
-0.05892980 -0.25004060 -0.96644060 0.00000000
-0.05719955 1.62698400 -0.35419210 1.00000000

0.98290860 0.17662130 -0.05191654 0.00000000
-0.18389910 0.95497280 -0.23282650 0.00000000
0.00845689 0.23839450 0.97113170 0.00000000
-0.09332184 1.62625800 -0.35343230 1.00000000

0.99465990 0.06146008 0.08291149 0.00000000
0.05639508 -0.99647490 0.06210780 0.00000000
0.08643624 -0.05710027 -0.99461970 0.00000000
0.00141815 1.63930000 -0.31271880 1.00000000

0.98749450 0.08719119 -0.13134790 0.00000000
-0.10394780 0.98648640 -0.12664760 0.00000000
0.11853050 0.13871700 0.98321330 0.00000000
-0.15199480 1.62931400 -0.30608110 1.00000000

0.98048000 0.18975310 -0.05150563 0.00000000
0.19657010 -0.95185350 0.23523530 0.00000000
-0.00438941 -0.24076800 -0.97057310 0.00000000
-0.03531244 1.62609500 -0.31479450 1.00000000

0.99831370 -0.03525211 -0.04612064 0.00000000
0.02246344 0.96719630 -0.25303590 0.00000000
0.05352786 0.25157310 0.96635710 0.00000000
-0.11377440 1.61950700 -0.31073210 1.00000000

0.99128650 0.12978590 -0.02250677 0.00000000
-0.13166340 0.97113410 -0.19890580 0.00000000
-0.00395805 0.20013590 0.97976030 0.00000000
-0.06872842 1.58427500 -0.25586910 1.00000000

0.90234530 0.43101400 0.00021791 0.00000000
0.43044890 -0.90118820 0.05073333 0.00000000
0.02206311 -0.04568521 -0.99871250 0.00000000
-0.04576519 1.51845500 -0.36241860 1.00000000

0.99408100 0.10716140 -0.01787403 0.00000000
-0.10823090 0.99112210 -0.07722145 0.00000000
0.00944012 0.07869878 0.99685390 0.00000000
-0.06671788 1.54232800 -0.36709520 1.00000000

0.98535350 -0.16500340 -0.04303840 0.00000000
0.16202740 0.98462160 -0.06532920 0.00000000
0.05315617 0.05739891 0.99693540 0.00000000
-0.08473110 1.51592500 -0.35896310 1.00000000

0.99719120 0.05698819 -0.04860160 0.00000000
0.06935999 -0.94751970 0.31208280 0.00000000
-0.02826586 -0.31457710 -0.94881110 0.00000000
-0.04543818 1.53823000 -0.34970720 1.00000000

0.98061980 0.18903800 -0.05147430 0.00000000
-0.19567450 0.93180800 -0.30568890 0.00000000
-0.00982261 0.30983660 0.95073900 0.00000000
-0.09495050 1.53136700 -0.34500950 1.00000000

0.98139360 0.18952230 0.03078985 0.00000000
0.15969710 -0.89471550 0.41711030 0.00000000
0.10659980 -0.40443240 -0.90833430 0.00000000
-0.05291506 1.56334000 -0.35791860 1.00000000

0.99057080 0.12745820 -0.05023983 0.00000000
-0.13678270 0.89933250 -0.41532130 0.00000000
-0.00775364 0.41827700 0.90828630 0.00000000
-0.07089627 1.56393400 -0.36101670 1.00000000

0.99020170 0.05927355 -0.12644160 0.00000000
-0.11043370 0.88656280 -0.44923370 0.00000000
0.08547083 0.45879540 0.88442160 0.00000000
-0.08969145 1.55872400 -0.35452240 1.00000000

0.99576370 0.07772560 -0.04912668 0.00000000
0.09029639 -0.92744870 0.36288550 0.00000000
-0.01735705 -0.36578400 -0.93053820 0.00000000
-0.05757537 1.59184700 -0.35131450 1.00000000

0.99576370 0.07772560 -0.04912668 0.00000000
-0.09029631 0.92744860 -0.36288530 0.00000000
0.01735714 0.36578400 0.93053810 0.00000000
-0.07491688 1.58942600 -0.37316790 1.00000000

0.99576370 0.07772560 -0.04912668 0.00000000
-0.09029631 0.92744860 -0.36288530 0.00000000
0.01735714 0.36578400 0.93053810 0.00000000
-0.09022208 1.58822200 -0.34967460 1.00000000

0.99576200 0.07774746 -0.04912719 0.00000000
0.08556527 -0.58735720 0.80479220 0.00000000
0.03371523 -0.80558500 -0.59152030 0.00000000
-0.06485310 1.60555200 -0.14364620 1.00000000

0.99576200 0.07774746 -0.04912719 0.00000000
-0.08082778 0.99465970 -0.06417962 0.00000000
0.04387525 0.06787832 0.99672850 0.00000000
-0.07684554 1.68654600 -0.25853960 1.00000000

0.42531910 -0.84242360 0.33079690 0.00000000
0.47766720 -0.10150640 -0.87265730 0.00000000
0.76872500 0.52916850 0.35922540 0.00000000
-0.06095603 1.46879900 -0.08729578 1.00000000

-0.08291110 -0.65875380 -0.74777620 0.00000000
0.59428420 0.56965610 -0.56773110 0.00000000
0.79997010 -0.49146300 0.34425610 0.00000000
-0.16790580 1.49153100 0.10809110 1.00000000

-0.03662413 -0.62873070 -0.77676050 0.00000000
0.92626060 -0.31311180 0.20976790 0.00000000
-0.37510020 -0.71180000 0.59383580 0.00000000
-0.33526990 1.33110300 0.26798050 1.00000000

0.12248730 -0.22710080 -0.96613790 0.00000000
0.90227640 -0.37999780 0.20371340 0.00000000
-0.41339360 -0.89667560 0.15836280 0.00000000
-0.55940350 1.40698000 0.21735390 1.00000000

-0.28011580 0.28319850 0.91724240 0.00000000
-0.37606110 -0.91149830 0.16658000 0.00000000
0.88324010 -0.29827760 0.36182510 0.00000000
-0.65330310 1.46596300 0.13500430 1.00000000

0.79084230 -0.61153140 -0.02446118 0.00000000
0.11032050 0.10312720 0.98853150 0.00000000
-0.60199520 -0.78447090 0.14902180 0.00000000
-0.67320390 1.51563600 0.17450000 1.00000000

0.41811040 -0.17649280 0.89108590 0.00000000
-0.70489380 0.55570600 0.44081230 0.00000000
-0.57298200 -0.81242920 0.10793790 0.00000000
-0.67848230 1.51070200 0.12720490 1.00000000

0.82820270 -0.54673490 -0.12313350 0.00000000
0.17061140 0.03668483 0.98465540 0.00000000
-0.53382810 -0.83650200 0.12366160 0.00000000
-0.69094100 1.48212500 0.18189280 1.00000000

0.40300710 -0.15470630 0.90202640 0.00000000
-0.76284870 0.48773180 0.42447610 0.00000000
-0.50561570 -0.85917630 0.07854198 0.00000000
-0.69862720 1.47980700 0.13273350 1.00000000

0.90763380 -0.39661780 -0.13745970 0.00000000
0.17977090 0.07135901 0.98111710 0.00000000
-0.37931940 -0.91520640 0.13606810 0.00000000
-0.70576340 1.44636900 0.18367320 1.00000000

0.60835650 -0.15561370 0.77825910 0.00000000
-0.70988140 0.33182810 0.62125580 0.00000000
-0.35492420 -0.93041660 0.09140255 0.00000000
-0.71420270 1.44302000 0.13761720 1.00000000

0.90583130 -0.34504650 -0.24579010 0.00000000
0.24108340 -0.05722258 0.96881600 0.00000000
-0.34835130 -0.93684000 0.03135110 0.00000000
-0.71782670 1.41339700 0.18492270 1.00000000

0.72495690 -0.25396140 0.64026670 0.00000000
-0.61180430 0.18962410 0.76794430 0.00000000
-0.31643820 -0.94844440 -0.01790529 0.00000000
-0.72736190 1.41558100 0.14346160 1.00000000

-0.85490610 -0.36449010 -0.36916550 0.00000000
-0.30675530 -0.21871120 0.92631900 0.00000000
-0.41837490 0.90515920 0.07516830 0.00000000
-0.58552650 1.49276600 0.17209600 1.00000000

-0.25514670 -0.25069380 0.93383810 0.00000000
0.87198190 0.35765610 0.33426070 0.00000000
-0.41778980 0.89957510 0.12734570 0.00000000
-0.56577830 1.50642000 0.11758140 1.00000000

0.05700955 -0.43377720 -0.89921500 0.00000000
0.92626060 -0.31311180 0.20976790 0.00000000
-0.37254710 -0.84486620 0.38394030 0.00000000
-0.45724350 1.37244400 0.24048800 1.00000000

0.66525880 -0.48545740 -0.56724100 0.00000000
0.38326470 0.87405870 -0.29854670 0.00000000
0.64073330 -0.01879272 0.76753370 0.00000000
-0.14695530 1.49143200 0.08001064 1.00000000

0.44587750 -0.82085850 -0.35691030 0.00000000
0.59428420 0.56965610 -0.56773110 0.00000000
0.66934290 0.04103238 0.74181990 0.00000000
-0.16790580 1.49153100 0.10809110 1.00000000

0.41763620 -0.82123720 -0.38878020 0.00000000
0.59441000 0.57056030 -0.56669030 0.00000000
0.68720950 0.00557549 0.72643810 0.00000000
-0.23923510 1.42306400 0.17609400 1.00000000

0.77029330 0.07072048 -0.63375610 0.00000000
0.02729520 0.98926410 0.14356710 0.00000000
0.63710530 -0.12788730 0.76009320 0.00000000
-0.05228774 0.98217680 -0.19785280 1.00000000

0.76996670 0.04830256 -0.63625320 0.00000000
0.03441135 0.99253640 0.11699370 0.00000000
0.63715560 -0.11197560 0.76255780 0.00000000
-0.16790080 0.98332260 -0.11333190 1.00000000

0.61236350 0.01863642 -0.79035670 0.00000000
-0.07965782 -0.99317990 -0.08513734 0.00000000
-0.78655310 0.11509310 -0.60670260 0.00000000
-0.10036380 0.99901600 0.08928532 1.00000000

1.00000000 0.00000000 0.00000000 0.00000000
0.00000000 1.00000000 0.00000000 0.00000000
0.00000000 0.00000000 1.00000000 0.00000000
0.00000000 0.00000000 0.00000000 1.00000000

1.00000000 0.00000000 0.00000000 0.00000000
0.00000000 1.00000000 0.00000000 0.00000000
0.00000000 0.00000000 1.00000000 0.00000000
0.00000000 0.00000000 0.00000000 1.00000000

0.99576200 0.07774746 -0.04912719 0.00000000
-0.08082774 0.99465970 -0.06417971 0.00000000
0.04387519 0.06787845 0.99672850 0.00000000
-0.06351130 1.52488700 -0.24410420 1.00000000

0.81419410 0.06070416 -0.57741060 0.00000000
-0.07047432 0.99749850 0.00549442 0.00000000
0.57629970 0.03621910 0.81643540 0.00000000
0.00687326 0.86649850 -0.03219076 1.00000000

0.97916160 0.20307890 0.00126323 0.00000000
0.18895550 -0.90874980 -0.37211540 0.00000000
-0.07442084 0.36459980 -0.92818570 0.00000000
0.11386360 0.84335040 -0.11327440 1.00000000

0.97916160 0.20307890 0.00126323 0.00000000
0.19742560 -0.95332480 0.22846280 0.00000000
0.04760024 -0.22345260 -0.97355190 0.00000000
0.18936140 0.48025660 -0.26195440 1.00000000

0.99760340 0.05889735 0.03631407 0.00000000
0.05900382 -0.99825610 -0.00186504 0.00000000
0.03614086 0.00400320 -0.99933880 0.00000000
0.25973280 0.14046270 -0.18279560 1.00000000

0.99738090 0.06481759 0.03209591 0.00000000
0.06361135 -0.99727850 0.03727721 0.00000000
0.03442472 -0.03513798 -0.99878930 0.00000000
0.27083240 0.03700268 -0.31991860 1.00000000

0.47501350 -0.33639800 -0.81314110 0.00000000
0.21136050 0.94061170 -0.26566210 0.00000000
0.85421830 -0.04567281 0.51790450 0.00000000
-0.10193720 0.82726040 0.03976718 1.00000000

0.47501710 -0.33637910 -0.81314690 0.00000000
-0.16483120 0.87368740 -0.45771290 0.00000000
0.86440120 0.35145350 0.35957070 0.00000000
-0.18648160 0.45101670 0.14603250 1.00000000

0.31290830 -0.06881984 -0.94728670 0.00000000
0.03036986 0.99758640 -0.06244229 0.00000000
0.94929780 -0.00923026 0.31424300 0.00000000
-0.12966290 0.13893570 0.30832420 1.00000000

0.31355020 -0.09056351 -0.94524300 0.00000000
-0.09791514 0.98705180 -0.12704900 0.00000000
0.94450990 0.13238980 0.30062280 0.00000000
-0.26289900 0.03626174 0.27177230 1.00000000

0.68978160 -0.07385871 -0.72024050 0.00000000
-0.00700581 0.99405560 -0.10864730 0.00000000
0.72398360 0.07998876 0.68516390 0.00000000
-0.00321555 1.01808300 -0.03027081 1.00000000

0.70442280 -0.04086845 -0.70860310 0.00000000
-0.04781388 0.99334080 -0.10482240 0.00000000
0.70816840 0.10772040 0.69777780 0.00000000
-0.00327605 1.18951500 -0.04734123 1.00000000

0.67740940 -0.32549600 -0.65967330 0.00000000
-0.12803070 0.83091780 -0.54146450 0.00000000
0.72437880 0.45125160 0.52119800 0.00000000
-0.01363143 1.38252000 -0.06897677 1.00000000

-0.02206302 0.87089090 -0.49098080 0.00000000
0.62181700 -0.37259840 -0.68884970 0.00000000
-0.78285170 -0.32049830 -0.53331420 0.00000000
0.03642631 1.45408900 -0.14871060 1.00000000

0.10911730 0.83425560 -0.54047310 0.00000000
0.63289280 -0.47757840 -0.60939760 0.00000000
-0.76651160 -0.27556570 -0.58010640 0.00000000
0.17565160 1.37066500 -0.30294520 1.00000000

0.12454870 0.81738020 -0.56247430 0.00000000
0.11145200 -0.57482560 -0.81065030 0.00000000
-0.98593400 0.03827649 -0.16269250 0.00000000
0.35383550 1.23620900 -0.47451450 1.00000000

0.80987050 0.34996000 -0.47078430 0.00000000
-0.12038240 -0.68631950 -0.71726820 0.00000000
-0.57412360 0.63756850 -0.51370100 0.00000000
0.38081760 1.09729900 -0.67071010 1.00000000

-0.77666260 -0.22546540 0.58818440 0.00000000
-0.57412360 0.63756850 -0.51370100 0.00000000
-0.25918630 -0.73666260 -0.62462060 0.00000000
0.30567000 1.00133700 -0.75449060 1.00000000

0.06627229 -0.42730610 -0.90167470 0.00000000
-0.82273760 -0.53468290 0.19291730 0.00000000
-0.56454470 0.72905670 -0.38699560 0.00000000
0.32735370 1.02798100 -0.80829850 1.00000000

-0.81512730 -0.52476380 0.24533830 0.00000000
-0.02020633 0.44902060 0.89329300 0.00000000
-0.57892950 0.72318980 -0.37661270 0.00000000
0.28799090 1.00240000 -0.79906860 1.00000000

0.08186352 -0.58196430 -0.80908330 0.00000000
-0.81777080 -0.50326130 0.27924750 0.00000000
-0.56969230 0.63878450 -0.51711220 0.00000000
0.35065510 1.00278100 -0.79055590 1.00000000

-0.81046460 -0.31974850 0.49082400 0.00000000
0.14747960 0.69952160 0.69922770 0.00000000
-0.56691890 0.63908570 -0.51978120 0.00000000
0.30982920 0.97829670 -0.77589610 1.00000000

-0.04725274 -0.78532400 -0.61727890 0.00000000
-0.82773480 -0.31512460 0.46427580 0.00000000
-0.55912640 0.53288140 -0.63514970 0.00000000
0.36909880 0.97704510 -0.76822190 1.00000000

-0.83021770 -0.27837890 0.48295380 0.00000000
0.07603031 0.80173380 0.59282590 0.00000000
-0.55223040 0.52889320 -0.64444830 0.00000000
0.33024290 0.96225230 -0.74642770 1.00000000

-0.12697240 -0.83231660 -0.53956240 0.00000000
-0.80541520 -0.23098730 0.54584960 0.00000000
-0.57895130 0.50387940 -0.64103140 0.00000000
0.38541750 0.95464750 -0.74669520 1.00000000

-0.81562950 -0.20969800 0.53923590 0.00000000
0.15532280 0.81843470 0.55320870 0.00000000
-0.55733590 0.53496880 -0.63496860 0.00000000
0.35119970 0.94548810 -0.72303150 1.00000000

-0.10675240 0.67977500 -0.72561000 0.00000000
-0.76983300 -0.51836570 -0.37236320 0.00000000
-0.62925450 0.51884780 0.57865000 0.00000000
0.31254160 1.08892300 -0.74746910 1.00000000

-0.52581180 0.07987031 -0.84684280 0.00000000
-0.31081490 -0.94477680 0.10388050 0.00000000
-0.79178010 0.31783260 0.52159970 0.00000000
0.26651880 1.05923800 -0.77089900 1.00000000

0.53860880 0.72047190 -0.43683050 0.00000000
0.11145200 -0.57482560 -0.81065030 0.00000000
-0.83515200 0.38793760 -0.38990420 0.00000000
0.36853350 1.16065500 -0.58136150 1.00000000

0.27190580 0.49231940 -0.82685480 0.00000000
0.51337780 -0.80095600 -0.30807810 0.00000000
-0.81394730 -0.34072070 -0.47053050 0.00000000
0.13573380 1.41646800 -0.24781600 1.00000000

-0.00396812 0.78508060 -0.61938080 0.00000000
0.63289280 -0.47757840 -0.60939760 0.00000000
-0.77422920 -0.39441970 -0.49497690 0.00000000
0.17565160 1.37066500 -0.30294520 1.00000000

0.03716302 0.80386760 -0.59364630 0.00000000
0.63273000 -0.47873680 -0.60865720 0.00000000
-0.77348030 -0.35299820 -0.52642250 0.00000000
0.25157920 1.31321600 -0.37598410 1.00000000

0.94152530 -0.16269520 -0.29505990 0.00000000
-0.02777320 0.83524550 -0.54917540 0.00000000
0.33579570 0.52525720 0.78188630 0.00000000
-0.03283608 1.50715800 -0.15019720 1.00000000

0.99728080 0.05677363 -0.04698840 0.00000000
-0.05585546 0.99822580 0.02062872 0.00000000
0.04807615 -0.01794801 0.99868250 0.00000000
-0.03544665 1.58567100 -0.20181970 1.00000000

0.99734470 0.05562126 -0.04701218 0.00000000
-0.06375369 0.97884550 -0.19441440 0.00000000
0.03520402 0.19689540 0.97979220 0.00000000
-0.04579779 1.67778500 -0.31021550 1.00000000

0.99728080 0.05677363 -0.04698840 0.00000000
0.06863198 -0.94775890 0.31151710 0.00000000
-0.02684766 -0.31389500 -0.94907820 0.00000000
0.01892828 1.65276100 -0.29147100 1.00000000

0.99728080 0.05677363 -0.04698840 0.00000000
-0.06770706 0.95761600 -0.27997710 0.00000000
0.02910155 0.28239730 0.95885610 0.00000000
-0.10503420 1.64301800 -0.28468920 1.00000000

0.99728450 0.05679397 -0.04688600 0.00000000
0.06479751 -0.97923260 0.19210580 0.00000000
-0.03500178 -0.19462230 -0.98025380 0.00000000
-0.00441381 1.67639000 -0.27251190 1.00000000

0.99727890 0.05676267 -0.04704291 0.00000000
-0.06487827 0.97878150 -0.19436470 0.00000000
0.03501195 0.19688790 0.97980080 0.00000000
-0.08304068 1.67191500 -0.26880730 1.00000000

0.98101690 0.16942600 -0.09434497 0.00000000
0.18472630 -0.96448970 0.18877520 0.00000000
-0.05901137 -0.20261960 -0.97747790 0.00000000
-0.02620097 1.68414100 -0.31181710 1.00000000

0.99036960 0.13011210 -0.04731768 0.00000000
-0.13682390 0.97202000 -0.19093500 0.00000000
0.02115080 0.19557050 0.98046160 0.00000000
-0.06382513 1.68322100 -0.31066670 1.00000000

0.99852340 0.04464520 0.03094959 0.00000000
0.04169184 -0.99504450 0.09026629 0.00000000
0.03482610 -0.08884265 -0.99543670 0.00000000
0.03251717 1.69024700 -0.26995440 1.00000000

0.99206540 0.06648665 -0.10670480 0.00000000
-0.07851370 0.99051230 -0.11278670 0.00000000
0.09819362 0.12026960 0.98787310 0.00000000
-0.12105540 1.68348000 -0.26326600 1.00000000

0.98460060 0.16909790 -0.04435927 0.00000000
0.17453860 -0.96522580 0.19461700 0.00000000
-0.00990742 -0.19936250 -0.97987600 0.00000000
-0.00444093 1.67675500 -0.27264630 1.00000000

0.99721130 -0.05627650 -0.04901671 0.00000000
0.04387201 0.97337250 -0.22499150 0.00000000
0.06037325 0.22221370 0.97312700 0.00000000
-0.08304161 1.67192700 -0.26881180 1.00000000

0.99551130 0.09133992 -0.02478787 0.00000000
-0.09413593 0.98269990 -0.15949760 0.00000000
0.00979054 0.16111510 0.98688720 0.00000000
-0.03878824 1.63324600 -0.21525810 1.00000000

0.93313630 0.35946040 0.00670221 0.00000000
0.35933910 -0.93309350 0.01457199 0.00000000
0.01149186 -0.01118936 -0.99987150 0.00000000
-0.01982965 1.57497800 -0.32470070 1.00000000

0.99722190 0.07130893 -0.02153468 0.00000000
-0.07207596 0.99670390 -0.03723752 0.00000000
0.01880828 0.03868628 0.99907430 0.00000000
-0.03898533 1.59562100 -0.32810000 1.00000000

0.98509740 -0.16406040 -0.05164528 0.00000000
0.16276680 0.98625690 -0.02836051 0.00000000
0.05558842 0.01953190 0.99826280 0.00000000
-0.05656274 1.57362800 -0.32191790 1.00000000

0.99837070 0.03165022 -0.04747832 0.00000000
0.04332243 -0.96196690 0.26970980 0.00000000
-0.03713608 -0.27132730 -0.96177080 0.00000000
-0.01680876 1.59112800 -0.31123860 1.00000000

0.98809240 0.14716260 -0.04490906 0.00000000
-0.15381510 0.95202140 -0.26456850 0.00000000
0.00381979 0.26832570 0.96332070 0.00000000
-0.06549327 1.58629200 -0.30745050 1.00000000

0.98993960 0.13894520 0.02672079 0.00000000
0.11869040 -0.91827390 0.37773720 0.00000000
0.07702172 -0.37076550 -0.92552730 0.00000000
-0.02421374 1.61454100 -0.31848490 1.00000000

0.99434390 0.09566478 -0.04613599 0.00000000
-0.10600360 0.92087750 -0.37516400 0.00000000
0.00659558 0.37793270 0.92580970 0.00000000
-0.04162196 1.61515000 -0.32173890 1.00000000

0.99277650 0.04355741 -0.11179270 0.00000000
-0.08495902 0.91313890 -0.39869730 0.00000000
0.08471593 0.40531520 0.91024340 0.00000000
