MeshAnim
1
39
83
30
0.74514990 -0.01128481 -0.66680160 0.00000000
-0.09460116 0.98795740 -0.12243670 0.00000000
0.66015330 0.15431390 0.73510880 0.00000000
0.01237277 0.87907830 0.01275961 1.00000000

0.94813910 0.18350620 0.25953420 0.00000000
0.26708960 -0.90262820 -0.33752880 0.00000000
0.17232420 0.38934310 -0.90482950 0.00000000
0.11051170 0.84605120 -0.07575748 1.00000000

0.94813910 0.18350620 0.25953420 0.00000000
0.12568630 -0.96641550 0.22415200 0.00000000
0.29195110 -0.17990740 -0.93936040 0.00000000
0.21734760 0.48499990 -0.21076900 1.00000000

0.99321660 -0.01024081 -0.11582730 0.00000000
-0.01003530 -0.99994680 0.00235703 0.00000000
-0.11584540 -0.00117868 -0.99326660 0.00000000
0.26277670 0.14025880 -0.13297970 1.00000000

0.99305520 -0.01026981 -0.11720090 0.00000000
-0.00541191 -0.99911600 0.04169220 0.00000000
-0.11752550 -0.04076844 -0.99223280 0.00000000
0.24585810 0.03591275 -0.26883080 1.00000000

0.44440770 -0.28316200 -0.84989480 0.00000000
0.31209040 0.93823160 -0.14940230 0.00000000
0.83970310 -0.19884840 0.50532960 0.00000000
-0.08698896 0.84904170 0.10097710 1.00000000

0.44441460 -0.28313910 -0.84989880 0.00000000
-0.12105130 0.92105440 -0.37014230 0.00000000
0.88760480 0.26737800 0.37505570 0.00000000
-0.21182530 0.47375000 0.16073860 1.00000000

0.45439840 0.00000009 -0.89079860 0.00000000
-0.03108837 0.99939080 -0.01585820 0.00000000
0.89025590 0.03489944 0.45412160 0.00000000
-0.17065710 0.14497770 0.29179380 1.00000000

0.44544930 -0.00072159 -0.89530680 0.00000000
-0.12797690 0.98967950 -0.06447104 0.00000000
0.88611330 0.14329710 0.44075970 0.00000000
-0.28940000 0.03606915 0.23122230 1.00000000

0.71430720 -0.02373819 -0.69942960 0.00000000
0.02733584 0.99960830 -0.00600876 0.00000000
0.69929830 -0.01482739 0.71467630 0.00000000
-0.00364297 1.01301500 -0.00751470 1.00000000

0.72328290 -0.06754136 -0.68724090 0.00000000
0.01996863 0.99683480 -0.07695208 0.00000000
0.69026310 0.04193489 0.72234220 0.00000000
-0.00051151 1.18530200 -0.01012691 1.00000000

0.69231720 -0.21414840 -0.68908450 0.00000000
-0.23627540 0.83503060 -0.49688830 0.00000000
0.68181440 0.50681810 0.52750800 0.00000000
0.00323483 1.37232000 -0.02456396 1.00000000

0.07558837 0.99312050 -0.08943351 0.00000000
0.76080880 -0.11541740 -0.63863070 0.00000000
-0.64455940 -0.01976878 -0.76429880 0.00000000
0.04267442 1.45295800 -0.10185080 1.00000000

0.93133560 0.32021180 0.17343250 0.00000000
0.30007620 -0.40498770 -0.86367800 0.00000000
-0.20632190 0.85641680 -0.47326720 0.00000000
0.21301430 1.42711500 -0.24483100 1.00000000

0.93102540 0.32144100 0.17282340 0.00000000
-0.18747820 0.82753330 -0.52918890 0.00000000
-0.31312010 0.46028770 0.83071740 0.00000000
0.29749760 1.31309600 -0.48798880 1.00000000

0.89974650 0.43628780 -0.01045665 0.00000000
-0.40152760 0.81819840 -0.41149380 0.00000000
-0.17097400 0.37443890 0.91135280 0.00000000
0.25230780 1.51333300 -0.61597060 1.00000000

-0.81635300 -0.57173840 0.08175296 0.00000000
-0.17097400 0.37443880 0.91135280 0.00000000
-0.55166680 0.73000780 -0.40342660 0.00000000
0.14434120 1.60915500 -0.64816340 1.00000000

-0.36743810 0.90039340 -0.23298310 0.00000000
-0.91771890 -0.39166080 -0.06628850 0.00000000
-0.15093600 0.18945630 0.97021910 0.00000000
0.17871210 1.65846200 -0.62667170 1.00000000

-0.64622810 -0.76139320 0.05166912 0.00000000
0.74790820 -0.61841090 0.24125030 0.00000000
-0.15173350 0.19454650 0.96908660 0.00000000
0.13480510 1.63972400 -0.62984320 1.00000000

-0.44182500 0.79754250 -0.41075190 0.00000000
-0.88098910 -0.47212540 0.03092536 0.00000000
-0.16926210 0.37553160 0.91122260 0.00000000
0.18612870 1.64621300 -0.66254960 1.00000000

-0.52532950 -0.81539690 0.24322150 0.00000000
0.83399400 -0.43671510 0.33724560 0.00000000
-0.16877030 0.38001040 0.90945520 0.00000000
0.14266900 1.62195300 -0.66058390 1.00000000

-0.63733060 0.56333200 -0.52580180 0.00000000
-0.72266440 -0.67381660 0.15403830 0.00000000
-0.26751910 0.47815160 0.83654360 0.00000000
0.18881310 1.62933700 -0.69732490 1.00000000

-0.49382780 -0.81353400 0.30707790 0.00000000
0.82738630 -0.33095910 0.45376030 0.00000000
-0.26751920 0.47815160 0.83654360 0.00000000
0.15488940 1.59770600 -0.69009400 1.00000000

-0.77358170 0.37568110 -0.51032910 0.00000000
-0.59033000 -0.72001900 0.36480550 0.00000000
-0.23039600 0.58346930 0.77876910 0.00000000
0.19119550 1.61267500 -0.72816400 1.00000000

-0.13124620 -0.80822000 0.57406910 0.00000000
0.96344520 0.03243769 0.26593560 0.00000000
-0.23355570 0.58798710 0.77441790 0.00000000
0.16666470 1.58172300 -0.71219780 1.00000000

0.15198640 0.65665750 0.73871610 0.00000000
-0.92276230 0.36206170 -0.13199050 0.00000000
-0.35413330 -0.66159830 0.66096690 0.00000000
0.19218750 1.58761500 -0.57735000 1.00000000

-0.91664670 0.38756130 0.09775335 0.00000000
-0.29703210 -0.49686070 -0.81541500 0.00000000
-0.26745330 -0.77648290 0.57056370 0.00000000
0.13750790 1.61031200 -0.58392760 1.00000000

0.94903960 0.29154460 0.11969010 0.00000000
-0.18747820 0.82753330 -0.52918890 0.00000000
-0.25332970 0.47978200 0.84001990 0.00000000
0.27297130 1.42212400 -0.55764440 1.00000000

0.66597460 0.52822820 -0.52673820 0.00000000
-0.04738224 -0.67472850 -0.73654390 0.00000000
-0.74446830 0.51547740 -0.42432330 0.00000000
0.17818430 1.43744600 -0.20390620 1.00000000

0.59837820 0.78503290 -0.16020970 0.00000000
0.30007620 -0.40498770 -0.86367800 0.00000000
-0.74289870 0.46873060 -0.47790530 0.00000000
0.21301430 1.42711500 -0.24483100 1.00000000

0.63055990 0.76338050 -0.14015950 0.00000000
0.29878360 -0.40541810 -0.86392410 0.00000000
-0.71632610 0.50287850 -0.48372580 0.00000000
0.24886830 1.37846500 -0.34850180 1.00000000

0.97633140 -0.03252431 -0.21382080 0.00000000
-0.10170300 0.80346330 -0.58660320 0.00000000
0.19087590 0.59446540 0.78113840 0.00000000
-0.03220647 1.49757700 -0.09909760 1.00000000

0.99501320 0.06720179 -0.07370830 0.00000000
-0.07773799 0.98548490 -0.15091880 0.00000000
0.06249619 0.15589610 0.98579450 0.00000000
-0.04176661 1.57310300 -0.15423860 1.00000000

0.99501320 0.06720179 -0.07370830 0.00000000
-0.08934723 0.92899840 -0.35913680 0.00000000
0.04434022 0.36393140 0.93036970 0.00000000
-0.05541857 1.64148800 -0.27618250 1.00000000

0.99501320 0.06720179 -0.07370830 0.00000000
0.09460139 -0.87004240 0.48381520 0.00000000
-0.03161606 -0.48837520 -0.87206100 0.00000000
0.00973077 1.62561300 -0.25570990 1.00000000

0.99501320 0.06720179 -0.07370830 0.00000000
-0.09360294 0.88440000 -0.45724730 0.00000000
0.03445968 0.46186640 0.88627980 0.00000000
-0.11391010 1.61512700 -0.24528700 1.00000000

0.99501680 0.06723168 -0.07363138 0.00000000
0.08924506 -0.92983280 0.35699610 0.00000000
-0.04446337 -0.36178830 -0.93119930 0.00000000
-0.01375496 1.65082300 -0.24006000 1.00000000

0.99501120 0.06718585 -0.07374910 0.00000000
-0.08934736 0.92899750 -0.35913870 0.00000000
0.04438367 0.36393630 0.93036570 0.00000000
-0.09220307 1.64552500 -0.23424880 1.00000000

0.96263710 0.21288160 -0.16736630 0.00000000
0.25934480 -0.90258720 0.34362290 0.00000000
-0.07791176 -0.37418960 -0.92407360 0.00000000
-0.03639891 1.64659500 -0.27912260 1.00000000

0.97897240 0.18260020 -0.09094080 0.00000000
-0.20307500 0.91460650 -0.34965090 0.00000000
0.01932862 0.36076630 0.93245580 0.00000000
-0.07177246 1.64510400 -0.27774020 1.00000000

0.99413960 0.06815059 0.08391729 0.00000000
0.05436268 -0.98612800 0.15683370 0.00000000
0.09344152 -0.15135270 -0.98405370 0.00000000
0.02300861 1.66403400 -0.24050910 1.00000000

0.98302650 0.06583444 -0.17124500 0.00000000
-0.10506640 0.96719330 -0.23129710 0.00000000
0.15039970 0.24536330 0.95769360 0.00000000
-0.13029390 1.65517000 -0.23047530 1.00000000

0.97987710 0.17802120 -0.09027383 0.00000000
0.19866760 -0.91355270 0.35489830 0.00000000
-0.01929060 -0.36569120 -0.93053630 0.00000000
-0.01381618 1.65138100 -0.24037740 1.00000000

0.99742830 -0.04447667 -0.05620033 0.00000000
0.02083367 0.93021660 -0.36641940 0.00000000
0.06857544 0.36430620 0.92875100 0.00000000
-0.09220432 1.64553700 -0.23425530 1.00000000

0.99314250 0.08563205 -0.07959339 0.00000000
-0.10744630 0.93688540 -0.33271770 0.00000000
0.04607862 0.33898810 0.93966160 0.00000000
-0.04639147 1.61747100 -0.17621960 1.00000000

0.95602100 0.26090280 -0.13399120 0.00000000
0.28831790 -0.91981690 0.26610120 0.00000000
-0.05382079 -0.29303030 -0.95458710 0.00000000
-0.03436740 1.55556600 -0.27800320 1.00000000

0.99365410 0.08106822 -0.07797211 0.00000000
-0.10202010 0.94148520 -0.32124420 0.00000000
0.04736686 0.32716020 0.94378100 0.00000000
-0.04956204 1.55599400 -0.27962400 1.00000000

0.99499670 -0.09740869 -0.02220786 0.00000000
0.08652864 0.95130930 -0.29584420 0.00000000
0.04994455 0.29244240 0.95497820 0.00000000
-0.06679847 1.55423400 -0.27339960 1.00000000

0.99103780 0.10715100 -0.07976612 0.00000000
0.12967250 -0.91508560 0.38184240 0.00000000
-0.03207806 -0.38876360 -0.92077890 0.00000000
-0.02631252 1.56700900 -0.26330200 1.00000000

0.99579570 0.05654702 -0.07206503 0.00000000
-0.08010355 0.91916940 -0.38563070 0.00000000
0.04443380 0.38978200 0.91983450 0.00000000
-0.07670514 1.56329200 -0.25660580 1.00000000

0.98686350 0.14135460 -0.07822686 0.00000000
0.16120380 -0.89356210 0.41899930 0.00000000
-0.01067302 -0.42610560 -0.90461060 0.00000000
-0.03587913 1.57941500 -0.27479570 1.00000000

0.99436210 0.07505702 -0.07490143 0.00000000
-0.09981705 0.90092840 -0.42233230 0.00000000
0.03578177 0.42742770 0.90334120 0.00000000
-0.05111233 1.57758000 -0.27804780 1.00000000

0.99708930 0.01769709 -0.07415950 0.00000000
-0.04866253 0.89651240 -0.44033810 0.00000000
0.05869216 0.44266530 0.89476410 0.00000000
-0.06876241 1.57797600 -0.27087520 1.00000000

0.99498120 0.06760558 -0.07377005 0.00000000
0.09477206 -0.87324640 0.47797410 0.00000000
-0.03210574 -0.48256660 -0.87527080 0.00000000
-0.03631111 1.60964400 -0.27131950 1.00000000

0.99498120 0.06760558 -0.07377005 0.00000000
-0.09477204 0.87324640 -0.47797400 0.00000000
0.03210574 0.48256650 0.87527080 0.00000000
-0.05423371 1.60609800 -0.29245480 1.00000000

0.99498120 0.06760558 -0.07377005 0.00000000
-0.09477204 0.87324640 -0.47797400 0.00000000
0.03210574 0.48256650 0.87527080 0.00000000
-0.06918888 1.60678700 -0.26878360 1.00000000

0.99501320 0.06720179 -0.07370830 0.00000000
0.09698099 -0.47905990 0.87240840 0.00000000
0.02331679 -0.87520610 -0.48318820 0.00000000
-0.04074241 1.65305300 -0.06751923 1.00000000

0.99501320 0.06720179 -0.07370830 0.00000000
-0.08019990 0.97838040 -0.19062980 0.00000000
0.05930403 0.19559050 0.97889090 0.00000000
-0.05436923 1.71861000 -0.19170060 1.00000000

-0.05614973 -0.98468010 -0.16508230 0.00000000
0.84064970 0.04257849 -0.53990300 0.00000000
0.53866060 -0.16909180 0.82538020 0.00000000
-0.03310294 1.47671700 -0.03662883 1.00000000

0.67593200 -0.55768360 -0.48177280 0.00000000
0.73307170 0.44169680 0.51721370 0.00000000
-0.07564422 -0.70277510 0.70737890 0.00000000
-0.22132450 1.46718400 0.08425524 1.00000000

0.67580780 -0.55870500 -0.48076270 0.00000000
-0.19336210 -0.76379540 0.61581470 0.00000000
-0.71126310 -0.32321120 -0.62421120 0.00000000
-0.42771030 1.34283300 -0.06135556 1.00000000

0.76004090 -0.52651700 -0.38094310 0.00000000
-0.26519660 -0.78643110 0.55785020 0.00000000
-0.59330300 -0.32296440 -0.73735030 0.00000000
-0.38105130 1.52769500 -0.21024220 1.00000000

-0.70244350 0.65508030 0.27828600 0.00000000
-0.59330300 -0.32296440 -0.73735030 0.00000000
-0.39314740 -0.68305480 0.61552530 0.00000000
-0.28861500 1.61297900 -0.28807010 1.00000000

-0.30511700 -0.85967140 0.40971790 0.00000000
-0.76646450 0.47701980 0.43009820 0.00000000
-0.56518660 -0.18280390 -0.80445440 0.00000000
-0.30451720 1.66477900 -0.25433130 1.00000000

-0.67697260 0.68991090 0.25638100 0.00000000
0.49367200 0.68399510 -0.53706490 0.00000000
-0.54589030 -0.23701020 -0.80363570 0.00000000
-0.26784660 1.64195700 -0.27490890 1.00000000

-0.18462940 -0.85829670 0.47878890 0.00000000
-0.81224780 0.40753090 0.41733960 0.00000000
-0.55332240 -0.31184210 -0.77239170 0.00000000
-0.32821800 1.65461200 -0.28309210 1.00000000

-0.59510710 0.80313720 0.02860180 0.00000000
0.60657720 0.47223730 -0.63957490 0.00000000
-0.52717320 -0.36326660 -0.76819650 0.00000000
-0.28792270 1.63350900 -0.30339020 1.00000000

-0.27209120 -0.61920590 0.73658010 0.00000000
-0.68663290 0.66121480 0.30220940 0.00000000
-0.67416750 -0.42353170 -0.60507780 0.00000000
-0.34771110 1.63932100 -0.31288360 1.00000000

-0.55758180 0.82901130 -0.04292807 0.00000000
0.51032560 0.30153310 -0.80538540 0.00000000
-0.65472920 -0.47097560 -0.59119500 0.00000000
-0.31547840 1.60828300 -0.32707020 1.00000000

-0.34131960 -0.34394150 0.87476000 0.00000000
-0.59346990 0.80054460 0.08319736 0.00000000
-0.72889950 -0.49074700 -0.47736030 0.00000000
-0.36518180 1.62407500 -0.33927700 1.00000000

-0.35439620 0.82935510 -0.43194150 0.00000000
0.59714240 -0.15474920 -0.78706680 0.00000000
-0.71960030 -0.53686400 -0.44040050 0.00000000
-0.34015940 1.58971600 -0.34210900 1.00000000

-0.20151170 -0.63269760 -0.74772110 0.00000000
-0.88166620 -0.21537630 0.41985450 0.00000000
-0.42668240 0.74384610 -0.51442720 0.00000000
-0.30247490 1.59401800 -0.20312230 1.00000000

-0.85159130 -0.22985210 0.47112660 0.00000000
0.23996930 0.62810820 0.74019960 0.00000000
-0.46605480 0.74340330 -0.47973380 0.00000000
-0.24962890 1.60793900 -0.22682390 1.00000000

0.72450650 -0.53439930 -0.43532510 0.00000000
-0.19336210 -0.76379540 0.61581470 0.00000000
-0.66159000 -0.36198650 -0.65670700 0.00000000
-0.40236120 1.44351200 -0.14237100 1.00000000

0.80549450 -0.56130530 0.19003900 0.00000000
0.38945850 0.74311820 0.54414840 0.00000000
-0.44665500 -0.36429630 0.81718270 0.00000000
-0.22843820 1.47316400 0.08796992 1.00000000

0.53947460 -0.84070780 -0.04666477 0.00000000
0.73307170 0.44169680 0.51721370 0.00000000
-0.41421410 -0.31323230 0.85458330 0.00000000
-0.22132450 1.46718400 0.08425524 1.00000000

0.56034720 -0.82350590 -0.08859488 0.00000000
0.73213420 0.44245820 0.51789050 0.00000000
-0.38728650 -0.35506180 0.85084690 0.00000000
-0.30918060 1.41408900 0.02210841 1.00000000

0.75973360 0.00515539 -0.65021410 0.00000000
-0.00774011 0.99996940 -0.00111532 0.00000000
0.65018840 0.00588009 0.75975020 0.00000000
-0.05578697 0.97689130 -0.17896640 1.00000000

0.75984480 -0.01749613 -0.64986900 0.00000000
0.01178479 0.99984420 -0.01313925 0.00000000
0.64999770 0.00232523 0.75993270 0.00000000
-0.17036090 0.98489590 -0.09340538 1.00000000

0.71430720 -0.02373819 -0.69942960 0.00000000
0.04445674 -0.99586680 0.07920146 0.00000000
-0.69841890 -0.08766856 -0.71029960 0.00000000
-0.10518410 1.00829800 0.10682330 1.00000000

1.00000000 0.00000000 0.00000000 0.00000000
0.00000000 1.00000000 0.00000000 0.00000000
0.00000000 0.00000000 1.00000000 0.00000000
0.00000000 0.00000000 0.00000000 1.00000000

1.00000000 0.00000000 0.00000000 0.00000000
0.00000000 1.00000000 0.00000000 0.00000000
0.00000000 0.00000000 1.00000000 0.00000000
0.00000000 0.00000000 0.00000000 1.00000000

0.99501320 0.06720179 -0.07370830 0.00000000
-0.08019988 0.97838040 -0.19062980 0.00000000
0.05930403 0.19559050 0.97889090 0.00000000
-0.04107547 1.56011200 -0.15675050 1.00000000

0.74444470 -0.01282382 -0.66756100 0.00000000
-0.09495090 0.98762070 -0.12485860 0.00000000
0.66089830 0.15633590 0.73401130 0.00000000
0.01237277 0.85523030 0.01275961 1.00000000

0.95430140 0.19467230 0.22674170 0.00000000
0.27586280 -0.86562340 -0.41784700 0.00000000
0.11492950 0.46130160 -0.87976840 0.00000000
0.11042520 0.82199880 -0.07577696 1.00000000

0.95430140 0.19467230 0.22674170 0.00000000
0.11619590 -0.94072850 0.31863570 0.00000000
0.27533170 -0.27772800 -0.92035850 0.00000000
0.22077020 0.47574940 -0.24291580 1.00000000

0.99309550 -0.01031821 -0.11685490 0.00000000
-0.00981016 -0.99993990 0.00492126 0.00000000
-0.11689870 -0.00374087 -0.99313700 0.00000000
0.26278110 0.13994450 -0.13141900 1.00000000

0.99293260 -0.01035073 -0.11822810 0.00000000
-0.00514529 -0.99900740 0.04424930 0.00000000
-0.11856890 -0.04332818 -0.99200030 0.00000000
0.24574160 0.03524804 -0.26698520 1.00000000

0.47827960 -0.29323790 -0.82780440 0.00000000
0.38973160 0.91557500 -0.09915453 0.00000000
0.78699300 -0.27519800 0.55218490 0.00000000
-0.08688865 0.82539730 0.10115890 1.00000000

0.47829260 -0.29320450 -0.82780870 0.00000000
-0.20899120 0.87753680 -0.43156910 0.00000000
0.85297070 0.37942100 0.35844220 0.00000000
-0.24278140 0.45916810 0.14082130 1.00000000

0.45345320 -0.00217496 -0.89127740 0.00000000
-0.03132758 0.99934020 -0.01837711 0.00000000
0.89072940 0.03625472 0.45308580 0.00000000
-0.17020280 0.14565370 0.29380030 1.00000000

0.44449950 -0.00291013 -0.89577440 0.00000000
-0.12826540 0.98948340 -0.06686211 0.00000000
0.88654850 0.14461700 0.43945160 0.00000000
-0.28898560 0.03656465 0.23363310 1.00000000

0.71327250 -0.06777962 -0.69760190 0.00000000
0.02136731 0.99695330 -0.07501759 0.00000000
0.70056110 0.03860210 0.71254750 0.00000000
-0.00369429 0.98911080 -0.00783964 1.00000000

0.72254150 -0.15166500 -0.67448600 0.00000000
0.00803707 0.97741590 -0.21117210 0.00000000
0.69128080 0.14715970 0.70744240 0.00000000
-0.00159412 1.16082300 -0.02233888 1.00000000

0.69330500 -0.29750750 -0.65636680 0.00000000
-0.24792280 0.75674060 -0.60487840 0.00000000
0.67665540 0.58209350 0.45089310 0.00000000
-0.00008627 1.34419800 -0.06195720 1.00000000

0.06290305 0.97256070 -0.22398490 0.00000000
0.76067200 -0.19200800 -0.62008970 0.00000000
-0.64608190 -0.13137350 -0.75187740 0.00000000
0.03815356 1.41404200 -0.14965330 1.00000000

0.92765400 0.35208580 0.12447580 0.00000000
0.30307500 -0.51506230 -0.80178360 0.00000000
-0.21818390 0.78150290 -0.58450760 0.00000000
0.20846290 1.37105200 -0.28848210 1.00000000

0.92732680 0.35321690 0.12370650 0.00000000
-0.19911250 0.74551010 -0.63605750 0.00000000
-0.31689050 0.56520170 0.76166120 0.00000000
0.29379050 1.22604300 -0.51421430 1.00000000

0.89417180 0.44167310 -0.07336208 0.00000000
-0.41274660 0.74968300 -0.51731610 0.00000000
-0.17348630 0.49284950 0.85264430 0.00000000
0.24578570 1.40644400 -0.66805630 1.00000000

-0.80891480 -0.56514400 0.16207840 0.00000000
-0.17348630 0.49284950 0.85264430 0.00000000
-0.56174730 0.66159810 -0.49671780 0.00000000
0.13654820 1.49568100 -0.71254310 1.00000000

-0.37926570 0.85580710 -0.35178390 0.00000000
-0.91288590 -0.40812310 -0.00866586 0.00000000
-0.15098740 0.31785220 0.93604140 0.00000000
0.17034870 1.54786600 -0.69809740 1.00000000

-0.63649490 -0.75505420 0.15737720 0.00000000
0.75618500 -0.57073480 0.32007260 0.00000000
-0.15185140 0.32273080 0.93423020 0.00000000
0.12667280 1.52834000 -0.69851200 1.00000000

-0.45277950 0.72883350 -0.51360760 0.00000000
-0.87491730 -0.47416270 0.09843832 0.00000000
-0.17178820 0.49393500 0.85235980 0.00000000
0.17783290 1.53094000 -0.73200580 1.00000000

-0.51447150 -0.78102650 0.35400080 0.00000000
0.84021200 -0.37663900 0.39011200 0.00000000
-0.17135720 0.49813730 0.84999770 0.00000000
0.13468590 1.50664900 -0.72658190 1.00000000

-0.64560370 0.47879760 -0.59493630 0.00000000
-0.71378000 -0.65529640 0.24719400 0.00000000
-0.27150360 0.58424300 0.76481780 0.00000000
0.18064600 1.50952300 -0.76417330 1.00000000

-0.48284350 -0.77011170 0.41688180 0.00000000
0.83255540 -0.25610220 0.49118580 0.00000000
-0.27150370 0.58424310 0.76481780 0.00000000
0.14713920 1.47876200 -0.75256940 1.00000000

-0.77945140 0.29336040 -0.55353020 0.00000000
-0.58037380 -0.67078820 0.46174620 0.00000000
-0.23584340 0.68116310 0.69310520 0.00000000
0.18316370 1.48885100 -0.79246900 1.00000000

-0.11972130 -0.72413170 0.67919090 0.00000000
0.96359370 0.07998273 0.25512810 0.00000000
-0.23906980 0.68500820 0.68819280 0.00000000
0.15906160 1.46006400 -0.77234150 1.00000000

0.14549360 0.75284710 0.64191380 0.00000000
-0.92754650 0.32953540 -0.17625080 0.00000000
-0.34422330 -0.56976120 0.74624560 0.00000000
0.18482990 1.48455500 -0.63965310 1.00000000

-0.92120340 0.38612700 0.04786295 0.00000000
-0.29271620 -0.60673960 -0.73904290 0.00000000
-0.25632390 -0.69481890 0.67195590 0.00000000
0.12985420 1.50548300 -0.64903420 1.00000000

0.94621210 0.31516110 0.07319024 0.00000000
-0.19911250 0.74551010 -0.63605750 0.00000000
-0.25502460 0.58727210 0.76816290 0.00000000
0.26773150 1.32427500 -0.59795130 1.00000000

0.65695070 0.46023410 -0.59716020 0.00000000
-0.04020378 -0.76954750 -0.63732300 0.00000000
-0.75286120 0.44269780 -0.48705140 0.00000000
0.17360370 1.38643200 -0.24920130 1.00000000

0.58689170 0.76374970 -0.26878370 0.00000000
0.30307500 -0.51506230 -0.80178360 0.00000000
-0.75080250 0.38909840 -0.53375910 0.00000000
0.20846290 1.37105200 -0.28848210 1.00000000

0.61939250 0.74549440 -0.24615290 0.00000000
0.30178730 -0.51553770 -0.80196340 0.00000000
-0.72476040 0.42244440 -0.54430080 0.00000000
0.24467730 1.30918700 -0.38471770 1.00000000

0.96568860 -0.08423002 -0.24566390 0.00000000
-0.11317920 0.71489320 -0.69001310 0.00000000
0.23374320 0.69414190 0.68083110 0.00000000
-0.03727471 1.45771100 -0.15268960 1.00000000

0.98460200 0.09473497 -0.14691630 0.00000000
-0.14409150 0.91566370 -0.37523010 0.00000000
0.09897846 0.39062170 0.91521470 0.00000000
-0.04791362 1.52491100 -0.21755100 1.00000000

0.98460200 0.09473497 -0.14691630 0.00000000
-0.16198810 0.81038970 -0.56305270 0.00000000
0.06571865 0.57818160 0.81325720 0.00000000
-0.07135243 1.56129100 -0.35117480 1.00000000

0.98460200 0.09473497 -0.14691630 0.00000000
0.16949080 -0.72311330 0.66961210 0.00000000
-0.04280132 -0.68420240 -0.72803540 0.00000000
-0.00448734 1.55395300 -0.33149150 1.00000000

0.98460200 0.09473497 -0.14691630 0.00000000
-0.16807480 0.74408140 -0.64660190 0.00000000
0.04806179 0.66133830 0.74854620 0.00000000
-0.12662560 1.54032600 -0.31142050 1.00000000

0.98460980 0.09480417 -0.14681840 0.00000000
0.16183640 -0.81171880 0.56117870 0.00000000
-0.06597325 -0.57630260 -0.81456910 0.00000000
-0.02869006 1.58101300 -0.32086320 1.00000000

0.98459770 0.09469802 -0.14696830 0.00000000
-0.16198840 0.81038730 -0.56305610 0.00000000
0.06578082 0.57819090 0.81324550 0.00000000
-0.10631740 1.57354500 -0.30928040 1.00000000

0.93993390 0.21048490 -0.26873850 0.00000000
0.32702300 -0.78097570 0.53210290 0.00000000
-0.09787846 -0.58802530 -0.80289870 0.00000000
-0.05282139 1.56647200 -0.35638170 1.00000000

0.96121600 0.20039820 -0.18948510 0.00000000
-0.27267580 0.79360110 -0.54391650 0.00000000
0.04137561 0.57448920 0.81746570 0.00000000
-0.08805193 1.56389400 -0.35263360 1.00000000

0.99111210 0.13297930 0.00365329 0.00000000
0.12132660 -0.91484390 0.38514980 0.00000000
0.05455926 -0.38128350 -0.92284670 0.00000000
0.00714273 1.59549600 -0.32663510 1.00000000

0.96845580 0.06973864 -0.23922750 0.00000000
-0.17397480 0.87655050 -0.44876750 0.00000000
0.17839860 0.47623110 0.86103300 0.00000000
-0.14470620 1.58203700 -0.30562450 1.00000000

0.96204200 0.19749640 -0.18833590 0.00000000
0.26984290 -0.79145380 0.54843980 0.00000000
-0.04074425 -0.57844320 -0.81470480 0.00000000
-0.02879464 1.58145200 -0.32128090 1.00000000

0.99457410 -0.00923761 -0.10361830 0.00000000
-0.05284622 0.81309400 -0.57972870 0.00000000
0.08960670 0.58205900 0.80819420 0.00000000
-0.10631770 1.57354400 -0.30928240 1.00000000

0.98143680 0.11181620 -0.15581720 0.00000000
-0.17929810 0.82332210 -0.53851000 0.00000000
0.06807345 0.55645120 0.82808690 0.00000000
-0.05623241 1.56243900 -0.24910310 1.00000000

0.93127970 0.26690440 -0.24795230 0.00000000
0.35557640 -0.81404080 0.45924160 0.00000000
-0.07926968 -0.51584830 -0.85300440 0.00000000
-0.04516780 1.47855300 -0.33383210 1.00000000

0.98229840 0.10780520 -0.15319260 0.00000000
-0.17364540 0.83079780 -0.52879360 0.00000000
0.07026526 0.54603420 0.83481100 0.00000000
-0.06037348 1.47784900 -0.33460710 1.00000000

0.99703760 -0.05178906 -0.05687094 0.00000000
0.01491602 0.85551290 -0.51756670 0.00000000
0.07545799 0.51518510 0.85375070 0.00000000
-0.07719559 1.47681200 -0.32712580 1.00000000

0.97794210 0.13182900 -0.16201980 0.00000000
0.20241660 -0.78953700 0.57936040 0.00000000
-0.05154404 -0.59937640 -0.79880600 0.00000000
-0.03720684 1.49357000 -0.32277150 1.00000000

0.98610280 0.08483505 -0.14284470 0.00000000
-0.15341620 0.79494260 -0.58696680 0.00000000
0.06375799 0.60072420 0.79690990 0.00000000
-0.08689704 1.48915000 -0.31240210 1.00000000

0.97175070 0.16531140 -0.16844170 0.00000000
0.23444300 -0.75823090 0.60837700 0.00000000
-0.02714598 -0.63068090 -0.77556770 0.00000000
-0.04799844 1.50236000 -0.33629380 1.00000000

0.98342270 0.10203440 -0.14989570 0.00000000
-0.17368600 0.76751450 -0.61705340 0.00000000
0.05208650 0.63285910 0.77251290 0.00000000
-0.06326830 1.49908200 -0.33811920 1.00000000

0.98965670 0.04657530 -0.13568470 0.00000000
-0.12310300 0.76135030 -0.63654640 0.00000000
0.07365629 0.64666570 0.75920900 0.00000000
-0.08052331 1.50034400 -0.33018320 1.00000000

0.98454370 0.09510522 -0.14706780 0.00000000
0.16950430 -0.72872750 0.66349410 0.00000000
-0.04407057 -0.67816750 -0.73358480 0.00000000
-0.05013239 1.53241700 -0.34002780 1.00000000

0.98454370 0.09510522 -0.14706780 0.00000000
-0.16950430 0.72872750 -0.66349400 0.00000000
0.04407048 0.67816750 0.73358480 0.00000000
-0.06879110 1.52311800 -0.35862460 1.00000000

0.98454370 0.09510522 -0.14706780 0.00000000
-0.16950430 0.72872750 -0.66349400 0.00000000
0.04407048 0.67816750 0.73358480 0.00000000
-0.08263940 1.52875600 -0.33495000 1.00000000

0.98460200 0.09473497 -0.14691630 0.00000000
0.16641500 -0.25061750 0.95367540 0.00000000
0.05352668 -0.96343990 -0.26252380 0.00000000
-0.04766794 1.62328600 -0.15246960 1.00000000

0.98460200 0.09473497 -0.14691630 0.00000000
-0.14797340 0.89913160 -0.41190590 0.00000000
0.09307513 0.42730300 0.89930490 0.00000000
-0.07101958 1.65641400 -0.28760500 1.00000000

-0.04417905 -0.99859120 -0.02939075 0.00000000
0.83875880 -0.02109391 -0.54409460 0.00000000
0.54270810 -0.04868934 0.83850890 0.00000000
-0.03776027 1.44553500 -0.08796108 1.00000000

0.68172780 -0.60981660 -0.40419210 0.00000000
0.72870120 0.51680290 0.44934320 0.00000000
-0.06512937 -0.60086510 0.79669270 0.00000000
-0.22555840 1.45025800 0.03386153 1.00000000

0.68586860 -0.60835780 -0.39935580 0.00000000
-0.18250070 -0.67502620 0.71486600 0.00000000
-0.70446990 -0.41742160 -0.57400480 0.00000000
-0.43071380 1.30476200 -0.09264159 1.00000000

0.76933360 -0.56139760 -0.30489110 0.00000000
-0.25382240 -0.70657550 0.66054930 0.00000000
-0.58625940 -0.43079490 -0.68608730 0.00000000
-0.38668410 1.46815900 -0.26550330 1.00000000

-0.71357010 0.67556420 0.18555590 0.00000000
-0.58625920 -0.43079480 -0.68608740 0.00000000
-0.38355970 -0.59835540 0.70345800 0.00000000
-0.29544820 1.54344000 -0.35429440 1.00000000

-0.29220370 -0.80010720 0.52387580 0.00000000
-0.77507620 0.51902260 0.36037850 0.00000000
-0.56024460 -0.30073970 -0.77180400 0.00000000
-0.31226350 1.59911700 -0.32799340 1.00000000

-0.68861150 0.70746640 0.15907800 0.00000000
0.48386850 0.61170010 -0.62585500 0.00000000
-0.54007940 -0.35399830 -0.76354410 0.00000000
-0.27518090 1.57428500 -0.34523530 1.00000000

-0.17191920 -0.78729650 0.59212160 0.00000000
-0.81970330 0.44770350 0.35727910 0.00000000
-0.54637950 -0.42394110 -0.72231820 0.00000000
-0.33572870 1.58471200 -0.35508860 1.00000000

-0.60803720 0.78965390 -0.08208281 0.00000000
0.60041540 0.38973730 -0.69828810 0.00000000
-0.51941520 -0.47386900 -0.71109500 0.00000000
-0.29505030 1.56167900 -0.37228930 1.00000000

-0.26383750 -0.51652200 0.81461320 0.00000000
-0.69791750 0.68518290 0.20841220 0.00000000
-0.66580860 -0.51354600 -0.54126650 0.00000000
-0.35490160 1.56515800 -0.38250020 1.00000000

-0.57076280 0.80606640 -0.15648310 0.00000000
0.50732320 0.19633270 -0.83909300 0.00000000
-0.64564180 -0.55831060 -0.52099540 0.00000000
-0.32213930 1.53299400 -0.39228370 1.00000000

-0.33782200 -0.22605260 0.91366110 0.00000000
-0.60648880 0.79461120 -0.02764839 0.00000000
-0.71975540 -0.56346550 -0.40553540 0.00000000
-0.37206130 1.54614900 -0.40655170 1.00000000

-0.36668040 0.75628760 -0.54182510 0.00000000
0.60143660 -0.25163440 -0.75825750 0.00000000
-0.70980260 -0.60391180 -0.36258940 0.00000000
-0.34648190 1.51213800 -0.40463330 1.00000000

-0.18950460 -0.73259440 -0.65375360 0.00000000
-0.87908180 -0.17000260 0.44532510 0.00000000
-0.43738240 0.65909400 -0.61179400 0.00000000
-0.30920370 1.53610200 -0.26754940 1.00000000

-0.84890030 -0.17680750 0.49810420 0.00000000
0.22804900 0.72764220 0.64693960 0.00000000
-0.47682520 0.66277930 -0.57737460 0.00000000
-0.25653230 1.54749500 -0.29293040 1.00000000

0.73532090 -0.57636450 -0.35652080 0.00000000
-0.18250070 -0.67502620 0.71486600 0.00000000
-0.65268420 -0.46059080 -0.60154750 0.00000000
-0.40679680 1.39375900 -0.18671500 1.00000000

0.81292770 -0.52043430 0.26133630 0.00000000
0.38139710 0.81490240 0.43642950 0.00000000
-0.44009640 -0.25511280 0.86094860 0.00000000
-0.23273770 1.45660100 0.03675722 1.00000000

0.54987200 -0.83264370 0.06591886 0.00000000
0.72870120 0.51680290 0.44934320 0.00000000
-0.40821000 -0.19904610 0.89092390 0.00000000
-0.22555840 1.45025800 0.03386153 1.00000000

0.57042690 -0.82105500 0.02195415 0.00000000
0.72775600 0.51763780 0.44991390 0.00000000
-0.38076850 -0.24066570 0.89280200 0.00000000
-0.31288910 1.38814100 -0.02012810 1.00000000

0.75882670 0.01981727 -0.65099100 0.00000000
-0.01286042 0.99979800 0.01544479 0.00000000
0.65116560 -0.00334789 0.75892830 0.00000000
-0.05590282 0.95258650 -0.17915810 1.00000000

0.75892210 -0.03871367 -0.65002970 0.00000000
0.04256856 0.99904550 -0.00980033 0.00000000
0.64978860 -0.02023314 0.75984570 0.00000000
-0.17045450 0.96071330 -0.09357774 1.00000000

0.69059880 -0.07244079 -0.71960090 0.00000000
0.01503984 -0.99331780 0.11442900 0.00000000
-0.72308160 -0.08984721 -0.68489460 0.00000000
-0.10501530 0.99170360 0.10676120 1.00000000

1.00000000 0.00000000 0.00000000 0.00000000
0.00000000 1.00000000 0.00000000 0.00000000
0.00000000 0.00000000 1.00000000 0.00000000
0.00000000 0.00000000 0.00000000 1.00000000

1.00000000 0.00000000 0.00000000 0.00000000
0.00000000 1.00000000 0.00000000 0.00000000
0.00000000 0.00000000 1.00000000 0.00000000
0.00000000 0.00000000 0.00000000 1.00000000

0.98460200 0.09473497 -0.14691630 0.00000000
-0.14797330 0.89913150 -0.41190590 0.00000000
0.09307513 0.42730300 0.89930490 0.00000000
-0.04655720 1.51174400 -0.21694950 1.00000000

0.74326840 -0.01539339 -0.66881620 0.00000000
-0.09553932 0.98704560 -0.12889240 0.00000000
0.66213620 0.15969990 0.73216920 0.00000000
0.01237277 0.79752960 0.01275961 1.00000000

0.96457070 0.22351170 0.14016330 0.00000000
0.26343220 -0.78701370 -0.55786450 0.00000000
-0.01437885 0.57502330 -0.81801060 0.00000000
0.11028090 0.76395730 -0.07580803 1.00000000

0.96457070 0.22351170 0.14016330 0.00000000
0.13077700 -0.86648580 0.48176740 0.00000000
0.22913020 -0.44636850 -0.86501720 0.00000000
0.21565370 0.44915180 -0.29895380 1.00000000

0.99289100 -0.01045304 -0.11856650 0.00000000
-0.00942898 -0.99991320 0.00919413 0.00000000
-0.11865220 -0.00801079 -0.99290370 0.00000000
0.26275770 0.13942730 -0.12920930 1.00000000

0.99272570 -0.01049147 -0.11993930 0.00000000
-0.00469492 -0.99881170 0.04850946 0.00000000
-0.12030570 -0.04759345 -0.99159550 0.00000000
0.24551770 0.03414834 -0.26429820 1.00000000

0.54973950 -0.31628040 -0.77314500 0.00000000
0.49822390 0.86704830 -0.00043586 0.00000000
0.67049190 -0.38495970 0.63422920 0.00000000
-0.08672114 0.76803680 0.10146050 1.00000000

0.54976580 -0.31623150 -0.77314630 0.00000000
-0.33181930 0.76673480 -0.54955790 0.00000000
0.76658570 0.55867290 0.31659300 0.00000000
-0.28601080 0.42121840 0.10163550 1.00000000

0.45187800 -0.00580303 -0.89206090 0.00000000
-0.03173228 0.99924150 -0.02257446 0.00000000
0.89151530 0.03850806 0.45135120 0.00000000
-0.16947620 0.14678730 0.29674760 1.00000000

0.44291670 -0.00656055 -0.89653880 0.00000000
-0.12875190 0.98914300 -0.07084551 0.00000000
0.88726980 0.14680970 0.43726340 0.00000000
-0.28832450 0.03739977 0.23725540 1.00000000

0.71747650 -0.16187770 -0.67751230 0.00000000
0.00894138 0.97468320 -0.22341180 0.00000000
0.69652530 0.15423480 0.70075980 0.00000000
-0.00378054 0.93131530 -0.00838077 1.00000000

0.73479150 -0.32207660 -0.59694910 0.00000000
-0.01343216 0.87299350 -0.48754680 0.00000000
0.67816010 0.36626350 0.63714200 0.00000000
-0.00381274 1.09893500 -0.04842577 1.00000000

0.70894810 -0.45698440 -0.53717590 0.00000000
-0.25972950 0.53896190 -0.80128680 0.00000000
0.65569280 0.70759130 0.26340380 0.00000000
-0.00633277 1.26271800 -0.13989520 1.00000000

0.04061133 0.86562870 -0.49903680 0.00000000
0.77311020 -0.34362070 -0.53312830 0.00000000
-0.63297060 -0.36415950 -0.68318120 0.00000000
0.03119303 1.30485800 -0.24404520 1.00000000

0.91662570 0.39925130 0.01990309 0.00000000
0.32631870 -0.71856710 -0.61414810 0.00000000
-0.23089770 0.56943850 -0.78894000 0.00000000
0.20428710 1.22792400 -0.36340370 1.00000000

0.91627920 0.40009750 0.01883450 0.00000000
-0.21025760 0.52047720 -0.82758410 0.00000000
-0.34091710 0.75433800 0.56102600 0.00000000
0.29615880 1.02562100 -0.53630950 1.00000000

0.88333520 0.42595550 -0.19565520 0.00000000
-0.42540470 0.55320010 -0.71624080 0.00000000
-0.19685020 0.71591340 0.66986440 0.00000000
0.24545600 1.15159400 -0.73650040 1.00000000

-0.79604480 -0.51554650 0.31705670 0.00000000
-0.19685020 0.71591340 0.66986450 0.00000000
-0.57233140 0.47082930 -0.67138440 0.00000000
0.13452160 1.22074700 -0.80568530 1.00000000

-0.39675680 0.70407070 -0.58895560 0.00000000
-0.90187540 -0.41845590 0.10731260 0.00000000
-0.17089640 0.57374170 0.80100920 0.00000000
0.16678060 1.27581000 -0.80702600 1.00000000

-0.61873890 -0.69353280 0.36901850 0.00000000
0.76656750 -0.43023600 0.47673040 0.00000000
-0.17186300 0.57784910 0.79784320 0.00000000
0.12363150 1.25579000 -0.80189170 1.00000000

-0.46493020 0.53322600 -0.70676040 0.00000000
-0.86356600 -0.44911280 0.22924170 0.00000000
-0.19517750 0.71691570 0.66928180 0.00000000
0.17512470 1.24991200 -0.83444710 1.00000000

-0.49856900 -0.65728680 0.56515750 0.00000000
0.84467310 -0.22183690 0.48715130 0.00000000
-0.19482510 0.72025200 0.66579330 0.00000000
0.13255370 1.22706300 -0.82233120 1.00000000

-0.65020340 0.26497390 -0.71205690 0.00000000
-0.69969480 -0.57406990 0.42528950 0.00000000
-0.29607970 0.77474710 0.55866280 0.00000000
0.17889360 1.22009900 -0.85890760 1.00000000

-0.46802630 -0.62753550 0.62221430 0.00000000
0.83263960 -0.07724376 0.54840230 0.00000000
-0.29607970 0.77474710 0.55866290 0.00000000
0.14604800 1.19315000 -0.83894350 1.00000000

-0.77973430 0.09609009 -0.61869360 0.00000000
-0.56864260 -0.52223190 0.63554660 0.00000000
-0.26203180 0.84737280 0.46184300 0.00000000
0.18229920 1.19212300 -0.87988630 1.00000000

-0.10953880 -0.49644560 0.86112890 0.00000000
0.95792510 0.17850250 0.22475940 0.00000000
-0.26529430 0.84951680 0.45600480 0.00000000
0.15869640 1.16982500 -0.85231040 1.00000000

0.11794340 0.91169110 0.39358500 0.00000000
-0.93344660 0.23700410 -0.26927100 0.00000000
-0.33877320 -0.33563170 0.87896780 0.00000000
0.18215360 1.23283900 -0.73252250 1.00000000

-0.93138450 0.35693140 -0.07157663 0.00000000
-0.26765190 -0.80468800 -0.52994360 0.00000000
-0.24675030 -0.47442330 0.84500690 0.00000000
0.12677870 1.24853200 -0.74787290 1.00000000

0.93789330 0.34631980 -0.02047810 0.00000000
-0.21025760 0.52047720 -0.82758410 0.00000000
-0.27595040 0.78049110 0.56096830 0.00000000
0.26863020 1.09422800 -0.64528560 1.00000000

0.65010800 0.28405630 -0.70474950 0.00000000
-0.01137447 -0.92375310 -0.38282050 0.00000000
-0.75975700 0.25689070 -0.59730810 0.00000000
0.16855150 1.25314400 -0.33051550 1.00000000

0.56787670 0.66842450 -0.48033850 0.00000000
0.32631870 -0.71856710 -0.61414810 0.00000000
-0.75566720 0.19201670 -0.62617670 0.00000000
0.20428710 1.22792400 -0.36340370 1.00000000

0.60056110 0.65864760 -0.45333200 0.00000000
0.32504610 -0.71911070 -0.61418650 0.00000000
-0.73052860 0.22150250 -0.64596070 0.00000000
0.24329270 1.14163100 -0.43710610 1.00000000

0.94104530 -0.22223110 -0.25504320 0.00000000
-0.12289130 0.47784400 -0.86980620 0.00000000
0.31516890 0.84986970 0.42236270 0.00000000
-0.04529224 1.34356400 -0.26008930 1.00000000

0.97235300 0.07884181 -0.21980370 0.00000000
-0.22302430 0.59251770 -0.77406900 0.00000000
0.06920871 0.80168990 0.59372000 0.00000000
-0.05684409 1.38848200 -0.34185130 1.00000000

0.97235300 0.07884181 -0.21980370 0.00000000
-0.23268450 0.40649190 -0.88352820 0.00000000
0.01968969 0.91024630 0.41359900 0.00000000
-0.08383470 1.35137900 -0.47455880 1.00000000

0.97235300 0.07884181 -0.21980370 0.00000000
0.23318450 -0.27768880 0.93194120 0.00000000
0.01243891 -0.95743060 -0.28839620 0.00000000
-0.01653840 1.35973100 -0.45706310 1.00000000

0.97235300 0.07884181 -0.21980370 0.00000000
-0.23346630 0.30879750 -0.92202900 0.00000000
-0.00481959 0.94785460 0.31866710 0.00000000
-0.13693420 1.34919100 -0.42704090 1.00000000

0.97235570 0.07896419 -0.21974790 0.00000000
0.23263850 -0.40858600 0.88257400 0.00000000
-0.02009423 -0.90929760 -0.41566120 0.00000000
-0.04289376 1.38664800 -0.46014100 1.00000000

0.97235160 0.07877655 -0.21983340 0.00000000
-0.23268440 0.40648860 -0.88352970 0.00000000
0.01975827 0.91025340 0.41358010 0.00000000
-0.11955540 1.38043200 -0.44281180 1.00000000

0.91917530 0.11384130 -0.37703690 0.00000000
0.39064450 -0.38538750 0.83598640 0.00000000
-0.05013563 -0.91570570 -0.39871040 0.00000000
-0.06583399 1.35466800 -0.48260810 1.00000000

0.94077530 0.14555010 -0.30619780 0.00000000
-0.33901070 0.39402100 -0.85429450 0.00000000
-0.00369415 0.90750350 0.42002820 0.00000000
-0.10093310 1.35202900 -0.47669080 1.00000000

0.97637630 0.18493060 -0.11175850 0.00000000
0.20065740 -0.58412350 0.78647080 0.00000000
0.08016169 -0.79031680 -0.60743220 0.00000000
-0.00846162 1.39888000 -0.47404500 1.00000000

0.95849040 0.01158004 -0.28488990 0.00000000
-0.24958590 0.51715670 -0.81869140 0.00000000
0.13785230 0.85581240 0.49858000 0.00000000
-0.15852370 1.38690900 -0.44213290 1.00000000

0.94096090 0.14522570 -0.30578140 0.00000000
0.33847880 -0.39033510 0.85619530 0.00000000
0.00498429 -0.90914700 -0.41644590 0.00000000
-0.04302982 1.38679700 -0.46068960 1.00000000

0.99131420 0.01144997 -0.13101600 0.00000000
-0.12456510 0.40131110 -0.90743210 0.00000000
0.04218818 0.91587020 0.39925170 0.00000000
-0.11955310 1.38042600 -0.44280410 1.00000000

0.96776290 0.09101681 -0.23484240 0.00000000
-0.25094220 0.42810780 -0.86818870 0.00000000
0.02151808 0.89913270 0.43714700 0.00000000
-0.06845660 1.40450900 -0.38747300 1.00000000

0.90419170 0.17510060 -0.38958600 0.00000000
0.42558730 -0.44671470 0.78696980 0.00000000
-0.03623509 -0.87737440 -0.47843620 0.00000000
-0.05045138 1.29057100 -0.41959730 1.00000000

0.96897350 0.08893079 -0.23061150 0.00000000
-0.24593570 0.43983260 -0.86374930 0.00000000
0.02461644 0.89366570 0.44805750 0.00000000
-0.06549904 1.28843900 -0.41921360 1.00000000

0.99765770 0.00043825 -0.06840262 0.00000000
-0.06019193 0.48068410 -0.87482570 0.00000000
0.03249677 0.87689370 0.47958450 0.00000000
-0.08221055 1.29008600 -0.41144060 1.00000000

0.96249900 0.10283470 -0.25103940 0.00000000
0.27126020 -0.37744720 0.88541030 0.00000000
-0.00370328 -0.92030380 -0.39118760 0.00000000
-0.04386532 1.30961200 -0.41787680 1.00000000

0.97470740 0.07243875 -0.21141960 0.00000000
-0.22292940 0.38181970 -0.89694830 0.00000000
0.01575021 0.92139380 0.38831120 0.00000000
-0.09299257 1.30735600 -0.40439420 1.00000000

0.95334940 0.12829240 -0.27325080 0.00000000
0.30095590 -0.33358680 0.89338990 0.00000000
0.02346222 -0.93394910 -0.35663530 0.00000000
-0.05538956 1.30962700 -0.43344180 1.00000000

0.97054480 0.08356885 -0.22596310 0.00000000
-0.24091780 0.34165580 -0.90842160 0.00000000
0.00128588 0.93610230 0.35172550 0.00000000
-0.07037822 1.30479000 -0.43268540 1.00000000

0.98159550 0.04303366 -0.18605950 0.00000000
-0.18973980 0.33023160 -0.92463280 0.00000000
