MeshAnim
1
15
83
30
0.77101240 -0.00988551 -0.63674350 0.00000000
-0.01891703 0.99908270 -0.03841689 0.00000000
0.63653920 0.04166519 0.77011810 0.00000000
0.01237277 0.85903010 0.05810552 1.00000000

0.96987450 0.22551060 -0.09213316 0.00000000
0.16603340 -0.88868860 -0.42739380 0.00000000
-0.17825960 0.39922120 -0.89935870 0.00000000
0.11171420 0.82644860 -0.02922745 1.00000000

0.96987450 0.22551060 -0.09213316 0.00000000
0.23964830 -0.95114060 0.19467950 0.00000000
-0.04372945 -0.21089430 -0.97653030 0.00000000
0.17812760 0.47097320 -0.20018490 1.00000000

0.99132810 0.06231827 -0.11569330 0.00000000
0.06203500 -0.99805570 -0.00605075 0.00000000
-0.11584540 -0.00117872 -0.99326670 0.00000000
0.26341980 0.13160620 -0.13297920 1.00000000

0.99116870 0.06228922 -0.11706710 0.00000000
0.06660181 -0.99722430 0.03329101 0.00000000
-0.11466840 -0.04079388 -0.99256600 0.00000000
0.25401020 0.02745706 -0.26970630 1.00000000

0.47647540 -0.23612850 -0.84688520 0.00000000
0.36306980 0.93013310 -0.05506894 0.00000000
0.80071940 -0.28123950 0.52891670 0.00000000
-0.09264131 0.82906830 0.13954030 1.00000000

0.47647430 -0.23612830 -0.84688590 0.00000000
-0.20234750 0.90794710 -0.36699800 0.00000000
0.85558630 0.34623030 0.38483360 0.00000000
-0.23786940 0.45701590 0.16156840 1.00000000

0.44429870 -0.10249550 -0.88999630 0.00000000
0.05992606 0.99460910 -0.08462717 0.00000000
0.89387230 -0.01573430 0.44804550 0.00000000
-0.16766370 0.13273950 0.29148170 1.00000000

0.43529490 -0.10235310 -0.89445090 0.00000000
-0.00662600 0.99312530 -0.11686910 0.00000000
0.90026350 0.05679913 0.43162410 0.00000000
-0.29638490 0.03126675 0.23890780 1.00000000

0.78026320 -0.01236937 -0.62532900 0.00000000
-0.00303019 0.99971800 -0.02355596 0.00000000
0.62544400 0.02027470 0.78000560 0.00000000
0.00979238 0.99531050 0.05286524 1.00000000

0.80547560 -0.03618800 -0.59152310 0.00000000
-0.04353745 0.99182340 -0.11996230 0.00000000
0.59102760 0.12238010 0.79731400 0.00000000
0.00926959 1.16779100 0.04880116 1.00000000

0.71129160 -0.09696779 -0.69617640 0.00000000
-0.32024930 0.83695890 -0.44377940 0.00000000
0.62570320 0.53860670 0.56426800 0.00000000
0.00110146 1.35386900 0.02629483 1.00000000

-0.26314600 0.69816040 -0.66582730 0.00000000
0.48924890 -0.49825250 -0.71580720 0.00000000
-0.83149840 -0.51411710 -0.21046100 0.00000000
0.03213089 1.44296700 -0.04532810 1.00000000

0.10678200 0.07161447 -0.99170010 0.00000000
-0.12076310 -0.98908440 -0.08442876 0.00000000
-0.98692130 0.12877630 -0.09696800 0.00000000
0.14167340 1.33140900 -0.20559690 1.00000000

0.08524200 0.00763973 -0.99633100 0.00000000
-0.99557360 0.04037802 -0.08486742 0.00000000
0.03958142 0.99915520 0.01104768 0.00000000
0.10767400 1.05294300 -0.22936740 1.00000000

0.35014890 -0.86444280 0.36074180 0.00000000
-0.91256390 -0.40166770 -0.07674572 0.00000000
0.21124040 -0.30232760 -0.92950280 0.00000000
-0.13314250 1.06271200 -0.25006990 1.00000000

-0.18636430 0.92105860 -0.34193460 0.00000000
0.21124040 -0.30232760 -0.92950280 0.00000000
-0.95950280 -0.24545650 -0.13822180 0.00000000
-0.18560220 1.03946100 -0.28132600 1.00000000

-0.88911970 -0.43257830 0.14947250 0.00000000
-0.45233000 0.78078570 -0.43101190 0.00000000
0.06974053 -0.45083210 -0.88988020 0.00000000
-0.26138840 0.98650290 -0.31593630 1.00000000

-0.94997000 0.24404820 -0.19492810 0.00000000
0.30535100 0.85694020 -0.41522790 0.00000000
0.06570598 -0.45397580 -0.88858800 0.00000000
-0.28302960 1.02385900 -0.33655740 1.00000000

-0.81816380 -0.55746820 0.14084370 0.00000000
-0.55075640 0.68945630 -0.47044390 0.00000000
0.16515200 -0.46247090 -0.87111740 0.00000000
-0.27054480 0.99597670 -0.27962270 1.00000000

-0.91727560 0.25265730 -0.30784670 0.00000000
0.36325810 0.84764980 -0.38669580 0.00000000
0.16324470 -0.46653440 -0.86930810 0.00000000
-0.29718690 1.03082800 -0.30321850 1.00000000

-0.82808650 -0.53103070 0.17966430 0.00000000
-0.53836030 0.66391340 -0.51902540 0.00000000
0.15633700 -0.52652190 -0.83566330 0.00000000
-0.27975070 1.01180100 -0.24547350 1.00000000

-0.91443670 0.24262460 -0.32394300 0.00000000
0.37331560 0.81480560 -0.44353970 0.00000000
0.15633700 -0.52652190 -0.83566330 0.00000000
-0.30502270 1.04296700 -0.26983790 1.00000000

-0.89514520 -0.44552450 0.01492739 0.00000000
-0.33413030 0.64841360 -0.68404430 0.00000000
0.29507950 -0.61730670 -0.72928750 0.00000000
-0.28704040 1.02722300 -0.21475900 1.00000000

-0.94258990 -0.05494794 -0.32940080 0.00000000
0.16495050 0.78104300 -0.60229810 0.00000000
0.29037130 -0.62205490 -0.72713950 0.00000000
-0.30054810 1.05518100 -0.24392480 1.00000000

0.54685540 -0.17746200 -0.81820310 0.00000000
-0.67103020 -0.67732200 -0.30158490 0.00000000
-0.50066710 0.71396230 -0.48947940 0.00000000
-0.18838440 1.03192400 -0.33145860 1.00000000

-0.15794220 -0.59286650 -0.78966060 0.00000000
-0.98743330 0.09923715 0.12299340 0.00000000
0.00544494 0.79916300 -0.60108980 0.00000000
-0.22739050 0.99128700 -0.35083490 1.00000000

0.01182020 -0.84203960 -0.53928580 0.00000000
-0.99557360 0.04037802 -0.08486742 0.00000000
0.09323716 0.53790210 -0.83783530 0.00000000
-0.02341204 1.05826200 -0.24071600 1.00000000

-0.33862110 -0.32912630 -0.88148240 0.00000000
-0.03712596 -0.93142460 0.36203560 0.00000000
-0.94019000 0.15531880 0.30318110 0.00000000
0.14218160 1.33086900 -0.21080450 1.00000000

-0.31314820 0.11866610 -0.94226130 0.00000000
-0.12076310 -0.98908440 -0.08442876 0.00000000
-0.94199480 0.08735166 0.32406040 0.00000000
0.14167340 1.33140900 -0.20559690 1.00000000

-0.26214320 0.11252310 -0.95844630 0.00000000
-0.12092520 -0.98918080 -0.08305727 0.00000000
-0.95742250 0.09412740 0.27291380 0.00000000
0.12716240 1.21270700 -0.21556380 1.00000000

0.92877760 0.19874140 -0.31284850 0.00000000
-0.35038450 0.74601450 -0.56629780 0.00000000
0.12084270 0.63558190 0.76251740 0.00000000
-0.04693594 1.47941200 -0.04027208 1.00000000

0.99225080 0.11921340 0.03501773 0.00000000
-0.10433310 0.95246940 -0.28621090 0.00000000
-0.06747350 0.28033960 0.95752640 0.00000000
-0.07987209 1.54953800 -0.09350406 1.00000000

0.99225080 0.11921340 0.03501773 0.00000000
-0.08740520 0.87002400 -0.48519940 0.00000000
-0.08830851 0.47837890 0.87370200 0.00000000
-0.08148485 1.60131600 -0.22407820 1.00000000

0.99225080 0.11921340 0.03501773 0.00000000
0.07441391 -0.79587200 0.60087480 0.00000000
0.09950209 -0.59361280 -0.79857590 0.00000000
-0.01870507 1.59217500 -0.19423340 1.00000000

0.99225080 0.11921340 0.03501773 0.00000000
-0.07738610 0.81344290 -0.57647370 0.00000000
-0.09720835 0.56929680 0.81636490 0.00000000
-0.14205980 1.57540400 -0.19706200 1.00000000

0.99223710 0.11928790 0.03515452 0.00000000
0.08760872 -0.87112580 0.48318230 0.00000000
0.08826184 -0.47635160 -0.87481390 0.00000000
-0.04509943 1.61762100 -0.18485990 1.00000000

0.99225840 0.11917350 0.03494495 0.00000000
-0.08740449 0.87002050 -0.48520600 0.00000000
-0.08822656 0.47839530 0.87370120 0.00000000
-0.12332980 1.60822300 -0.18762090 1.00000000

0.96496800 0.24988100 -0.07997891 0.00000000
0.25659630 -0.83523240 0.48635920 0.00000000
0.05473095 -0.48984320 -0.87009100 0.00000000
-0.06250664 1.60719200 -0.22541490 1.00000000

0.97310260 0.23036930 0.00112471 0.00000000
-0.20063560 0.84988340 -0.48728170 0.00000000
-0.11321060 0.47394940 0.87324400 0.00000000
-0.09767052 1.60368900 -0.22799590 1.00000000

0.97181010 0.13961660 0.18998020 0.00000000
0.08046066 -0.95382540 0.28938480 0.00000000
0.22161070 -0.26594120 -0.93817080 0.00000000
-0.00922024 1.63293300 -0.18272630 1.00000000

0.99251900 0.10503730 -0.06223431 0.00000000
-0.12060810 0.92270430 -0.36615620 0.00000000
0.01896372 0.37092290 0.92847000 0.00000000
-0.16200280 1.61587700 -0.18961780 1.00000000

0.97413030 0.22597320 0.00248420 0.00000000
0.19556760 -0.84846380 0.49179520 0.00000000
0.11324030 -0.47858680 -0.87070730 0.00000000
-0.04514681 1.61813100 -0.18525240 1.00000000

0.99768600 0.01092939 0.06710348 0.00000000
0.02265126 0.87717060 -0.47964430 0.00000000
-0.06410345 0.48005460 0.87489330 0.00000000
-0.12333070 1.60823300 -0.18762890 1.00000000

0.99026630 0.13662100 0.02660096 0.00000000
-0.10898630 0.87998250 -0.46233400 0.00000000
-0.08657297 0.45493450 0.88630660 0.00000000
-0.08380271 1.59046900 -0.12147300 1.00000000

0.95203420 0.30116110 -0.05415681 0.00000000
0.29572360 -0.86009600 0.41567140 0.00000000
0.07860413 -0.41174880 -0.90790100 0.00000000
-0.05638465 1.51730400 -0.21220250 1.00000000

0.99078510 0.13233370 0.02885222 0.00000000
-0.10524410 0.88629560 -0.45100310 0.00000000
-0.08525461 0.44381070 0.89205590 0.00000000
-0.07126466 1.51658400 -0.21563080 1.00000000

0.99353360 -0.03743427 0.10718970 0.00000000
0.07803914 0.91087820 -0.40522940 0.00000000
-0.08246726 0.41097410 0.90790940 0.00000000
-0.08903848 1.51454200 -0.21128880 1.00000000

0.98719750 0.15778030 0.02337810 0.00000000
0.12391290 -0.85093000 0.51045470 0.00000000
0.10043280 -0.50102280 -0.85958690 0.00000000
-0.05075613 1.53095800 -0.19827930 1.00000000

0.99332010 0.10891330 0.03811672 0.00000000
-0.07450145 0.85758330 -0.50892080 0.00000000
-0.08811638 0.50268160 0.85996900 0.00000000
-0.10136140 1.52497700 -0.19709450 1.00000000

0.98127320 0.19158560 0.01994440 0.00000000
0.14955840 -0.82305510 0.54791700 0.00000000
0.12138830 -0.53467350 -0.83629500 0.00000000
-0.05939320 1.54122700 -0.21233200 1.00000000

0.99138710 0.12680460 0.03274226 0.00000000
-0.08864290 0.83374950 -0.54498100 0.00000000
-0.09640506 0.53738470 0.83780870 0.00000000
-0.07400372 1.53806100 -0.21707580 1.00000000

0.99667450 0.07025892 0.04127300 0.00000000
-0.03550161 0.83032300 -0.55615060 0.00000000
-0.07334453 0.55283600 0.83005610 0.00000000
-0.09240562 1.53824600 -0.21212970 1.00000000

0.99220810 0.11960350 0.03490052 0.00000000
0.07545638 -0.79975780 0.59556200 0.00000000
0.09914327 -0.58828800 -0.80255090 0.00000000
-0.06166250 1.57156800 -0.21290280 1.00000000

0.99220810 0.11960350 0.03490052 0.00000000
-0.07545644 0.79975780 -0.59556190 0.00000000
-0.09914321 0.58828790 0.80255100 0.00000000
-0.07664302 1.56432700 -0.23534460 1.00000000

0.99220810 0.11960350 0.03490052 0.00000000
-0.07545644 0.79975780 -0.59556190 0.00000000
-0.09914321 0.58828790 0.80255100 0.00000000
-0.09443171 1.56701100 -0.21387800 1.00000000

0.99225080 0.11921340 0.03501773 0.00000000
0.01038176 -0.36039360 0.93274250 0.00000000
0.12381550 -0.92515120 -0.35883860 0.00000000
-0.09333219 1.63951900 -0.01843368 1.00000000

0.99225080 0.11921340 0.03501773 0.00000000
-0.10152140 0.94036350 -0.32466910 0.00000000
-0.07163423 0.31859820 0.94517930 0.00000000
-0.09451083 1.68822100 -0.15083880 1.00000000

0.36080680 -0.78539880 0.50295870 0.00000000
0.60382370 -0.21428110 -0.76777650 0.00000000
0.71078520 0.58071730 0.39692820 0.00000000
-0.06685027 1.46375700 0.01161601 1.00000000

0.86736450 -0.38166010 0.31939730 0.00000000
0.49151940 0.75756250 -0.42954410 0.00000000
-0.07802388 0.52956100 0.84467600 0.00000000
-0.20204630 1.51173400 0.18352130 1.00000000

0.90181860 -0.31335550 0.29754260 0.00000000
-0.12040600 0.47907780 0.86947520 0.00000000
-0.41500060 -0.81993480 0.39431150 0.00000000
-0.34042770 1.29845700 0.30445200 1.00000000

0.99727140 -0.06637312 -0.03232086 0.00000000
0.06749871 0.64247930 0.76332460 0.00000000
-0.02989873 -0.76342350 0.64520630 0.00000000
-0.31145600 1.18261900 0.09406970 1.00000000

-0.99384190 -0.04620050 -0.10072000 0.00000000
-0.02989873 -0.76342350 0.64520630 0.00000000
-0.10670110 0.64424420 0.75734060 0.00000000
-0.26946410 1.10605300 -0.02205716 1.00000000

0.97749940 0.20991190 0.02078468 0.00000000
-0.14240550 0.58401070 0.79915730 0.00000000
0.15561410 -0.78413560 0.60076280 0.00000000
-0.31727340 1.12797500 -0.05946720 1.00000000

0.29321640 0.62007770 0.72768670 0.00000000
-0.94414050 0.06806108 0.32243880 0.00000000
0.15041000 -0.78158270 0.60539700 0.00000000
-0.31045980 1.10003400 -0.09770171 1.00000000

0.22994240 0.67916450 0.69703810 0.00000000
-0.97153210 0.11822330 0.20530240 0.00000000
0.05702776 -0.72440270 0.68701460 0.00000000
-0.32024490 1.09752400 -0.03588375 1.00000000

-0.94991920 0.17047300 0.26190250 0.00000000
-0.30658500 -0.67063860 -0.67546280 0.00000000
0.06049371 -0.72193040 0.68931670 0.00000000
-0.27164310 1.09231100 -0.04546840 1.00000000

0.07125375 0.65276510 0.75420220 0.00000000
-0.99214170 -0.03158323 0.12106910 0.00000000
0.10284970 -0.75690190 0.64538500 0.00000000
-0.31678420 1.06822000 -0.01077085 1.00000000

-0.93145220 0.16233850 0.32564330 0.00000000
-0.33601430 -0.72714990 -0.59862130 0.00000000
0.13961220 -0.66700810 0.73185340 0.00000000
-0.27021050 1.06970300 -0.01645474 1.00000000

0.11192680 0.65247080 0.74950290 0.00000000
-0.96544340 -0.10723660 0.23752790 0.00000000
0.23535400 -0.75018840 0.61792100 0.00000000
-0.31290460 1.04259200 0.01294490 1.00000000

-0.92962540 0.05835779 0.36385640 0.00000000
-0.24490200 -0.83562620 -0.49168300 0.00000000
0.27535440 -0.54619000 0.79111110 0.00000000
-0.27170070 1.04770000 0.00341143 1.00000000

0.03604873 -0.98530100 -0.16698120 0.00000000
-0.93633740 -0.09169420 0.33891670 0.00000000
-0.34924600 0.14413360 -0.92587970 0.00000000
-0.29288780 1.16920800 0.00935679 1.00000000

-0.98449370 -0.15119060 -0.08895865 0.00000000
-0.17406370 0.77900220 0.60237650 0.00000000
-0.02177462 0.60852040 -0.79323990 0.00000000
-0.24345490 1.17541600 -0.01109882 1.00000000

0.97074340 -0.12647010 0.20411420 0.00000000
-0.12040600 0.47907780 0.86947520 0.00000000
-0.20774920 -0.86861380 0.44983390 0.00000000
-0.32472460 1.23542000 0.18989990 1.00000000

0.98435160 0.04050719 0.17149660 0.00000000
0.05195545 0.86324230 -0.50210930 0.00000000
-0.16838230 0.50316220 0.84762930 0.00000000
-0.20276080 1.51230100 0.18360370 1.00000000

0.85608630 -0.32982580 0.39790930 0.00000000
0.49151940 0.75756250 -0.42954410 0.00000000
-0.15976660 0.56330680 0.81065420 0.00000000
-0.20204630 1.51173400 0.18352130 1.00000000

0.86357300 -0.35602110 0.35705880 0.00000000
0.49031700 0.75809780 -0.42997350 0.00000000
-0.11760600 0.54638530 0.82923590 0.00000000
-0.26088440 1.42076200 0.23511820 1.00000000

0.77311930 0.01533569 -0.63407530 0.00000000
0.08416878 0.98838540 0.12653080 0.00000000
0.62865110 -0.15119280 0.76284890 0.00000000
-0.04144391 0.98374020 -0.12223630 1.00000000

0.77022430 -0.01803853 -0.63751790 0.00000000
0.10542140 0.98945050 0.09936965 0.00000000
0.62899980 -0.14374500 0.76400040 0.00000000
-0.15674240 0.99340560 -0.03782789 1.00000000

0.77671380 -0.00824634 -0.62979970 0.00000000
-0.08365932 -0.99240560 -0.09018049 0.00000000
-0.62427300 0.12273310 -0.77150500 0.00000000
-0.10130090 0.98902980 0.15675380 1.00000000

1.00000000 0.00000000 0.00000000 0.00000000
0.00000000 1.00000000 0.00000000 0.00000000
0.00000000 0.00000000 1.00000000 0.00000000
0.00000000 0.00000000 0.00000000 1.00000000

1.00000000 0.00000000 0.00000000 0.00000000
0.00000000 1.00000000 0.00000000 0.00000000
0.00000000 0.00000000 1.00000000 0.00000000
0.00000000 0.00000000 0.00000000 1.00000000

0.99225080 0.11921340 0.03501773 0.00000000
-0.10152140 0.94036350 -0.32466910 0.00000000
-0.07163423 0.31859820 0.94517930 0.00000000
-0.07826968 1.53640400 -0.09420196 1.00000000

0.76681510 -0.00960750 -0.64179620 0.00000000
-0.02574663 0.99862280 -0.04571106 0.00000000
0.64135160 0.05157602 0.76551170 0.00000000
0.01059728 0.86255520 0.05472848 1.00000000

0.96998010 0.22154720 -0.10027680 0.00000000
0.16132690 -0.89477430 -0.41635610 0.00000000
-0.18196770 0.38767980 -0.90365480 0.00000000
0.10956880 0.82997160 -0.03302265 1.00000000

0.96998010 0.22154720 -0.10027680 0.00000000
0.23688590 -0.95402870 0.18361400 0.00000000
-0.05498785 -0.20185610 -0.97787030 0.00000000
0.17409960 0.47206180 -0.19956510 1.00000000

0.99146940 0.06635407 -0.11218620 0.00000000
0.06590019 -0.99779600 -0.00775250 0.00000000
-0.11245330 0.00029329 -0.99365700 0.00000000
0.25838260 0.13168580 -0.13630510 1.00000000

0.99132510 0.06632896 -0.11346900 0.00000000
0.07003439 -0.99712320 0.02898349 0.00000000
-0.11122000 -0.03667880 -0.99311870 0.00000000
0.24984050 0.02776533 -0.27326300 1.00000000

0.47457000 -0.22812240 -0.85014320 0.00000000
0.34646050 0.93628010 -0.05783351 0.00000000
0.80916540 -0.26709490 0.52336590 0.00000000
-0.09367421 0.83251760 0.13708430 1.00000000

0.47456910 -0.22812230 -0.85014380 0.00000000
-0.19624780 0.91410050 -0.35483390 0.00000000
0.85806250 0.33523200 0.38903530 0.00000000
-0.23225860 0.45800640 0.16021830 1.00000000

0.45198240 -0.09783537 -0.88664540 0.00000000
0.05710543 0.99510170 -0.08069236 0.00000000
0.89019720 -0.01416072 0.45535540 0.00000000
-0.16423180 0.13156180 0.28578810 1.00000000

0.44361450 -0.09771620 -0.89087460 0.00000000
-0.00473199 0.99376900 -0.11135860 0.00000000
0.89620530 0.05361591 0.44038800 0.00000000
-0.29215550 0.02982217 0.23180260 1.00000000

0.77466780 -0.01235308 -0.63224780 0.00000000
-0.00136851 0.99977400 -0.02121074 0.00000000
0.63236700 0.01729651 0.77447590 0.00000000
0.00708530 0.99877290 0.04849324 1.00000000

0.79750830 -0.03776027 -0.60212520 0.00000000
-0.03169075 0.99403950 -0.10431190 0.00000000
0.60247510 0.10227140 0.79155810 0.00000000
0.00684919 1.17126300 0.04483377 1.00000000

0.70656290 -0.08950491 -0.70196700 0.00000000
-0.30131610 0.85949900 -0.41288010 0.00000000
0.64029480 0.50323980 0.58032080 0.00000000
0.00090364 1.35775600 0.02526364 1.00000000

-0.22901230 0.73020790 -0.64370010 0.00000000
0.51592670 -0.46970190 -0.71637960 0.00000000
-0.82545320 -0.49616180 -0.26916620 0.00000000
0.03385312 1.44854600 -0.04331325 1.00000000

0.10304670 0.13930330 -0.98487370 0.00000000
-0.08724840 -0.98506230 -0.14845890 0.00000000
-0.99084270 0.10122670 -0.08935329 0.00000000
0.14936880 1.34338000 -0.20371020 1.00000000

0.14401560 0.04528329 -0.98853870 0.00000000
-0.98861810 -0.03734637 -0.14573790 0.00000000
-0.04351780 0.99827580 0.03938943 0.00000000
0.12480510 1.06604700 -0.24550770 1.00000000

0.51228730 -0.78754530 0.34254080 0.00000000
-0.80781810 -0.57727490 -0.11909560 0.00000000
0.29153340 -0.21569950 -0.93192390 0.00000000
-0.11431870 1.05702100 -0.28093340 1.00000000

-0.36422840 0.87582340 -0.31665610 0.00000000
0.29153340 -0.21569950 -0.93192390 0.00000000
-0.88450310 -0.43174900 -0.17676770 0.00000000
-0.16254010 1.02528400 -0.31387170 1.00000000

-0.79450460 -0.60242740 0.07644352 0.00000000
-0.57704910 0.70976530 -0.40403880 0.00000000
0.18914720 -0.36512230 -0.91154210 0.00000000
-0.22243150 0.95873510 -0.35335430 1.00000000

-0.95207190 0.16159490 -0.25970350 0.00000000
0.24294580 0.91536310 -0.32107280 0.00000000
0.18583940 -0.36877830 -0.91075040 0.00000000
-0.25003970 0.99269280 -0.37268500 1.00000000

-0.69826330 -0.71159800 0.07782724 0.00000000
-0.65893060 0.59645740 -0.45831130 0.00000000
0.27971270 -0.37130460 -0.88537780 0.00000000
-0.23422220 0.96469060 -0.31705310 1.00000000

-0.92320020 0.14898380 -0.35426740 0.00000000
0.26476320 0.91471490 -0.30528250 0.00000000
0.27857150 -0.37563380 -0.88391040 0.00000000
-0.26636180 0.99506060 -0.33998500 1.00000000

-0.72316800 -0.68105440 0.11486250 0.00000000
-0.63336340 0.58759990 -0.50356500 0.00000000
0.27546210 -0.43691170 -0.85628800 0.00000000
-0.24732070 0.97693140 -0.28270290 1.00000000

-0.91878550 0.14234900 -0.36819890 0.00000000
0.28276200 0.88816970 -0.36221640 0.00000000
0.27546190 -0.43691170 -0.85628800 0.00000000
-0.27705230 1.00451500 -0.30634160 1.00000000

-0.81250800 -0.58209230 -0.03161216 0.00000000
-0.42334520 0.62646500 -0.65446210 0.00000000
0.40076130 -0.51837270 -0.75543370 0.00000000
-0.25837840 0.98930640 -0.25173630 1.00000000

-0.90749720 -0.10087490 -0.40776630 0.00000000
0.13744010 0.84600030 -0.51516440 0.00000000
0.39693750 -0.52355350 -0.75387820 0.00000000
-0.27574930 1.01644100 -0.27960570 1.00000000

0.55807050 -0.06931418 -0.82689370 0.00000000
-0.58163650 -0.74340220 -0.33023100 0.00000000
-0.59182470 0.66524360 -0.45518630 0.00000000
-0.16002740 1.01876200 -0.36502080 1.00000000

-0.11573140 -0.59521860 -0.79518620 0.00000000
-0.98281070 -0.04731171 0.17845250 0.00000000
-0.14383980 0.80216990 -0.57951150 0.00000000
-0.19369110 0.97437790 -0.38611780 1.00000000

0.12099020 -0.77310920 -0.62262630 0.00000000
-0.98861810 -0.03734637 -0.14573790 0.00000000
0.08941850 0.63317260 -0.76882840 0.00000000
-0.00535479 1.06113700 -0.26487050 1.00000000

-0.28490910 -0.29143690 -0.91317650 0.00000000
-0.02505900 -0.95006970 0.31102960 0.00000000
-0.95822710 0.11149840 0.26338050 0.00000000
0.14950970 1.34362700 -0.20807600 1.00000000

-0.26922950 0.16679780 -0.94852210 0.00000000
-0.08724840 -0.98506230 -0.14845890 0.00000000
-0.95911590 0.04278753 0.27976070 0.00000000
0.14936880 1.34338000 -0.20371020 1.00000000

-0.22013530 0.16311440 -0.96173500 0.00000000
-0.08740538 -0.98525260 -0.14709660 0.00000000
-0.97154560 0.05167963 0.23114600 0.00000000
0.13888010 1.22515000 -0.22136180 1.00000000

0.93165160 0.19255330 -0.30813730 0.00000000
-0.33632020 0.77796420 -0.53071670 0.00000000
0.13752860 0.59807570 0.78955140 0.00000000
-0.04429378 1.48668100 -0.03666836 1.00000000

0.99261440 0.11759490 0.02980402 0.00000000
-0.10520150 0.95674590 -0.27123730 0.00000000
-0.06041110 0.26609860 0.96205100 0.00000000
-0.07590788 1.55981000 -0.08655575 1.00000000

0.99261440 0.11759490 0.02980402 0.00000000
-0.08977029 0.87725970 -0.47154720 0.00000000
-0.08159754 0.46538890 0.88133700 0.00000000
-0.07847004 1.61438900 -0.21657180 1.00000000

0.99261440 0.11759490 0.02980402 0.00000000
0.07832964 -0.80887200 0.58274390 0.00000000
0.09263530 -0.57610540 -0.81210920 0.00000000
-0.01535135 1.60338500 -0.18670680 1.00000000

0.99261440 0.11759490 0.02980402 0.00000000
-0.08094801 0.82502420 -0.55926950 0.00000000
-0.09035620 0.55272630 0.82845000 0.00000000
-0.13875260 1.58689500 -0.18899570 1.00000000

0.99527130 0.09078714 -0.03453425 0.00000000
0.09697333 -0.90829840 0.40692780 0.00000000
0.00557631 -0.40835250 -0.91280730 0.00000000
-0.04169630 1.62921100 -0.17712900 1.00000000

0.99266590 0.11729900 0.02925003 0.00000000
-0.08949107 0.87567010 -0.47454520 0.00000000
-0.08127704 0.46844720 0.87974500 0.00000000
-0.11995530 1.61994000 -0.17947890 1.00000000

0.96748110 0.24140350 -0.07552847 0.00000000
0.24792510 -0.84584440 0.47231360 0.00000000
0.05013290 -0.47568000 -0.87818880 0.00000000
-0.05938649 1.62012900 -0.21788450 1.00000000

0.97506890 0.22190230 -0.00014859 0.00000000
-0.19556140 0.85900680 -0.47314160 0.00000000
-0.10486350 0.46137460 0.88098650 0.00000000
-0.09499294 1.61661800 -0.22018030 1.00000000

0.97533050 0.13464710 0.17493020 0.00000000
0.08008923 -0.95427960 0.28798620 0.00000000
0.20570900 -0.26687170 -0.94152190 0.00000000
-0.00582108 1.64476500 -0.17508020 1.00000000

0.99251230 0.10573050 -0.06115881 0.00000000
-0.12072800 0.92521050 -0.35973620 0.00000000
0.01854956 0.36442610 0.93104760 0.00000000
-0.15866000 1.62791000 -0.18103760 1.00000000

0.97439340 0.22484790 -0.00100583 0.00000000
0.19756380 -0.85400320 0.48129730 0.00000000
0.10735970 -0.46917150 -0.87655690 0.00000000
-0.04174225 1.62969100 -0.17749290 1.00000000

0.99814520 0.00883851 0.06023279 0.00000000
0.02061616 0.88186840 -0.47104450 0.00000000
-0.05728075 0.47141270 0.88005060 0.00000000
-0.11995630 1.61995000 -0.17948670 1.00000000

0.99075470 0.13386570 0.02202082 0.00000000
-0.10979410 0.88653210 -0.44945070 0.00000000
-0.07968834 0.44287770 0.89303360 0.00000000
-0.07999279 1.60118900 -0.11377250 1.00000000

0.95602580 0.28880860 -0.05103207 0.00000000
0.28434070 -0.87009880 0.40259020 0.00000000
0.07186848 -0.39939720 -0.91395700 0.00000000
-0.05351192 1.52974300 -0.20591750 1.00000000

0.99124370 0.12983450 0.02406320 0.00000000
-0.10649850 0.89381430 -0.43560740 0.00000000
-0.07806498 0.42923030 0.89981510 0.00000000
-0.06831140 1.52905300 -0.20920660 1.00000000

0.99503180 -0.02958784 0.09506014 0.00000000
0.06494284 0.91660430 -0.39448550 0.00000000
-0.07546055 0.39869910 0.91397210 0.00000000
-0.08594909 1.52702800 -0.20481600 1.00000000

0.98791540 0.15376130 0.01951298 0.00000000
0.12388320 -0.85899160 0.49677630 0.00000000
0.09314641 -0.48835560 -0.86765930 0.00000000
-0.04748707 1.54265600 -0.19176870 1.00000000

0.99362470 0.10793880 0.03254583 0.00000000
-0.07774332 0.86508490 -0.49556430 0.00000000
-0.08164555 0.48987470 0.86796120 0.00000000
-0.09822854 1.53674800 -0.19033670 1.00000000

0.98252220 0.18538430 0.01681942 0.00000000
0.14786310 -0.83215360 0.53446890 0.00000000
0.11307850 -0.52264030 -0.84502080 0.00000000
-0.05634238 1.55283200 -0.20552270 1.00000000

0.99174380 0.12522020 0.02764827 0.00000000
-0.09147115 0.84188240 -0.53185260 0.00000000
-0.08987516 0.52493250 0.84638550 0.00000000
-0.07089499 1.54984400 -0.21022720 1.00000000

0.99680530 0.07182401 0.03493270 0.00000000
-0.04142804 0.83890580 -0.54269750 0.00000000
-0.06828392 0.53951670 0.83920140 0.00000000
-0.08912470 1.54987400 -0.20511450 1.00000000

0.99257410 0.11796080 0.02970037 0.00000000
0.07946569 -0.81365780 0.57588730 0.00000000
0.09209806 -0.56925060 -0.81698950 0.00000000
-0.05841763 1.58304000 -0.20557800 1.00000000

0.99257410 0.11796080 0.02970037 0.00000000
-0.07946564 0.81365790 -0.57588710 0.00000000
-0.09209806 0.56925030 0.81698960 0.00000000
-0.07363104 1.57645600 -0.22806050 1.00000000

0.99257410 0.11796080 0.02970037 0.00000000
-0.07946564 0.81365790 -0.57588710 0.00000000
-0.09209806 0.56925030 0.81698960 0.00000000
-0.09126167 1.57857600 -0.20640570 1.00000000

0.99261440 0.11759490 0.02980402 0.00000000
0.01650178 -0.37427820 0.92716970 0.00000000
0.12018540 -0.91983000 -0.37345440 0.00000000
-0.08873271 1.64867600 -0.01005927 1.00000000

0.99261440 0.11759490 0.02980402 0.00000000
-0.10267450 0.94521210 -0.30989060 0.00000000
-0.06461275 0.30454160 0.95030490 0.00000000
-0.09078305 1.69934800 -0.14171200 1.00000000

0.35966090 -0.81341580 0.45716400 0.00000000
0.59205190 -0.17974780 -0.78559890 0.00000000
0.72119270 0.55321400 0.41693590 0.00000000
-0.06382972 1.46904000 0.01677271 1.00000000

0.87118580 -0.44517130 0.20702150 0.00000000
0.48944690 0.75450990 -0.43721480 0.00000000
0.03843543 0.48222120 0.87520590 0.00000000
-0.19639010 1.50928500 0.19266850 1.00000000

0.91307570 -0.34927570 0.21047460 0.00000000
0.00279221 0.52147750 0.85326050 0.00000000
-0.40778090 -0.77850370 0.47712370 0.00000000
-0.33418780 1.29686700 0.31575900 1.00000000

0.97356280 -0.21455480 -0.07837182 0.00000000
0.20080810 0.64039670 0.74132860 0.00000000
-0.10886660 -0.73746770 0.66655080 0.00000000
-0.33502060 1.17077900 0.10931410 1.00000000

-0.99364220 0.10009150 -0.05154917 0.00000000
-0.10886660 -0.73746770 0.66655080 0.00000000
0.02870005 0.66792490 0.74367530 0.00000000
-0.31151300 1.08823900 -0.00321783 1.00000000

0.99328770 0.10342390 0.05180281 0.00000000
-0.10555790 0.62730880 0.77158370 0.00000000
0.04730377 -0.77187280 0.63401530 0.00000000
-0.35674530 1.11455600 -0.04221265 1.00000000

0.27208120 0.62231150 0.73396210 0.00000000
-0.96131500 0.14172840 0.23619300 0.00000000
0.04296225 -0.76983210 0.63679870 0.00000000
-0.35169470 1.08454300 -0.07912791 1.00000000

0.34858690 0.64820360 0.67699260 0.00000000
-0.93698880 0.25889520 0.23457490 0.00000000
-0.02321810 -0.71610430 0.69760720 0.00000000
-0.36295580 1.08536200 -0.01768906 1.00000000

-0.91766820 0.29053570 0.27106180 0.00000000
-0.39687560 -0.63694040 -0.66090550 0.00000000
-0.01936653 -0.71407000 0.69980670 0.00000000
-0.31595820 1.07311300 -0.02875115 1.00000000

0.18757410 0.65322170 0.73356490 0.00000000
-0.98206010 0.11001010 0.15315370 0.00000000
0.01934379 -0.74913220 0.66213800 0.00000000
-0.36256500 1.05637600 0.00802121 1.00000000

-0.90126100 0.27990330 0.33073170 0.00000000
-0.42849260 -0.68892470 -0.58461680 0.00000000
0.06421289 -0.66860840 0.74083720 0.00000000
-0.31646460 1.05121100 0.00083109 1.00000000

0.19472480 0.65945740 0.72608440 0.00000000
-0.96916350 0.01538852 0.24593880 0.00000000
0.15101260 -0.75158460 0.64211830 0.00000000
-0.36129030 1.03093300 0.03221570 1.00000000

-0.92031260 0.16485770 0.35474950 0.00000000
-0.33146810 -0.81022290 -0.48339210 0.00000000
0.20773500 -0.56245970 0.80030300 0.00000000
-0.31985970 1.03082500 0.02230460 1.00000000

0.06654354 -0.99259120 -0.10166040 0.00000000
-0.86821850 -0.10781010 0.48432860 0.00000000
-0.49170020 0.05603456 -0.86895980 0.00000000
-0.32278560 1.15459000 0.02309613 1.00000000

-0.97019470 -0.22311540 0.09456375 0.00000000
-0.13542260 0.82280690 0.55195130 0.00000000
-0.20095640 0.52269410 -0.82849740 0.00000000
-0.27699710 1.16153000 -0.00512594 1.00000000

0.96664370 -0.21993820 0.13125360 0.00000000
0.00279221 0.52147750 0.85326050 0.00000000
-0.25611040 -0.82443230 0.50469700 0.00000000
-0.33471070 1.22825300 0.20335700 1.00000000

0.99579460 -0.00539627 0.09145582 0.00000000
0.04804091 0.88076400 -0.47111270 0.00000000
-0.07800907 0.47352500 0.87731910 0.00000000
-0.19627960 1.51027500 0.19343180 1.00000000

0.86921670 -0.38185190 0.31408860 0.00000000
0.48944690 0.75450990 -0.43721480 0.00000000
-0.07003188 0.53376410 0.84272870 0.00000000
-0.19639010 1.50928500 0.19266850 1.00000000

0.87228180 -0.40657300 0.27170370 0.00000000
0.48824100 0.75513260 -0.43748820 0.00000000
-0.02730161 0.51426980 0.85719380 0.00000000
-0.25497900 1.41866900 0.24516700 1.00000000

0.76877360 0.01564616 -0.63932960 0.00000000
0.07850051 0.98983200 0.11861830 0.00000000
0.63468490 -0.14137830 0.75972850 0.00000000
-0.04523547 0.98555990 -0.12617080 1.00000000

0.76607560 -0.01777106 -0.64250480 0.00000000
0.09956486 0.99083280 0.09130836 0.00000000
0.63499220 -0.13392000 0.76082220 0.00000000
-0.16003200 0.99510260 -0.04106710 1.00000000

0.77132630 -0.00777613 -0.63639240 0.00000000
-0.07815697 -0.99351430 -0.08258871 0.00000000
-0.63162290 0.11344130 -0.76693150 0.00000000
-0.10324130 0.99241720 0.15323280 1.00000000

1.00000000 0.00000000 0.00000000 0.00000000
0.00000000 1.00000000 0.00000000 0.00000000
0.00000000 0.00000000 1.00000000 0.00000000
0.00000000 0.00000000 0.00000000 1.00000000

1.00000000 0.00000000 0.00000000 0.00000000
0.00000000 1.00000000 0.00000000 0.00000000
0.00000000 0.00000000 1.00000000 0.00000000
0.00000000 0.00000000 0.00000000 1.00000000

0.99261440 0.11759490 0.02980402 0.00000000
-0.10267440 0.94521190 -0.30989060 0.00000000
-0.06461269 0.30454180 0.95030490 0.00000000
-0.07432611 1.54668600 -0.08746062 1.00000000

0.76255430 -0.00945583 -0.64685510 0.00000000
-0.03257812 0.99806320 -0.05299503 0.00000000
0.64610340 0.06148492 0.76076940 0.00000000
0.00882179 0.86608020 0.05135145 1.00000000

0.97003730 0.21747750 -0.10831080 0.00000000
0.15670760 -0.90073770 -0.40511080 0.00000000
-0.18566220 0.37599940 -0.90782950 0.00000000
0.10741540 0.83348070 -0.03681824 1.00000000

0.97003730 0.21747750 -0.10831080 0.00000000
0.23379750 -0.95682700 0.17268800 0.00000000
-0.06607896 -0.19283660 -0.97900350 0.00000000
0.17009850 0.47318570 -0.19886250 1.00000000

0.99163670 0.07004512 -0.10839960 0.00000000
0.06943402 -0.99754230 -0.00940659 0.00000000
-0.10879220 0.00180129 -0.99406300 0.00000000
0.25325660 0.13183250 -0.13949810 1.00000000

0.99150730 0.07002373 -0.10959120 0.00000000
0.07314524 -0.99701510 0.02472148 0.00000000
-0.10753320 -0.03252758 -0.99366940 0.00000000
0.24558430 0.02814513 -0.27668400 1.00000000

0.47234950 -0.22017290 -0.85346940 0.00000000
0.32981100 0.94210590 -0.06050617 0.00000000
0.81738040 -0.25290350 0.51761870 0.00000000
-0.09469832 0.83598650 0.13462950 1.00000000

0.47234850 -0.22017280 -0.85347000 0.00000000
-0.19005890 0.92007710 -0.34254280 0.00000000
0.86067680 0.32400910 0.39275120 0.00000000
-0.22662290 0.45914490 0.15883260 1.00000000

0.45926710 -0.09348589 -0.88336530 0.00000000
0.05453246 0.99553820 -0.07700531 0.00000000
0.88662290 -0.01280609 0.46231600 0.00000000
-0.16080700 0.13059560 0.28001470 1.00000000

0.45152930 -0.09338605 -0.88735590 0.00000000
-0.00263652 0.99436370 -0.10598920 0.00000000
0.89225260 0.05019674 0.44873800 0.00000000
-0.28797290 0.02862495 0.22469140 1.00000000

0.76898020 -0.01245127 -0.63915150 0.00000000
0.00041868 0.99981990 -0.01897372 0.00000000
0.63927250 0.01432282 0.76884690 0.00000000
0.00437795 1.00222100 0.04412264 1.00000000

0.78934510 -0.03928418 -0.61269180 0.00000000
-0.01946407 0.99584790 -0.08892717 0.00000000
0.61364120 0.08211971 0.78530300 0.00000000
0.00445019 1.17472000 0.04084912 1.00000000

0.70200000 -0.08257995 -0.70737300 0.00000000
-0.28111860 0.88046770 -0.38177060 0.00000000
0.65434580 0.46685860 0.59487370 0.00000000
0.00079850 1.36155200 0.02416534 1.00000000

-0.19329720 0.75983690 -0.62071260 0.00000000
0.54263090 -0.44428970 -0.71285240 0.00000000
-0.81742790 -0.47461020 -0.32643100 0.00000000
0.03578585 1.45382000 -0.04136138 1.00000000

0.10000360 0.20010860 -0.97465680 0.00000000
-0.05192614 -0.97718300 -0.20595520 0.00000000
-0.99363140 0.07120647 -0.08733118 0.00000000
0.15728060 1.35434400 -0.20096860 1.00000000

0.20538260 0.08041567 -0.97537240 0.00000000
-0.97050090 -0.11185820 -0.21357910 0.00000000
-0.12627860 0.99046530 0.05506980 0.00000000
0.14266140 1.07922900 -0.25895350 1.00000000

0.65595290 -0.67720160 0.33335360 0.00000000
-0.66619980 -0.72704700 -0.16607520 0.00000000
0.35483000 -0.11314260 -0.92805960 0.00000000
-0.09206916 1.05218400 -0.31078790 1.00000000

-0.53030310 0.79316380 -0.29945060 0.00000000
0.35483000 -0.11314260 -0.92805960 0.00000000
-0.76998380 -0.59840670 -0.22143830 0.00000000
-0.13426100 1.01247500 -0.34574750 1.00000000

-0.66399730 -0.74773420 -0.00130770 0.00000000
-0.69033600 0.61369720 -0.38316160 0.00000000
0.28730530 -0.25351560 -0.92368050 0.00000000
-0.17533880 0.93658450 -0.39013600 1.00000000

-0.94482930 0.08716051 -0.31575570 0.00000000
0.16179350 0.96233340 -0.21849090 0.00000000
0.28481820 -0.25752390 -0.92334190 0.00000000
-0.20836690 0.96594600 -0.40846770 1.00000000

-0.54662060 -0.83730030 0.01160240 0.00000000
-0.74926320 0.48286560 -0.45326200 0.00000000
0.37391380 -0.25645570 -0.89130200 0.00000000
-0.18907510 0.93851020 -0.35408230 1.00000000

-0.91554700 0.05044767 -0.39903560 0.00000000
0.14901180 0.96404880 -0.22001370 0.00000000
0.37359040 -0.26089390 -0.89014890 0.00000000
-0.22585460 0.96334720 -0.37669970 1.00000000

-0.58834850 -0.80727110 0.04647288 0.00000000
-0.71629010 0.49364840 -0.49319450 0.00000000
0.37520040 -0.32345830 -0.86867710 0.00000000
-0.20534870 0.94638620 -0.31981150 1.00000000

-0.91052220 0.04701373 -0.41078000 0.00000000
0.17370970 0.94507420 -0.27687620 0.00000000
0.37520030 -0.32345840 -0.86867700 0.00000000
-0.23897320 0.96955920 -0.34296330 1.00000000

-0.70638660 -0.70312910 -0.08141372 0.00000000
-0.51227370 0.58721130 -0.62670530 0.00000000
0.48846160 -0.40099000 -0.77499220 0.00000000
-0.21956530 0.95495150 -0.28884600 1.00000000

-0.86951570 -0.13317010 -0.47561480 0.00000000
0.09024312 0.90391930 -0.41807520 0.00000000
0.48559220 -0.40644390 -0.77395360 0.00000000
-0.24080640 0.98051400 -0.31549370 1.00000000

0.55381720 0.03851177 -0.83174730 0.00000000
-0.48251430 -0.79925600 -0.35828860 0.00000000
-0.67857720 0.59975640 -0.42405900 0.00000000
-0.12653720 1.00866700 -0.39763190 1.00000000

-0.06929988 -0.59857210 -0.79806610 0.00000000
-0.95334020 -0.19589740 0.22971150 0.00000000
-0.29383800 0.77674720 -0.55706680 0.00000000
-0.15430640 0.96114400 -0.42040800 1.00000000

0.23043470 -0.69089250 -0.68525000 0.00000000
-0.97050090 -0.11185820 -0.21357910 0.00000000
0.07090929 0.71425190 -0.69628760 0.00000000
0.01489790 1.06451300 -0.28724760 1.00000000

-0.22818740 -0.25357480 -0.94001630 0.00000000
-0.01296050 -0.96461210 0.26335560 0.00000000
-0.97353110 0.07227755 0.21682570 0.00000000
0.15702580 1.35521600 -0.20442450 1.00000000

-0.22332550 0.21237290 -0.95132730 0.00000000
-0.05192614 -0.97718300 -0.20595520 0.00000000
-0.97336010 0.00340378 0.22925730 0.00000000
0.15728060 1.35434400 -0.20096860 1.00000000

-0.17636590 0.21066680 -0.96151690 0.00000000
-0.05207902 -0.97745800 -0.20460700 0.00000000
-0.98294630 0.01398917 0.18336150 0.00000000
0.15103110 1.23704900 -0.22552140 1.00000000

0.93467770 0.18528670 -0.30339180 0.00000000
-0.32063140 0.80797090 -0.49434670 0.00000000
0.15353600 0.55933170 0.81460110 0.00000000
-0.04136929 1.49362200 -0.03310025 1.00000000

0.99301180 0.11535920 0.02489862 0.00000000
-0.10517110 0.96073280 -0.25677150 0.00000000
-0.05354196 0.25235850 0.96615150 0.00000000
-0.07150865 1.56957200 -0.07956883 1.00000000

0.99301180 0.11535920 0.02489862 0.00000000
-0.09121603 0.88410460 -0.45829960 0.00000000
-0.07488203 0.45282580 0.88844910 0.00000000
-0.07492071 1.62687800 -0.20899810 1.00000000

0.99301180 0.11535920 0.02489862 0.00000000
0.08124119 -0.82122560 0.56479080 0.00000000
0.08560124 -0.55882120 -0.82485850 0.00000000
-0.01148379 1.61397400 -0.17913160 1.00000000

0.99301180 0.11535920 0.02489862 0.00000000
-0.08352375 0.83602030 -0.54230430 0.00000000
-0.08337560 0.53643500 0.83981320 0.00000000
-0.13493870 1.59784500 -0.18091550 1.00000000

0.99168320 0.07086968 -0.10743430 0.00000000
0.10265560 -0.93903760 0.32813140 0.00000000
-0.07763007 -0.33643110 -0.93850300 0.00000000
-0.03776467 1.64020500 -0.16936170 1.00000000

0.99310010 0.11481770 0.02385733 0.00000000
-0.09070295 0.88100420 -0.46433240 0.00000000
-0.07433191 0.45896460 0.88533970 0.00000000
-0.11605500 1.63111000 -0.17132480 1.00000000

0.97012040 0.23197060 -0.07110605 0.00000000
0.23831110 -0.85602150 0.45873210 0.00000000
0.04554409 -0.46197070 -0.88572510 0.00000000
-0.05572701 1.63246700 -0.21028770 1.00000000

0.97711490 0.21270830 -0.00141007 0.00000000
-0.18955900 0.86772860 -0.45947220 0.00000000
-0.09651008 0.44922430 0.88819100 0.00000000
-0.09177522 1.62896800 -0.21230640 1.00000000

0.97858680 0.12942040 0.16005720 0.00000000
0.07927186 -0.95458470 0.28720010 0.00000000
0.18995770 -0.26836220 -0.94440350 0.00000000
-0.00188324 1.65598000 -0.16738350 1.00000000

0.99261740 0.10556720 -0.05972114 0.00000000
-0.11994020 0.92757210 -0.35387060 0.00000000
0.01803860 0.35842100 0.93338580 0.00000000
-0.15478080 1.63941600 -0.17245680 1.00000000

0.97479180 0.22307660 -0.00424695 0.00000000
0.19870170 -0.85930730 0.47128430 0.00000000
0.10148310 -0.46024780 -0.88197160 0.00000000
-0.03780839 1.64065400 -0.16969820 1.00000000

0.99853680 0.00616709 0.05372560 0.00000000
0.01943110 0.88621280 -0.46287070 0.00000000
-0.05046695 0.46323730 0.88479630 0.00000000
-0.11605600 1.63112100 -0.17133250 1.00000000

0.99129350 0.13047560 0.01770201 0.00000000
-0.10969940 0.89273740 -0.43701960 0.00000000
-0.07282358 0.43127290 0.89927790 0.00000000
-0.07570078 1.61137300 -0.10605020 1.00000000

0.96007920 0.27556910 -0.04805946 0.00000000
0.27202500 -0.87971410 0.39000740 0.00000000
0.06519535 -0.38751140 -0.91955700 0.00000000
-0.05017652 1.54160200 -0.19952320 1.00000000

0.99174790 0.12670600 0.01954570 0.00000000
-0.10681230 0.90092300 -0.42062920 0.00000000
-0.07090542 0.41507020 0.90702210 0.00000000
-0.06489354 1.54094700 -0.20267980 1.00000000

0.99625610 -0.02216991 0.08356038 0.00000000
0.05271547 0.92186010 -0.38392110 0.00000000
-0.06851935 0.38688860 0.91957740 0.00000000
-0.08239801 1.53895400 -0.19824720 1.00000000

0.98869640 0.14909060 0.01585567 0.00000000
0.12293350 -0.86665760 0.48352070 0.00000000
0.08582985 -0.47610590 -0.87518970 0.00000000
-0.04375312 1.55377200 -0.18517560 1.00000000

0.99395310 0.10635590 0.02730915 0.00000000
-0.08006659 0.87218040 -0.48258750 0.00000000
-0.07514459 0.47748280 0.87542210 0.00000000
-0.09463391 1.54797200 -0.18351000 1.00000000

0.98384020 0.17851580 0.01381087 0.00000000
0.14524820 -0.84083650 0.52143760 0.00000000
0.10469760 -0.51100530 -0.85317780 0.00000000
-0.05281188 1.56384900 -0.19864370 1.00000000

0.99214150 0.12301630 0.02285820 0.00000000
-0.09338303 0.84960040 -0.51909420 0.00000000
-0.08327734 0.51288020 0.85441140 0.00000000
-0.06730625 1.56104700 -0.20331000 1.00000000

0.99692480 0.07279265 0.02902520 0.00000000
-0.04642934 0.84701540 -0.52953670 0.00000000
-0.06313115 0.52656050 0.84779050 0.00000000
