MeshAnim
1
42
83
30
0.70079610 -0.02148285 -0.71303810 0.00000000
-0.12182170 0.98125980 -0.14929420 0.00000000
0.70288290 0.19148830 0.68504600 0.00000000
-0.01430410 0.91134150 0.00746241 1.00000000

0.97279130 0.15363370 -0.17341790 0.00000000
0.10869930 -0.96366950 -0.24397910 0.00000000
-0.20460100 0.21849040 -0.95414910 0.00000000
0.07857296 0.87697100 -0.08607821 1.00000000

0.97279130 0.15363370 -0.17341790 0.00000000
0.16403550 -0.98532240 0.04724786 0.00000000
-0.16361360 -0.07440902 -0.98371430 0.00000000
0.12205270 0.49150330 -0.18366990 1.00000000

0.99557540 0.08724453 -0.03489953 0.00000000
0.08643651 -0.99596750 -0.02403050 0.00000000
-0.03685528 0.02090758 -0.99910190 0.00000000
0.18013810 0.14025900 -0.16901140 1.00000000

0.99557540 0.08724453 -0.03489953 0.00000000
0.08643651 -0.99596750 -0.02403050 0.00000000
-0.03685528 0.02090758 -0.99910190 0.00000000
0.18409410 0.03935361 -0.30841130 1.00000000

0.09253711 -0.12928940 -0.98727970 0.00000000
0.12621320 0.98505930 -0.11716880 0.00000000
0.98767780 -0.11376520 0.10747250 0.00000000
-0.10717190 0.88266460 0.10291130 1.00000000

0.09253669 -0.12928940 -0.98727970 0.00000000
-0.11003160 0.98413360 -0.13919060 0.00000000
0.98961110 0.12151220 0.07684258 0.00000000
-0.15765720 0.48864160 0.14977950 1.00000000

0.51876850 -0.06894718 -0.85213010 0.00000000
0.04491960 0.99756410 -0.05336788 0.00000000
0.85373390 -0.01059176 0.52060190 0.00000000
-0.12064120 0.13771640 0.19920410 1.00000000

0.51876850 -0.06894718 -0.85213010 0.00000000
0.04491960 0.99756410 -0.05336788 0.00000000
0.85373390 -0.01059176 0.52060190 0.00000000
-0.24229910 0.03523123 0.13343170 1.00000000

0.68651800 -0.00709338 -0.72707820 0.00000000
0.00637304 0.99997270 -0.00373825 0.00000000
0.72708490 -0.00206732 0.68654450 0.00000000
-0.03385729 1.04521700 -0.00989709 1.00000000

0.66746760 -0.03790802 -0.74367340 0.00000000
0.14297800 0.98664490 0.07803348 0.00000000
0.73078350 -0.15841380 0.66397350 0.00000000
-0.03275776 1.21774200 -0.01054205 1.00000000

0.64895840 -0.03358524 -0.76008220 0.00000000
0.04848158 0.99882030 -0.00274063 0.00000000
0.75927770 -0.03507144 0.64982110 0.00000000
-0.00593341 1.40284800 0.00409795 1.00000000

0.13393290 0.96100540 -0.24193050 0.00000000
0.78921290 -0.25108180 -0.56044730 0.00000000
-0.59933740 -0.11587240 -0.79206610 0.00000000
0.06030858 1.49608100 -0.02673613 1.00000000

0.42233180 0.38425530 -0.82096520 0.00000000
0.40588720 -0.88999470 -0.20776300 0.00000000
-0.81048860 -0.24547430 -0.53183740 0.00000000
0.23701300 1.43986400 -0.15221990 1.00000000

0.42233180 0.38425530 -0.82096520 0.00000000
-0.03495750 -0.89812320 -0.43835270 0.00000000
-0.90576720 0.21382910 -0.36587340 0.00000000
0.35128620 1.18929600 -0.21071370 1.00000000

0.48651570 0.21669960 -0.84637090 0.00000000
-0.22610330 -0.90451860 -0.36155740 0.00000000
-0.84390770 0.36727050 -0.39106590 0.00000000
0.34290310 0.97210440 -0.31689490 1.00000000

-0.43986200 -0.05633953 0.89629660 0.00000000
-0.84390770 0.36727050 -0.39106590 0.00000000
-0.30715080 -0.92840650 -0.20909370 0.00000000
0.26452310 0.84725770 -0.32893140 1.00000000

-0.46002320 -0.86368160 -0.20599410 0.00000000
-0.29763330 -0.06858096 0.95221400 0.00000000
-0.83653650 0.49935090 -0.22551150 0.00000000
0.25877310 0.85437950 -0.39210290 1.00000000

0.03725517 0.46902310 0.88240020 0.00000000
0.54357080 0.73144160 -0.41173360 0.00000000
-0.83853650 0.49498600 -0.22769720 0.00000000
0.24453310 0.85109830 -0.34654550 1.00000000

-0.28025550 -0.88708410 -0.36679570 0.00000000
-0.49558210 -0.19353850 0.84672370 0.00000000
-0.82210420 0.41907640 -0.38538280 0.00000000
0.29173780 0.83899490 -0.37910660 1.00000000

-0.35890020 0.15217890 0.92088680 0.00000000
0.44225700 0.89656190 0.02420326 0.00000000
-0.82194870 0.41595520 -0.38907850 0.00000000
0.26729370 0.83021810 -0.33660230 1.00000000

-0.30262400 -0.93916460 -0.16244700 0.00000000
-0.43447190 -0.01576881 0.90054750 0.00000000
-0.84832370 0.34310600 -0.40326850 0.00000000
0.32210350 0.82439350 -0.35997380 1.00000000

-0.36569830 0.17110670 0.91487040 0.00000000
0.38289940 0.92358070 -0.01968050 0.00000000
-0.84832370 0.34310610 -0.40326840 0.00000000
0.30170830 0.82365310 -0.31769980 1.00000000

-0.21423270 -0.93339440 0.28788770 0.00000000
-0.36330080 0.34972760 0.86354120 0.00000000
-0.90670680 0.08040889 -0.41402610 0.00000000
0.34952300 0.81230710 -0.34163170 1.00000000

-0.23927450 0.72055640 0.65080470 0.00000000
0.34664050 0.68949780 -0.63595090 0.00000000
-0.90696660 0.07342833 -0.41475330 0.00000000
0.33419700 0.82795130 -0.30509270 1.00000000

-0.98708610 0.07673532 -0.14061920 0.00000000
-0.14408490 -0.80892030 0.56998940 0.00000000
-0.07001132 0.58288910 0.80953010 0.00000000
0.25470000 0.93180090 -0.35181700 1.00000000

-0.25182610 -0.79556420 0.55105470 0.00000000
0.96523730 -0.16528060 0.20248520 0.00000000
-0.07001129 0.58288930 0.80953020 0.00000000
0.24440870 0.88376920 -0.31812250 1.00000000

0.47272440 0.37158920 -0.79903270 0.00000000
-0.03495750 -0.89812320 -0.43835270 0.00000000
-0.88051690 0.23515210 -0.41157500 0.00000000
0.34675620 1.07109500 -0.26858010 1.00000000

0.61847580 -0.02997301 -0.78523220 0.00000000
0.09157137 -0.98971520 0.10990300 0.00000000
-0.78045030 -0.13987710 -0.60937030 0.00000000
0.24148060 1.44047800 -0.15726790 1.00000000

0.49362230 0.40480510 -0.76972040 0.00000000
0.40588720 -0.88999470 -0.20776300 0.00000000
-0.76915070 -0.20986330 -0.60362650 0.00000000
0.23701300 1.43986400 -0.15221990 1.00000000

0.52030030 0.41054830 -0.74882430 0.00000000
0.40529030 -0.89052930 -0.20663400 0.00000000
-0.75168330 -0.19597950 -0.62973390 0.00000000
0.28564790 1.33300000 -0.17701600 1.00000000

0.96485420 -0.02634234 -0.26146260 0.00000000
0.01592722 0.99899600 -0.04187401 0.00000000
0.26230310 0.03623793 0.96430490 0.00000000
0.00133882 1.55267100 0.00368685 1.00000000

0.99790190 0.05178385 -0.03886536 0.00000000
-0.05594445 0.99179270 -0.11496700 0.00000000
0.03259292 0.11690000 0.99260880 0.00000000
0.00283596 1.64657700 -0.00024942 1.00000000

0.99790190 0.05178385 -0.03886536 0.00000000
-0.06163942 0.94353500 -0.32548770 0.00000000
0.01981568 0.32720030 0.94474710 0.00000000
-0.00655608 1.73638100 -0.12174320 1.00000000

0.99790190 0.05178385 -0.03886536 0.00000000
0.06163941 -0.94353500 0.32548770 0.00000000
-0.01981568 -0.32720040 -0.94474710 0.00000000
0.05930400 1.69130400 -0.09243666 1.00000000

0.99790190 0.05178385 -0.03886536 0.00000000
-0.06163942 0.94353500 -0.32548770 0.00000000
0.01981568 0.32720030 0.94474710 0.00000000
-0.06493226 1.68486200 -0.08759879 1.00000000

0.99816730 0.06050387 0.00130898 0.00000000
0.05886064 -0.97563060 0.21137680 0.00000000
0.01406613 -0.21091230 -0.97740380 0.00000000
0.03498072 1.72699900 -0.08203831 1.00000000

0.99826700 0.05820612 -0.00868392 0.00000000
-0.05874177 0.97655650 -0.20709140 0.00000000
-0.00357363 0.20724260 0.97828290 0.00000000
-0.04369514 1.72291700 -0.07897422 1.00000000

0.99790190 0.05178385 -0.03886536 0.00000000
0.06163941 -0.94353500 0.32548770 0.00000000
-0.01981568 -0.32720040 -0.94474710 0.00000000
0.01409736 1.74117200 -0.12258370 1.00000000

0.99790190 0.05178385 -0.03886536 0.00000000
-0.06163942 0.94353500 -0.32548770 0.00000000
0.01981568 0.32720030 0.94474710 0.00000000
-0.02760438 1.73914400 -0.12097900 1.00000000

0.99790190 0.05178385 -0.03886536 0.00000000
0.06163941 -0.94353500 0.32548770 0.00000000
-0.01981568 -0.32720040 -0.94474710 0.00000000
0.07220592 1.73588600 -0.07900894 1.00000000

0.99790190 0.05178385 -0.03886536 0.00000000
-0.06163942 0.94353500 -0.32548770 0.00000000
0.01981568 0.32720030 0.94474710 0.00000000
-0.08129451 1.72797000 -0.07303632 1.00000000

0.99790190 0.05178385 -0.03886536 0.00000000
0.06173971 -0.94185330 0.33030360 0.00000000
-0.01950112 -0.33201010 -0.94307420 0.00000000
0.03494017 1.72756100 -0.08233082 1.00000000

0.99790190 0.05178385 -0.03886536 0.00000000
-0.06173971 0.94185330 -0.33030370 0.00000000
0.01950100 0.33201020 0.94307420 0.00000000
-0.04373568 1.72347900 -0.07926673 1.00000000

0.99653370 0.08269230 -0.00909585 0.00000000
-0.08121738 0.94338340 -0.32160780 0.00000000
-0.01801360 0.32123180 0.94682930 0.00000000
-0.00021114 1.69216900 -0.01773935 1.00000000

0.99732760 0.07057822 0.01888713 0.00000000
0.06391025 -0.96802160 0.24258880 0.00000000
0.03540456 -0.24073330 -0.96994520 0.00000000
0.01875982 1.64099600 -0.11970410 1.00000000

0.99653370 0.08269230 -0.00909585 0.00000000
-0.08252087 0.96872860 -0.23399810 0.00000000
-0.01053846 0.23393760 0.97219440 0.00000000
0.00211362 1.64039600 -0.12381080 1.00000000

0.99481270 0.09472945 -0.03707024 0.00000000
-0.10091320 0.96495130 -0.24225120 0.00000000
0.01282287 0.24473540 0.96950510 0.00000000
-0.01673679 1.63838600 -0.11792550 1.00000000

0.99888460 0.03014704 -0.03634155 0.00000000
0.04101530 -0.93529970 0.35147200 0.00000000
-0.02339438 -0.35257060 -0.93549290 0.00000000
0.02981111 1.64106400 -0.10634970 1.00000000

0.99134540 0.12258650 -0.04698062 0.00000000
-0.13127700 0.92837290 -0.34769240 0.00000000
0.00099313 0.35085070 0.93643070 0.00000000
-0.03032093 1.63625100 -0.10351340 1.00000000

0.99840290 0.05406946 -0.01638570 0.00000000
0.05617698 -0.91920570 0.38975040 0.00000000
0.00601196 -0.39004830 -0.92077480 0.00000000
0.01615945 1.65071400 -0.11787680 1.00000000

0.99657200 0.07176066 -0.04116642 0.00000000
-0.08212131 0.91832660 -0.38721100 0.00000000
0.01001781 0.38926430 0.92107180 0.00000000
-0.00085671 1.65120700 -0.12271240 1.00000000

0.99285630 0.09874310 -0.06697971 0.00000000
-0.11739630 0.90874760 -0.40049500 0.00000000
0.02132165 0.40549700 0.91384760 0.00000000
-0.01742057 1.64836900 -0.11596860 1.00000000

0.99038880 0.12978820 -0.04780525 0.00000000
0.13828070 -0.93653640 0.32214690 0.00000000
-0.00296047 -0.32566120 -0.94548200 0.00000000
0.01388754 1.67783900 -0.11449320 1.00000000

0.99038880 0.12978820 -0.04780525 0.00000000
-0.13828070 0.93653610 -0.32214690 0.00000000
0.00296047 0.32566120 0.94548180 0.00000000
-0.00421563 1.68050600 -0.13609760 1.00000000

0.99038880 0.12978820 -0.04780525 0.00000000
-0.13828070 0.93653610 -0.32214690 0.00000000
0.00296047 0.32566120 0.94548180 0.00000000
-0.01943721 1.67394000 -0.11293980 1.00000000

0.99790190 0.05178385 -0.03886536 0.00000000
0.05999315 -0.51377720 0.85582360 0.00000000
0.02434975 -0.85635940 -0.51580580 0.00000000
0.00235933 1.72311900 0.08949710 1.00000000

0.99790190 0.05178385 -0.03886536 0.00000000
-0.05721581 0.98625890 -0.15498260 0.00000000
0.03030571 0.15688110 0.98715240 0.00000000
-0.00604744 1.79361600 -0.03242011 1.00000000

0.17764360 -0.98102640 -0.07765256 0.00000000
0.65393230 0.17664290 -0.73564250 0.00000000
0.73540150 0.07990257 0.67290440 0.00000000
-0.02184103 1.50033200 0.06948048 1.00000000

0.83547580 -0.33520670 -0.43544990 0.00000000
0.20288480 0.92458080 -0.32247190 0.00000000
0.51070340 0.18107130 0.84047330 0.00000000
-0.16825660 1.46078100 0.23419060 1.00000000

0.83547580 -0.33520670 -0.43544990 0.00000000
0.35744320 0.93336250 -0.03268877 0.00000000
0.41739010 -0.12833790 0.89961930 0.00000000
-0.22537720 1.20048200 0.32497900 1.00000000

0.92830310 -0.16405060 -0.33367770 0.00000000
0.21983600 0.96591050 0.13670750 0.00000000
0.29987590 -0.20026020 0.93272210 0.00000000
-0.31198910 0.97475190 0.33296170 1.00000000

-0.95237420 -0.00617030 0.30486930 0.00000000
0.29987590 -0.20026020 0.93272200 0.00000000
0.05529798 0.97972320 0.19257310 0.00000000
-0.29810720 0.84033760 0.27283600 1.00000000

0.26301570 0.91228690 0.31393530 0.00000000
-0.95611270 0.20291770 0.21136030 0.00000000
0.12911820 -0.35574850 0.92561960 0.00000000
-0.36011440 0.83825060 0.25783050 1.00000000

-0.95880230 -0.28258750 0.02902949 0.00000000
0.25175220 -0.89260090 -0.37401190 0.00000000
0.13160300 -0.35129510 0.92696960 0.00000000
-0.31437060 0.82854280 0.24771840 1.00000000

0.18978590 0.95244040 0.23840860 0.00000000
-0.93975190 0.10589490 0.32504300 0.00000000
0.28433790 -0.28573330 0.91515490 0.00000000
-0.35052350 0.82910720 0.29411650 1.00000000

-0.94810330 -0.21923930 0.23029220 0.00000000
0.13569360 -0.93399330 -0.33052110 0.00000000
0.28755450 -0.28211890 0.91527130 0.00000000
-0.30355110 0.82475290 0.27812230 1.00000000

-0.03500748 0.97279880 0.22899120 0.00000000
-0.92979730 -0.11570930 0.34941180 0.00000000
0.36640400 -0.20068330 0.90855640 0.00000000
-0.33460460 0.82120700 0.32854790 1.00000000

-0.91240700 -0.26888960 0.30856390 0.00000000
0.18237780 -0.94203220 -0.28162720 0.00000000
0.36640390 -0.20068340 0.90855630 0.00000000
-0.29095750 0.82663830 0.31214510 1.00000000

-0.49169780 0.83319090 0.25303480 0.00000000
-0.76624660 -0.55204650 0.32880250 0.00000000
0.41364220 -0.03221560 0.90986930 0.00000000
-0.31930700 0.81529400 0.35961770 1.00000000

-0.71576550 -0.62719300 0.30709760 0.00000000
0.56328500 -0.77845390 -0.27698350 0.00000000
0.41278350 -0.02527164 0.91047870 0.00000000
-0.28707450 0.83947400 0.34579200 1.00000000

0.04083496 0.36419090 0.93042870 0.00000000
-0.52848150 0.79815870 -0.28922330 0.00000000
-0.84796240 -0.47990380 0.22506080 0.00000000
-0.32863540 0.91913410 0.24779590 1.00000000

-0.46519590 0.87730880 0.11799190 0.00000000
-0.25407270 -0.00464475 -0.96717390 0.00000000
-0.84796230 -0.47990370 0.22506060 0.00000000
-0.29723920 0.87097810 0.26340300 1.00000000

0.85451470 -0.34097080 -0.39184660 0.00000000
0.35744320 0.93336250 -0.03268877 0.00000000
0.37688100 -0.11212990 0.91944970 0.00000000
-0.27259090 1.07762300 0.32935790 1.00000000

0.81274550 0.09816707 -0.57428930 0.00000000
-0.13197590 0.99110080 -0.01735927 0.00000000
0.56747460 0.08990102 0.81846850 0.00000000
-0.18120670 1.46358500 0.24356690 1.00000000

0.80299010 -0.34556410 -0.48558470 0.00000000
0.20288480 0.92458080 -0.32247190 0.00000000
0.56039710 0.16042400 0.81253890 0.00000000
-0.16825660 1.46078100 0.23419060 1.00000000

0.78186720 -0.35001710 -0.51591840 0.00000000
0.20173540 0.92504650 -0.32185650 0.00000000
0.58990390 0.14757000 0.79387440 0.00000000
-0.19246490 1.34977500 0.27281340 1.00000000

0.70056570 0.00858778 -0.71353620 0.00000000
-0.00317539 0.99995520 0.00891728 0.00000000
0.71358080 -0.00398139 0.70056160 0.00000000
-0.09796500 1.00769100 -0.17878910 1.00000000

0.70077340 -0.02640866 -0.71289500 0.00000000
0.01072621 0.99959170 -0.02648533 0.00000000
0.71330330 0.01091355 0.70077060 0.00000000
-0.20465520 1.01766200 -0.08376422 1.00000000

0.68651800 -0.00709338 -0.72707820 0.00000000
0.06815621 -0.99492200 0.07406060 0.00000000
-0.72391150 -0.10039880 -0.68254840 0.00000000
-0.13069270 1.03809900 0.10833260 1.00000000

1.00000000 0.00000000 0.00000000 0.00000000
0.00000000 1.00000000 0.00000000 0.00000000
0.00000000 0.00000000 1.00000000 0.00000000
0.00000000 0.00000000 0.00000000 1.00000000

1.00000000 0.00000000 0.00000000 0.00000000
0.00000000 1.00000000 0.00000000 0.00000000
0.00000000 0.00000000 1.00000000 0.00000000
0.00000000 0.00000000 0.00000000 1.00000000

0.99790190 0.05178385 -0.03886536 0.00000000
-0.05721580 0.98625890 -0.15498270 0.00000000
0.03030577 0.15688120 0.98715250 0.00000000
0.00338851 1.63368100 -0.00324033 1.00000000

0.70148710 -0.02159195 -0.71235510 0.00000000
-0.12156820 0.98126650 -0.14945630 0.00000000
0.70223720 0.19144140 0.68572090 0.00000000
-0.01441337 0.91116090 0.00642844 1.00000000

0.97283790 0.15354670 -0.17323290 0.00000000
0.10835040 -0.96334770 -0.24540090 0.00000000
-0.20456410 0.21996550 -0.95381810 0.00000000
0.07855086 0.87677600 -0.08702026 1.00000000

0.97283790 0.15354670 -0.17323290 0.00000000
0.16498040 -0.98484100 0.05357028 0.00000000
-0.16238140 -0.08069521 -0.98342300 0.00000000
0.12189100 0.49143690 -0.18518060 1.00000000

0.99557320 0.08731845 -0.03477946 0.00000000
0.08653041 -0.99597080 -0.02355662 0.00000000
-0.03669631 0.02044287 -0.99911750 0.00000000
0.18031580 0.14035020 -0.16826870 1.00000000

0.99557320 0.08731845 -0.03477946 0.00000000
0.08653041 -0.99597080 -0.02355662 0.00000000
-0.03669631 0.02044287 -0.99911750 0.00000000
0.18430340 0.03938079 -0.30762140 1.00000000

0.09136567 -0.13133490 -0.98711880 0.00000000
0.12639310 0.98477730 -0.11932460 0.00000000
0.98776380 -0.11386280 0.10657470 0.00000000
-0.10737710 0.88249840 0.10178820 1.00000000

0.09136528 -0.13133490 -0.98711880 0.00000000
-0.11105260 0.98373780 -0.14116380 0.00000000
0.98960590 0.12251950 0.07529438 0.00000000
-0.15793440 0.48858830 0.14951880 1.00000000

0.51874070 -0.06910285 -0.85213430 0.00000000
0.04485861 0.99755510 -0.05358770 0.00000000
0.85375400 -0.01042746 0.52057240 0.00000000
-0.12055460 0.13780180 0.19964990 1.00000000

0.51874070 -0.06910285 -0.85213430 0.00000000
0.04485861 0.99755510 -0.05358770 0.00000000
0.85375400 -0.01042746 0.52057240 0.00000000
-0.24220890 0.03529507 0.13390440 1.00000000

0.69595280 -0.00573148 -0.71806460 0.00000000
0.00873512 0.99996170 0.00048461 0.00000000
0.71803430 -0.00660963 0.69597640 0.00000000
-0.03393490 1.04503800 -0.01095603 1.00000000

0.68448570 -0.03905340 -0.72797950 0.00000000
0.14658220 0.98554370 0.08495381 0.00000000
0.71413800 -0.16485850 0.68031510 0.00000000
-0.03242784 1.21756100 -0.01087243 1.00000000

0.66639030 -0.03456882 -0.74480140 0.00000000
0.05407301 0.99853480 0.00203486 0.00000000
0.74363980 -0.04162967 0.66728320 0.00000000
-0.00492729 1.40246000 0.00506591 1.00000000

0.13397310 0.95922450 -0.24887670 0.00000000
0.80188910 -0.25249370 -0.54149880 0.00000000
-0.58225870 -0.12702520 -0.80301900 0.00000000
0.06253509 1.49542600 -0.02386924 1.00000000

0.45045490 0.38806500 -0.80404970 0.00000000
0.40990110 -0.88995860 -0.19988800 0.00000000
-0.79314040 -0.23954030 -0.55995460 0.00000000
0.24207770 1.43889300 -0.14511050 1.00000000

0.45045490 0.38806500 -0.80404970 0.00000000
-0.03124076 -0.89319150 -0.44859060 0.00000000
-0.89225260 0.22718900 -0.39021910 0.00000000
0.35748090 1.18833600 -0.20138720 1.00000000

0.51362510 0.22010160 -0.82930370 0.00000000
-0.22463630 -0.89832930 -0.37754910 0.00000000
-0.82808700 0.38021060 -0.41196170 0.00000000
0.35000180 0.97233750 -0.31004200 1.00000000

-0.46681420 -0.06076463 0.88226540 0.00000000
-0.82808700 0.38021050 -0.41196160 0.00000000
-0.31041370 -0.92290190 -0.22780620 0.00000000
0.27072440 0.84846280 -0.32569850 1.00000000

-0.46263210 -0.85658530 -0.22854710 0.00000000
-0.32644110 -0.07509064 0.94223030 0.00000000
-0.82426210 0.51051290 -0.24488540 0.00000000
0.26692470 0.85628810 -0.38893410 1.00000000

0.01592144 0.45959410 0.88798680 0.00000000
0.56309180 0.72975560 -0.38779490 0.00000000
-0.82624130 0.50619210 -0.24717480 0.00000000
0.25130660 0.85269550 -0.34385450 1.00000000

-0.27842600 -0.88026570 -0.38420230 0.00000000
-0.52245770 -0.19685000 0.82963130 0.00000000
-0.80592620 0.43172030 -0.40509350 0.00000000
0.29932820 0.84042110 -0.37513120 1.00000000

-0.38446210 0.14661750 0.91142340 0.00000000
0.45060760 0.89150160 0.04666539 0.00000000
-0.80569340 0.42863540 -0.40881560 0.00000000
0.27354460 0.83147360 -0.33346240 1.00000000

-0.30738430 -0.93418170 -0.18116150 0.00000000
-0.46113280 -0.02029907 0.88709930 0.00000000
-0.83238920 0.35621980 -0.42454210 0.00000000
0.32896030 0.82530300 -0.35526370 1.00000000

-0.39088220 0.16567700 0.90540760 0.00000000
0.39286090 0.91959710 0.00133246 0.00000000
-0.83238910 0.35621990 -0.42454200 0.00000000
0.30731360 0.82434980 -0.31362100 1.00000000

-0.23233470 -0.93393830 0.27162460 0.00000000
-0.38511310 0.34477530 0.85604820 0.00000000
-0.89314540 0.09428345 -0.43977530 0.00000000
0.35569700 0.81273880 -0.33624710 1.00000000

-0.25099680 0.71640620 0.65097120 0.00000000
0.37247500 0.69219850 -0.61816190 0.00000000
-0.89345590 0.08731376 -0.44058290 0.00000000
0.33945680 0.82817290 -0.30001490 1.00000000

-0.98163280 0.08868478 -0.16891670 0.00000000
-0.16929980 -0.81309680 0.55696610 0.00000000
-0.08795124 0.57533360 0.81317700 0.00000000
0.26246070 0.93333460 -0.34797640 1.00000000

-0.27628790 -0.79840050 0.53499700 0.00000000
0.95704240 -0.17761720 0.22917790 0.00000000
-0.08795124 0.57533370 0.81317690 0.00000000
0.25067750 0.88507470 -0.31510640 1.00000000

0.49991470 0.37467590 -0.78083500 0.00000000
-0.03124076 -0.89319150 -0.44859060 0.00000000
-0.86551100 0.24865100 -0.43481420 0.00000000
0.35344520 1.07078400 -0.26059870 1.00000000

0.62970020 -0.03098744 -0.77622000 0.00000000
0.09118661 -0.98934810 0.11346970 0.00000000
-0.77146790 -0.14223280 -0.62016730 0.00000000
0.24658120 1.43948600 -0.14995110 1.00000000

0.50411060 0.40366910 -0.76349450 0.00000000
0.40990110 -0.88995860 -0.19988800 0.00000000
-0.76016690 -0.21219160 -0.61410190 0.00000000
0.24207770 1.43889300 -0.14511050 1.00000000

0.53173200 0.40982410 -0.74115150 0.00000000
0.40926560 -0.89049830 -0.19878280 0.00000000
-0.74146000 -0.19762850 -0.64123350 0.00000000
0.29118960 1.33203300 -0.16896450 1.00000000

0.97061400 -0.03084898 -0.23865600 0.00000000
0.02244583 0.99903130 -0.03784888 0.00000000
0.23959250 0.03137983 0.97036630 0.00000000
0.00318364 1.55224000 0.00537112 1.00000000

0.99809610 0.05087023 -0.03487828 0.00000000
-0.05456883 0.99187570 -0.11491280 0.00000000
0.02874938 0.11659730 0.99276320 0.00000000
0.00529354 1.64615000 0.00181322 1.00000000

0.99809610 0.05087023 -0.03487828 0.00000000
-0.05947033 0.94368100 -0.32546800 0.00000000
0.01635739 0.32692260 0.94490960 0.00000000
-0.00353767 1.73610500 -0.11970460 1.00000000

0.99809610 0.05087023 -0.03487828 0.00000000
0.05960315 -0.94095410 0.33324560 0.00000000
-0.01586676 -0.33468990 -0.94219480 0.00000000
0.06212732 1.69148100 -0.09042228 1.00000000

0.99809610 0.05087023 -0.03487828 0.00000000
-0.05960318 0.94095410 -0.33324560 0.00000000
0.01586667 0.33469000 0.94219480 0.00000000
-0.06213536 1.68519300 -0.08608621 1.00000000

0.99829780 0.05832034 -0.00066152 0.00000000
0.05713483 -0.97559940 0.21199340 0.00000000
0.01171806 -0.21167040 -0.97727120 0.00000000
0.03783803 1.72656400 -0.07982469 1.00000000

0.99836590 0.05607605 -0.01101390 0.00000000
-0.05714103 0.97664520 -0.20712070 0.00000000
-0.00085774 0.20741160 0.97825350 0.00000000
-0.04085314 1.72255400 -0.07707494 1.00000000

0.99824430 0.04810544 -0.03455791 0.00000000
0.05675311 -0.94381560 0.32556250 0.00000000
-0.01695499 -0.32695220 -0.94488880 0.00000000
0.01711176 1.74104900 -0.12054070 1.00000000

0.99788520 0.05457642 -0.03530756 0.00000000
-0.06311268 0.94348860 -0.32533990 0.00000000
0.01555645 0.32688020 0.94493780 0.00000000
-0.02459399 1.73900200 -0.11907590 1.00000000

0.99809610 0.05087023 -0.03487828 0.00000000
0.05947033 -0.94368100 0.32546800 0.00000000
-0.01635739 -0.32692260 -0.94490960 0.00000000
0.07505222 1.73550800 -0.07670617 1.00000000

0.99809610 0.05087023 -0.03487828 0.00000000
-0.05947033 0.94368100 -0.32546800 0.00000000
0.01635739 0.32692260 0.94490960 0.00000000
-0.07847688 1.72772300 -0.07132810 1.00000000

0.99809610 0.05087023 -0.03487828 0.00000000
0.05956694 -0.94171220 0.33110430 0.00000000
-0.01600206 -0.33255160 -0.94294950 0.00000000
0.03779191 1.72723100 -0.08017178 1.00000000

0.99809610 0.05087023 -0.03487828 0.00000000
-0.05956690 0.94171210 -0.33110420 0.00000000
0.01600206 0.33255140 0.94294940 0.00000000
-0.04089925 1.72322100 -0.07742202 1.00000000

0.99664240 0.08171862 -0.00508794 0.00000000
-0.07904318 0.94408300 -0.32009320 0.00000000
-0.02135411 0.31942060 0.94737240 0.00000000
0.00235828 1.69175000 -0.01567600 1.00000000

0.99538550 0.09490685 0.01416290 0.00000000
0.08872493 -0.96649430 0.24086690 0.00000000
0.03654835 -0.23849890 -0.97045490 0.00000000
0.02189795 1.64046000 -0.11748040 1.00000000

0.99664240 0.08171862 -0.00508794 0.00000000
-0.08059479 0.96818660 -0.23689460 0.00000000
-0.01443261 0.23650930 0.97152200 0.00000000
0.00509515 1.63966500 -0.12171420 1.00000000

0.99734510 0.06861253 -0.02439460 0.00000000
-0.07247543 0.96782740 -0.24095050 0.00000000
0.00707758 0.24207870 0.97023090 0.00000000
-0.01405646 1.63788200 -0.11581450 1.00000000

0.99860920 0.04080991 -0.03338122 0.00000000
0.05043414 -0.92393930 0.37919990 0.00000000
-0.01536721 -0.38035610 -0.92471270 0.00000000
0.03299233 1.64151700 -0.10313610 1.00000000

0.99417860 0.10030290 -0.03934890 0.00000000
-0.10773620 0.92072350 -0.37504850 0.00000000
-0.00138903 0.37710460 0.92616960 0.00000000
-0.02796600 1.63666400 -0.10053330 1.00000000

0.99815330 0.05929690 -0.01317844 0.00000000
0.05974220 -0.91908260 0.38951000 0.00000000
0.01098466 -0.38957810 -0.92092800 0.00000000
0.01913301 1.65068300 -0.11579240 1.00000000

0.99671290 0.07191658 -0.03730226 0.00000000
-0.08076112 0.91843450 -0.38724080 0.00000000
0.00641072 0.38898040 0.92122380 0.00000000
0.00207938 1.65105800 -0.12069090 1.00000000

0.99385890 0.09155136 -0.06215090 0.00000000
-0.10886410 0.90960340 -0.40096180 0.00000000
0.01982403 0.40526550 0.91398420 0.00000000
-0.01452722 1.64833200 -0.11403130 1.00000000

0.99069070 0.12888390 -0.04382643 0.00000000
0.13613070 -0.93675250 0.32243420 0.00000000
0.00050202 -0.32539870 -0.94557710 0.00000000
0.01682778 1.67745000 -0.11237900 1.00000000

0.99069070 0.12888390 -0.04382643 0.00000000
-0.13613070 0.93675230 -0.32243420 0.00000000
-0.00050214 0.32539880 0.94557690 0.00000000
-0.00118626 1.68013100 -0.13405350 1.00000000

0.99069070 0.12888390 -0.04382643 0.00000000
-0.13613070 0.93675230 -0.32243420 0.00000000
-0.00050214 0.32539880 0.94557690 0.00000000
-0.01650615 1.67357500 -0.11095870 1.00000000

0.99809610 0.05087023 -0.03487828 0.00000000
0.05611038 -0.51406740 0.85591260 0.00000000
0.02561069 -0.85624010 -0.51594310 0.00000000
0.00453044 1.72266800 0.09157842 1.00000000

0.99809610 0.05087023 -0.03487828 0.00000000
-0.05568597 0.98635400 -0.15493470 0.00000000
0.02652088 0.15658200 0.98730890 0.00000000
-0.00332570 1.79320600 -0.03035166 1.00000000

0.14949030 -0.98568870 -0.07791277 0.00000000
0.69461390 0.16077030 -0.70118780 0.00000000
0.70367900 0.05070155 0.70870690 0.00000000
-0.02182119 1.49980200 0.07041301 1.00000000

0.83045130 -0.34805550 -0.43498070 0.00000000
0.24496640 0.92941600 -0.27600230 0.00000000
0.50034210 0.12265080 0.85709660 0.00000000
-0.17734540 1.46380500 0.22740870 1.00000000

0.83045130 -0.34805550 -0.43498070 0.00000000
0.41254710 0.90893670 0.06032468 0.00000000
0.37437360 -0.22954670 0.89841690 0.00000000
-0.24631340 1.20214400 0.30511440 1.00000000

0.91195640 -0.18093650 -0.36823560 0.00000000
0.28291720 0.92732270 0.24501080 0.00000000
0.29714180 -0.32761940 0.89686810 0.00000000
-0.34625450 0.98232540 0.29059650 1.00000000

-0.94723000 0.01715977 0.32009570 0.00000000
0.29714190 -0.32761930 0.89686810 0.00000000
0.12025950 0.94465390 0.30523200 0.00000000
-0.34171920 0.85537580 0.21484540 1.00000000

0.32460780 0.85050010 0.41385950 0.00000000
-0.93862320 0.23567410 0.25188160 0.00000000
0.11668940 -0.47022070 0.87480060 0.00000000
-0.40390140 0.85895070 0.20088090 1.00000000

-0.97455910 -0.22370140 0.01386955 0.00000000
0.18963570 -0.85597180 -0.48098950 0.00000000
0.11947010 -0.46612230 0.87661680 0.00000000
-0.35899430 0.84767580 0.18883010 1.00000000

0.25323920 0.90380280 0.34497880 0.00000000
-0.92721160 0.12504050 0.35304910 0.00000000
0.27595060 -0.40927410 0.86968170 0.00000000
-0.39449920 0.84499410 0.23565260 1.00000000

-0.95749830 -0.18542610 0.22094000 0.00000000
0.07166967 -0.89490630 -0.44046170 0.00000000
0.27939360 -0.40590660 0.87016050 0.00000000
-0.34809060 0.83964470 0.21836710 1.00000000

0.03012173 0.93910930 0.34229590 0.00000000
-0.93121530 -0.09807654 0.35102560 0.00000000
0.36322260 -0.32932460 0.87155870 0.00000000
-0.37872420 0.83209490 0.26860870 1.00000000

-0.92416120 -0.24612530 0.29214460 0.00000000
0.11830250 -0.91157420 -0.39374750 0.00000000
0.36322260 -0.32932470 0.87155870 0.00000000
-0.33501060 0.83669840 0.25213020 1.00000000

-0.43427740 0.82638450 0.35845810 0.00000000
-0.79624560 -0.53824480 0.27619900 0.00000000
0.42118450 -0.16547340 0.89175220 0.00000000
-0.36348030 0.82160160 0.29847210 1.00000000

-0.75094350 -0.61329190 0.24486130 0.00000000
0.50894810 -0.77376730 -0.37716880 0.00000000
0.42078010 -0.15861060 0.89318910 0.00000000
-0.32992430 0.84519150 0.28697170 1.00000000

0.07484081 0.24817620 0.96581980 0.00000000
-0.47948160 0.85818150 -0.18336290 0.00000000
-0.87435480 -0.44936970 0.18322290 0.00000000
-0.36741560 0.93833200 0.19981930 1.00000000

-0.40655790 0.88444640 0.22905240 0.00000000
-0.26497980 0.12578230 -0.95601490 0.00000000
-0.87435480 -0.44936970 0.18322270 0.00000000
-0.33899600 0.88680350 0.20906200 1.00000000

0.83634120 -0.35168740 -0.42053470 0.00000000
0.41254710 0.90893670 0.06032468 0.00000000
0.36102390 -0.22394240 0.90526870 0.00000000
-0.30078290 1.08250500 0.29724420 1.00000000

0.84750090 0.09592234 -0.52205500 0.00000000
-0.10555180 0.99434920 0.01134965 0.00000000
0.52019340 0.04548504 0.85283640 0.00000000
-0.19154340 1.46717300 0.23675950 1.00000000

0.82127310 -0.35021520 -0.45039990 0.00000000
0.24496640 0.92941600 -0.27600230 0.00000000
0.51526890 0.11634040 0.84909530 0.00000000
-0.17734540 1.46380500 0.22740870 1.00000000

0.80419080 -0.35257180 -0.47850850 0.00000000
0.24382380 0.92989880 -0.27538740 0.00000000
0.54205830 0.10479230 0.83378150 0.00000000
-0.20660430 1.35221700 0.26045520 1.00000000

0.70125090 0.00898644 -0.71285800 0.00000000
-0.00317642 0.99995000 0.00948091 0.00000000
0.71290760 -0.00438413 0.70124440 0.00000000
-0.09788242 1.00751100 -0.17990870 1.00000000

0.70146380 -0.02644253 -0.71221440 0.00000000
0.01074234 0.99959020 -0.02653179 0.00000000
0.71262410 0.01096024 0.70146050 0.00000000
-0.20466390 1.01749900 -0.08498807 1.00000000

0.69087930 -0.00652904 -0.72294060 0.00000000
0.07317492 -0.99419250 0.07890850 0.00000000
-0.71925740 -0.10741740 -0.68638940 0.00000000
-0.13174600 1.03775900 0.10645790 1.00000000

1.00000000 0.00000000 0.00000000 0.00000000
0.00000000 1.00000000 0.00000000 0.00000000
0.00000000 0.00000000 1.00000000 0.00000000
0.00000000 0.00000000 0.00000000 1.00000000

1.00000000 0.00000000 0.00000000 0.00000000
0.00000000 1.00000000 0.00000000 0.00000000
0.00000000 0.00000000 1.00000000 0.00000000
0.00000000 0.00000000 0.00000000 1.00000000

0.99809610 0.05087023 -0.03487828 0.00000000
-0.05568599 0.98635390 -0.15493490 0.00000000
0.02652085 0.15658210 0.98730900 0.00000000
0.00584607 1.63325400 -0.00117904 1.00000000

0.70289160 -0.02166013 -0.71096710 0.00000000
-0.12121710 0.98126740 -0.14973530 0.00000000
0.70089210 0.19142910 0.68709910 0.00000000
-0.01470144 0.91067840 0.00373628 1.00000000

0.97295180 0.15344570 -0.17268300 0.00000000
0.10795690 -0.96289100 -0.24735860 0.00000000
-0.20423110 0.22202560 -0.95341190 0.00000000
0.07844526 0.87628450 -0.08952721 1.00000000

0.97295180 0.15344570 -0.17268300 0.00000000
0.16647080 -0.98399490 0.06357444 0.00000000
-0.16016400 -0.09060156 -0.98292360 0.00000000
0.12162800 0.49112810 -0.18847060 1.00000000

0.99556820 0.08749861 -0.03446716 0.00000000
0.08675985 -0.99597790 -0.02237927 0.00000000
-0.03628677 0.01928970 -0.99915530 0.00000000
0.18058880 0.14032100 -0.16799300 1.00000000

0.99556820 0.08749861 -0.03446716 0.00000000
0.08675985 -0.99597790 -0.02237927 0.00000000
-0.03628677 0.01928970 -0.99915530 0.00000000
0.18465630 0.03919291 -0.30722830 1.00000000

0.08950588 -0.13446610 -0.98686750 0.00000000
0.12678700 0.98432180 -0.12262000 0.00000000
0.98788350 -0.11414680 0.10515110 0.00000000
-0.10785500 0.88202500 0.09891339 1.00000000

0.08950549 -0.13446610 -0.98686770 0.00000000
-0.11297990 0.98307820 -0.14419660 0.00000000
0.98955760 0.12440250 0.07279894 0.00000000
-0.15856980 0.48829710 0.14796210 1.00000000

0.51866220 -0.06952044 -0.85214820 0.00000000
0.04469312 0.99753060 -0.05417853 0.00000000
0.85381040 -0.00998481 0.52048840 0.00000000
-0.12050320 0.13774160 0.19917940 1.00000000

0.51866220 -0.06952044 -0.85214820 0.00000000
0.04469312 0.99753060 -0.05417853 0.00000000
0.85381040 -0.00998481 0.52048840 0.00000000
-0.24214800 0.03517675 0.13350690 1.00000000

0.71134130 -0.00366972 -0.70283720 0.00000000
0.01245945 0.99989500 0.00738946 0.00000000
0.70273630 -0.01401337 0.71131240 0.00000000
-0.03418101 1.04455600 -0.01369206 1.00000000

0.71159890 -0.04143279 -0.70136340 0.00000000
0.15222340 0.98363980 0.09633677 0.00000000
0.68589730 -0.17531700 0.70626400 0.00000000
-0.03203139 1.21706700 -0.01241717 1.00000000

0.69420580 -0.03668553 -0.71884110 0.00000000
0.06309555 0.99795720 0.01000319 0.00000000
0.71700590 -0.05229991 0.69510250 0.00000000
-0.00347248 1.40161000 0.00565676 1.00000000

0.13518010 0.95594540 -0.26056610 0.00000000
0.82181790 -0.25507910 -0.50946080 0.00000000
-0.55348170 -0.14526890 -0.82009470 0.00000000
0.06590152 1.49409800 -0.02011617 1.00000000

0.49578430 0.39359440 -0.77413270 0.00000000
0.41627640 -0.89002700 -0.18591960 0.00000000
-0.76217590 -0.23007710 -0.60510550 0.00000000
0.24990620 1.43698600 -0.13418420 1.00000000

0.49578430 0.39359440 -0.77413270 0.00000000
-0.02380829 -0.88490520 -0.46516260 0.00000000
-0.86811940 0.24905100 -0.42935130 0.00000000
0.36710440 1.18640900 -0.18652810 1.00000000

0.55735150 0.22500980 -0.79920600 0.00000000
-0.22052300 -0.88788660 -0.40376600 0.00000000
-0.80045560 0.40128280 -0.44524500 0.00000000
0.36143110 0.97241650 -0.29918670 1.00000000

-0.51059060 -0.06741157 0.85717740 0.00000000
-0.80045560 0.40128280 -0.44524500 0.00000000
-0.31395580 -0.91347030 -0.25885130 0.00000000
0.28099470 0.85020840 -0.32086980 1.00000000

-0.46484300 -0.84453090 -0.26587420 0.00000000
-0.37359220 -0.08515935 0.92367600 0.00000000
-0.80271430 0.52869250 -0.27592420 0.00000000
0.28043990 0.85915260 -0.38406880 1.00000000

-0.02023423 0.44436250 0.89561900 0.00000000
0.59340600 0.72629160 -0.34694400 0.00000000
-0.80464920 0.52444510 -0.27838320 0.00000000
0.26256590 0.85507830 -0.33987680 1.00000000

-0.27361600 -0.86878810 -0.41272460 0.00000000
-0.56580620 -0.20161780 0.79950860 0.00000000
-0.77781610 0.45228040 -0.43639980 0.00000000
0.31186000 0.84250010 -0.36897780 1.00000000

-0.42637550 0.13800120 0.89395740 0.00000000
0.46235670 0.88268110 0.08426185 0.00000000
-0.77745120 0.44925440 -0.44015950 0.00000000
0.28391390 0.83330480 -0.32878300 1.00000000

-0.31341080 -0.92557790 -0.21231900 0.00000000
-0.50448940 -0.02713654 0.86299150 0.00000000
-0.80452740 0.37758340 -0.45843930 0.00000000
0.34022630 0.82654270 -0.34795270 1.00000000

-0.43217780 0.15726660 0.88796970 0.00000000
0.40737980 0.91252310 0.03665800 0.00000000
-0.80452730 0.37758340 -0.45843920 0.00000000
0.31654420 0.82526860 -0.30744160 1.00000000

-0.26073450 -0.93418980 0.24353040 0.00000000
-0.42104450 0.33703760 0.84209700 0.00000000
-0.86875720 0.11702660 -0.48121300 0.00000000
0.36578480 0.81320290 -0.32787410 1.00000000

-0.27091170 0.70966800 0.65036820 0.00000000
0.41376220 0.69588420 -0.58698090 0.00000000
-0.86914210 0.11007770 -0.48215680 0.00000000
0.34803760 0.82830820 -0.29221480 1.00000000

-0.97054330 0.10843640 -0.21514630 0.00000000
-0.20983690 -0.81923540 0.53368690 0.00000000
-0.11838450 0.56311160 0.81785760 0.00000000
0.27523310 0.93557020 -0.34203480 1.00000000

-0.31535850 -0.80232880 0.50677200 0.00000000
0.94155970 -0.19792430 0.27256520 0.00000000
-0.11838440 0.56311170 0.81785760 0.00000000
0.26105550 0.88697920 -0.31063110 1.00000000

0.54348340 0.37907440 -0.74895170 0.00000000
-0.02380829 -0.88490520 -0.46516260 0.00000000
-0.83908240 0.27063930 -0.47190620 0.00000000
0.36405530 1.06995000 -0.24791680 1.00000000

0.64964460 -0.03281516 -0.75952990 0.00000000
0.08969998 -0.98878090 0.11944220 0.00000000
-0.75492800 -0.14572480 -0.63941250 0.00000000
0.25431630 1.43750200 -0.13862550 1.00000000

0.52311540 0.40168410 -0.75166490 0.00000000
0.41627640 -0.89002700 -0.18591960 0.00000000
-0.74368300 -0.21564290 -0.63279860 0.00000000
0.24990620 1.43698600 -0.13418420 1.00000000

0.55202860 0.40848480 -0.72691450 0.00000000
0.41557860 -0.89057450 -0.18485670 0.00000000
-0.72288250 -0.20004400 -0.66138010 0.00000000
0.29977570 1.33011700 -0.15636690 1.00000000

0.97889880 -0.03860787 -0.20066570 0.00000000
0.03303200 0.99897150 -0.03106256 0.00000000
0.20165860 0.02377875 0.97916720 0.00000000
0.00599182 1.55130300 0.00715721 1.00000000

0.99839790 0.04940160 -0.02758518 0.00000000
-0.05225866 0.99200690 -0.11485310 0.00000000
0.02169064 0.11611070 0.99299930 0.00000000
0.00909684 1.64520700 0.00423723 1.00000000

0.99839790 0.04940160 -0.02758518 0.00000000
-0.05569788 0.94391380 -0.32546040 0.00000000
0.00995958 0.32647550 0.94515320 0.00000000
0.00127345 1.73543800 -0.11732470 1.00000000

0.99839790 0.04940160 -0.02758518 0.00000000
0.05590649 -0.93638660 0.34648920 0.00000000
-0.00871316 -0.34747630 -0.93764850 0.00000000
0.06660186 1.69156300 -0.08804575 1.00000000

0.99839790 0.04940160 -0.02758518 0.00000000
-0.05590647 0.93638650 -0.34648930 0.00000000
0.00871310 0.34747640 0.93764830 0.00000000
-0.05770195 1.68552600 -0.08462680 1.00000000

0.99850890 0.05436967 -0.00490069 0.00000000
0.05416234 -0.97546880 0.21337150 0.00000000
0.00682050 -0.21331880 -0.97695900 0.00000000
0.04235434 1.72560900 -0.07712469 1.00000000

0.99851010 0.05247320 -0.01496518 0.00000000
-0.05443689 0.97677650 -0.20722940 0.00000000
0.00374362 0.20773540 0.97817790 0.00000000
-0.03636061 1.72171500 -0.07494994 1.00000000

0.99878100 0.04152985 -0.02667305 0.00000000
0.04796032 -0.94426600 0.32567070 0.00000000
-0.01166129 -0.32655300 -0.94510690 0.00000000
0.02191593 1.74066900 -0.11815610 1.00000000

0.99778290 0.05999226 -0.02881014 0.00000000
-0.06610783 0.94334330 -0.32516630 0.00000000
0.00767019 0.32635010 0.94521780 0.00000000
-0.01979544 1.73857200 -0.11694400 1.00000000

0.99839790 0.04940160 -0.02758518 0.00000000
0.05569787 -0.94391380 0.32546040 0.00000000
-0.00995958 -0.32647550 -0.94515320 0.00000000
0.07954636 1.73466900 -0.07384539 1.00000000

0.99839790 0.04940160 -0.02758518 0.00000000
-0.05569788 0.94391380 -0.32546040 0.00000000
0.00995958 0.32647550 0.94515320 0.00000000
-0.07402681 1.72708200 -0.06955279 1.00000000

0.99839790 0.04940160 -0.02758518 0.00000000
0.05577101 -0.94144020 0.33253520 0.00000000
-0.00954193 -0.33354090 -0.94268720 0.00000000
0.04229938 1.72647000 -0.07757267 1.00000000

0.99839790 0.04940160 -0.02758518 0.00000000
-0.05577099 0.94144050 -0.33253500 0.00000000
0.00954196 0.33354070 0.94268750 0.00000000
-0.03641559 1.72257600 -0.07539792 1.00000000

0.99677960 0.08015846 0.00223509 0.00000000
-0.07529342 0.94514630 -0.31785110 0.00000000
-0.02759108 0.31665920 0.94813790 0.00000000
0.00635671 1.69081900 -0.01325203 1.00000000

0.99067220 0.13609370 0.00687915 0.00000000
0.13055260 -0.96238090 0.23828350 0.00000000
0.03904933 -0.23516270 -0.97117140 0.00000000
0.02712945 1.63902100 -0.11457610 1.00000000

0.99677960 0.08015846 0.00223509 0.00000000
-0.07723805 0.96721090 -0.24194470 0.00000000
-0.02155581 0.24099290 0.97028740 0.00000000
0.00990248 1.63768700 -0.11909970 1.00000000

0.99981680 0.01912726 -0.00081691 0.00000000
-0.01877224 0.97109740 -0.23794430 0.00000000
-0.00375801 0.23791610 0.97127840 0.00000000
-0.00985682 1.63671600 -0.11326110 1.00000000

0.99714300 0.07011660 -0.02809623 0.00000000
0.07526003 -0.89043350 0.44884750 0.00000000
0.00645396 -0.44967980 -0.89316660 0.00000000
0.03831664 1.64284800 -0.09786431 1.00000000

0.99882440 0.04231313 -0.02365670 0.00000000
-0.04841664 0.89509480 -0.44323960 0.00000000
0.00241992 0.44386390 0.89609090 0.00000000
-0.02473103 1.63786500 -0.09570982 1.00000000

0.99766090 0.06798669 -0.00712082 0.00000000
0.06539170 -0.91881320 0.38923790 0.00000000
0.01992035 -0.38879300 -0.92110990 0.00000000
0.02391794 1.65076200 -0.11334800 1.00000000

0.99695470 0.07190829 -0.03017741 0.00000000
-0.07798368 0.91862610 -0.38735580 0.00000000
-0.00013238 0.38852960 0.92143630 0.00000000
0.00676070 1.65058500 -0.11833360 1.00000000

0.99538740 0.07966726 -0.05345100 0.00000000
-0.09447411 0.91089870 -0.40166940 0.00000000
0.01668832 0.40486650 0.91422340 0.00000000
-0.00994480 1.64836600 -0.11186910 1.00000000

0.99117390 0.12743020 -0.03655115 0.00000000
