MeshAnim
1
270
83
30
0.74545310 0.03277160 -0.66575200 0.00000000
-0.08392824 0.99545630 -0.04497450 0.00000000
0.66125320 0.08940177 0.74481650 0.00000000
0.00959507 0.85779880 -0.01478975 1.00000000

0.97644590 0.21574350 -0.00286400 0.00000000
0.19465090 -0.88655290 -0.41968460 0.00000000
-0.09308329 0.40924180 -0.90766550 0.00000000
0.10743660 0.83072630 -0.10562720 1.00000000

0.97644590 0.21574350 -0.00286400 0.00000000
0.20903210 -0.94261430 0.26035350 0.00000000
0.05346996 -0.25481980 -0.96550920 0.00000000
0.18529700 0.47610520 -0.27350100 1.00000000

0.99760330 0.05889735 0.03631422 0.00000000
0.05900377 -0.99825610 -0.00186477 0.00000000
0.03614113 0.00400297 -0.99933870 0.00000000
0.25989540 0.13967900 -0.18287070 1.00000000

0.99738090 0.06481757 0.03209606 0.00000000
0.06361129 -0.99727840 0.03727744 0.00000000
0.03442493 -0.03513813 -0.99878940 0.00000000
0.27099510 0.03621894 -0.31999360 1.00000000

0.49434600 -0.31101620 -0.81172100 0.00000000
0.28978140 0.93934940 -0.18343820 0.00000000
0.81954180 -0.14453970 0.55449020 0.00000000
-0.09014444 0.82203970 0.07082921 1.00000000

0.49434500 -0.31101620 -0.81172160 0.00000000
-0.21895700 0.85914050 -0.46253160 0.00000000
0.84123770 0.40638230 0.35661260 0.00000000
-0.20605720 0.44630090 0.14420500 1.00000000

0.31290840 -0.06881984 -0.94728670 0.00000000
0.02798232 0.99760650 -0.06323239 0.00000000
0.94937110 -0.00672131 0.31408520 0.00000000
-0.12990160 0.13928170 0.30822020 1.00000000

0.31360260 -0.09056035 -0.94522610 0.00000000
-0.10028830 0.98671540 -0.12780850 0.00000000
0.94424370 0.13487620 0.30035430 0.00000000
-0.26289910 0.03626180 0.27177230 1.00000000

0.57906170 -0.14417400 -0.80243470 0.00000000
-0.03832328 0.97833830 -0.20343400 0.00000000
0.81438260 0.14855280 0.56099300 0.00000000
-0.00185309 0.99358460 -0.02092438 1.00000000

0.59661470 -0.11057880 -0.79487310 0.00000000
-0.08586688 0.97598020 -0.20022340 0.00000000
0.79792090 0.18770950 0.57278910 0.00000000
-0.00846497 1.16237600 -0.05602267 1.00000000

0.60176470 -0.43093190 -0.67244100 0.00000000
-0.26372810 0.68750670 -0.67659590 0.00000000
0.75387440 0.58449300 0.30006840 0.00000000
-0.02457459 1.34548200 -0.09358692 1.00000000

-0.08516020 0.76633820 -0.63676830 0.00000000
0.66236450 -0.43388300 -0.61075290 0.00000000
-0.74432620 -0.47378450 -0.47064550 0.00000000
0.00843150 1.40027100 -0.19328630 1.00000000

0.33183030 0.42266640 -0.84335160 0.00000000
0.37490820 -0.87945950 -0.29324910 0.00000000
-0.86564020 -0.21887050 -0.45029230 0.00000000
0.15673450 1.30312500 -0.33003350 1.00000000

0.33854120 0.39377370 -0.85459480 0.00000000
-0.27076540 -0.82904160 -0.48926100 0.00000000
-0.90115270 0.39702960 -0.17404450 0.00000000
0.26228580 1.05552300 -0.41259500 1.00000000

0.45170590 0.24857890 -0.85683750 0.00000000
-0.49543340 -0.72881810 -0.47262060 0.00000000
-0.74196200 0.63799120 -0.20605710 0.00000000
0.19684590 0.85504470 -0.53109650 1.00000000

-0.35881250 -0.11824460 0.92589000 0.00000000
-0.74196200 0.63799130 -0.20605700 0.00000000
-0.56634450 -0.76091100 -0.31665220 0.00000000
0.08656960 0.75893220 -0.55292550 1.00000000

-0.58010090 -0.59734210 -0.55377400 0.00000000
-0.42698080 -0.35596470 0.83125000 0.00000000
-0.69366470 0.71865980 -0.04855803 0.00000000
0.07751507 0.77953790 -0.61265700 1.00000000

-0.10156210 -0.05230618 0.99345340 0.00000000
0.71703000 0.68838040 0.10954680 0.00000000
-0.68960370 0.72346140 -0.03240815 0.00000000
0.05708677 0.76250730 -0.57288690 1.00000000

-0.51551590 -0.73920600 -0.43337990 0.00000000
-0.43005090 -0.21425860 0.87701170 0.00000000
-0.74114780 0.63848880 -0.20744260 0.00000000
0.10601520 0.75408050 -0.60700670 1.00000000

-0.10396020 0.20252160 0.97374390 0.00000000
0.66360170 0.74338200 -0.08376205 0.00000000
-0.74082740 0.63747020 -0.21167590 0.00000000
0.08506208 0.74413870 -0.56292390 1.00000000

-0.49765100 -0.85720580 -0.13244570 0.00000000
-0.29541400 0.02393625 0.95506970 0.00000000
-0.81552080 0.51441740 -0.26514240 0.00000000
0.13277380 0.72881690 -0.59487960 1.00000000

-0.13553360 0.28801140 0.94798760 0.00000000
0.56207380 0.81029460 -0.16581880 0.00000000
-0.81590680 0.51036470 -0.27170570 0.00000000
0.11890640 0.72994060 -0.55004610 1.00000000

-0.54780560 -0.83200440 0.08762571 0.00000000
-0.24753890 0.26124550 0.93299290 0.00000000
-0.79914580 0.48940760 -0.34906520 0.00000000
0.15732930 0.70683600 -0.58270550 1.00000000

0.03727376 0.65022440 0.75882750 0.00000000
0.62571090 0.57688780 -0.52505890 0.00000000
-0.77916400 0.49437720 -0.38534960 0.00000000
0.14720330 0.71864090 -0.54304650 1.00000000

-0.49312240 0.52101400 -0.69668860 0.00000000
-0.76819130 -0.63663870 0.06762612 0.00000000
-0.40830480 0.56853790 0.71417930 0.00000000
0.09829278 0.84600570 -0.55989410 1.00000000

-0.81879890 -0.55234930 -0.15645930 0.00000000
0.42102250 -0.76303830 0.49042100 0.00000000
-0.39026790 0.33568300 0.85732610 0.00000000
0.05169762 0.80900260 -0.55707600 1.00000000

0.42124330 0.35496270 -0.83459910 0.00000000
-0.27076540 -0.82904160 -0.48926100 0.00000000
-0.86558680 0.43207850 -0.25311660 0.00000000
0.22668920 0.94642030 -0.47717090 1.00000000

0.26110800 -0.06891029 -0.96284690 0.00000000
0.22128110 -0.96661530 0.12918770 0.00000000
-0.93960500 -0.24679180 -0.23714240 0.00000000
0.14776340 1.31115600 -0.31746380 1.00000000

0.11145830 0.35678630 -0.92751310 0.00000000
0.37490820 -0.87945950 -0.29324910 0.00000000
-0.92033770 -0.31504720 -0.23178510 0.00000000
0.15673450 1.30312500 -0.33003350 1.00000000

0.16211190 0.37228200 -0.91385230 0.00000000
0.37443580 -0.88004680 -0.29208790 0.00000000
-0.91297200 -0.29482810 -0.28206170 0.00000000
0.20166680 1.19751900 -0.36508410 1.00000000

0.93192120 -0.12237090 -0.34139160 0.00000000
-0.18449130 0.65047500 -0.73678030 0.00000000
0.31222710 0.74960480 0.58361520 0.00000000
-0.06413399 1.44860800 -0.19507730 1.00000000

0.99375000 0.08745363 -0.06937659 0.00000000
-0.09187177 0.99375840 -0.06327498 0.00000000
0.06340981 0.06925327 0.99558190 0.00000000
-0.08147607 1.50975300 -0.26433470 1.00000000

0.99375000 0.08745363 -0.06937659 0.00000000
-0.10334750 0.95568900 -0.27564090 0.00000000
0.04219663 0.28108780 0.95875390 0.00000000
-0.09645652 1.58842200 -0.37974670 1.00000000

0.99375000 0.08745363 -0.06937659 0.00000000
0.10817300 -0.90788550 0.40502250 0.00000000
-0.02756518 -0.40999560 -0.91167100 0.00000000
-0.03107421 1.57220100 -0.36091620 1.00000000

0.99375000 0.08745363 -0.06937659 0.00000000
-0.10785540 0.91244860 -0.39472080 0.00000000
0.02878273 0.39973630 0.91617800 0.00000000
-0.15468980 1.56045100 -0.35188300 1.00000000

0.99375440 0.08748277 -0.06927621 0.00000000
0.10325010 -0.95633360 0.27343370 0.00000000
-0.04233047 -0.27887850 -0.95939300 0.00000000
-0.05481371 1.59512300 -0.34302060 1.00000000

0.99374760 0.08743796 -0.06942984 0.00000000
-0.10334760 0.95568810 -0.27564410 0.00000000
0.04225150 0.28109600 0.95874910 0.00000000
-0.13316220 1.58822900 -0.33755090 1.00000000

0.95906360 0.24035160 -0.14976100 0.00000000
0.27291300 -0.92562010 0.26219510 0.00000000
-0.07560268 -0.29233350 -0.95332350 0.00000000
-0.07751884 1.59403700 -0.38226090 1.00000000

0.97605620 0.20368420 -0.07633469 0.00000000
-0.21683430 0.93891560 -0.26724590 0.00000000
0.01723793 0.27739900 0.96060010 0.00000000
-0.11286380 1.59193100 -0.38094850 1.00000000

0.99335610 0.07449105 0.08771983 0.00000000
0.06852631 -0.99524980 0.06915440 0.00000000
0.09245458 -0.06268375 -0.99374210 0.00000000
-0.01823849 1.60884000 -0.34237240 1.00000000

0.98147850 0.09452092 -0.16663100 0.00000000
-0.11919510 0.98224040 -0.14490130 0.00000000
0.14997540 0.16207910 0.97531410 0.00000000
-0.17137110 1.59696500 -0.33286950 1.00000000

0.97702640 0.19907750 -0.07607603 0.00000000
0.21242910 -0.93839070 0.27257430 0.00000000
-0.01712567 -0.28247280 -0.95912240 0.00000000
-0.05488365 1.59570600 -0.34328740 1.00000000

0.99776890 -0.02528836 -0.06179011 0.00000000
0.00678273 0.95909710 -0.28299600 0.00000000
0.06641901 0.28194540 0.95712860 0.00000000
-0.13316370 1.58824100 -0.33755630 1.00000000

0.98758030 0.15154170 -0.04147914 0.00000000
-0.15704940 0.95981950 -0.23255540 0.00000000
0.00457069 0.23618120 0.97169820 0.00000000
-0.08678464 1.55581600 -0.28230860 1.00000000

0.88105730 0.47218730 -0.02787396 0.00000000
0.47288290 -0.87792800 0.07499264 0.00000000
0.01093936 -0.07925402 -0.99679450 0.00000000
-0.06334654 1.48504000 -0.38648960 1.00000000

0.99122730 0.12728350 -0.03560007 0.00000000
-0.13052140 0.98508690 -0.11210630 0.00000000
0.02079967 0.11576930 0.99305830 0.00000000
-0.08534247 1.50986300 -0.39192240 1.00000000

0.98442830 -0.16778350 -0.05243737 0.00000000
0.16177960 0.98142570 -0.10310580 0.00000000
0.06876284 0.09301695 0.99328720 0.00000000
-0.10310460 1.48182900 -0.38202370 1.00000000

0.99515440 0.07075042 -0.06828198 0.00000000
0.09026632 -0.93272150 0.34911750 0.00000000
-0.03898785 -0.35358930 -0.93458820 0.00000000
-0.06438961 1.50619100 -0.37447120 1.00000000

0.97429330 0.21180140 -0.07676503 0.00000000
-0.22527710 0.91335270 -0.33917120 0.00000000
-0.00172368 0.34774550 0.93758750 0.00000000
-0.11411090 1.49850700 -0.36827840 1.00000000

0.97549890 0.21970560 0.01146472 0.00000000
0.19124140 -0.87257270 0.44949300 0.00000000
0.10876000 -0.43628730 -0.89321050 0.00000000
-0.07216684 1.53174700 -0.38354270 1.00000000

0.98691790 0.14383060 -0.07284102 0.00000000
-0.16122270 0.87890510 -0.44892430 0.00000000
-0.00054887 0.45479490 0.89059580 0.00000000
-0.09041549 1.53219500 -0.38627730 1.00000000

0.98603490 0.06411502 -0.15370290 0.00000000
-0.13237430 0.86176380 -0.48973490 0.00000000
0.10105620 0.50324180 0.85821630 0.00000000
-0.10952880 1.52680200 -0.37908860 1.00000000

0.99371220 0.08786073 -0.06940243 0.00000000
0.10837000 -0.91055910 0.39892140 0.00000000
-0.02814549 -0.40393410 -0.91435500 0.00000000
-0.07732850 1.55983000 -0.37794650 1.00000000

0.99371220 0.08786073 -0.06940243 0.00000000
-0.10836990 0.91055910 -0.39892130 0.00000000
0.02814546 0.40393400 0.91435500 0.00000000
-0.09499357 1.55623600 -0.39937680 1.00000000

0.99371220 0.08786073 -0.06940243 0.00000000
-0.10836990 0.91055910 -0.39892130 0.00000000
0.02814546 0.40393400 0.91435500 0.00000000
-0.10988580 1.55666500 -0.37565290 1.00000000

0.99375000 0.08745363 -0.06937659 0.00000000
0.10634400 -0.55268600 0.82657670 0.00000000
0.03394380 -0.82878820 -0.55853210 0.00000000
-0.08128984 1.58175400 -0.17090460 1.00000000

0.99375000 0.08745363 -0.06937659 0.00000000
-0.09435902 0.99014840 -0.10345300 0.00000000
0.05964559 0.10935270 0.99221180 0.00000000
-0.09621289 1.65780300 -0.28879480 1.00000000

0.47542230 -0.80958130 0.34431320 0.00000000
0.41079700 -0.14179880 -0.90063270 0.00000000
0.77795850 0.56962360 0.26515920 0.00000000
-0.06774367 1.45482000 -0.10816310 1.00000000

-0.13716240 -0.75371560 -0.64272800 0.00000000
0.52439790 0.49522240 -0.69264840 0.00000000
0.84035310 -0.43205050 0.32732110 0.00000000
-0.15972100 1.48656900 0.09348860 1.00000000

-0.09454146 -0.72731730 -0.67975830 0.00000000
0.93320940 -0.30252680 0.19390150 0.00000000
-0.34667310 -0.61602500 0.70734080 0.00000000
-0.30735520 1.34714900 0.28849400 1.00000000

0.10036020 -0.34913450 -0.93168280 0.00000000
0.89088620 -0.38540210 0.24038930 0.00000000
-0.44300080 -0.85414890 0.27236020 0.00000000
-0.53308790 1.42045700 0.24170530 1.00000000

-0.25671650 0.40428160 0.87786870 0.00000000
-0.40408190 -0.87000810 0.28249550 0.00000000
0.87796070 -0.28220920 0.38670830 0.00000000
-0.62529840 1.47213700 0.15375610 1.00000000

0.76794430 -0.63901840 0.04378542 0.00000000
0.12814440 0.22025630 0.96698810 0.00000000
-0.62756720 -0.73698230 0.25103150 0.00000000
-0.64351790 1.52716800 0.18682960 1.00000000

0.42426540 -0.08057514 0.90194590 0.00000000
-0.67808200 0.63187920 0.37541090 0.00000000
-0.60016970 -0.77086710 0.21344800 0.00000000
-0.64964900 1.51663000 0.14056510 1.00000000

0.80618520 -0.58835070 -0.06252080 0.00000000
0.18594940 0.15163590 0.97078810 0.00000000
-0.56168340 -0.79426080 0.23165010 0.00000000
-0.66233860 1.49551300 0.19849370 1.00000000

0.41011270 -0.05705422 0.91024850 0.00000000
-0.73866870 0.56462320 0.36819780 0.00000000
-0.53495460 -0.82337450 0.18941510 0.00000000
-0.67080850 1.48742900 0.15007880 1.00000000

0.89074070 -0.44423030 -0.09612691 0.00000000
0.19629600 0.18524020 0.96288840 0.00000000
-0.40993760 -0.87655310 0.25220170 0.00000000
-0.67840820 1.46083100 0.20483880 1.00000000

0.61349750 -0.08092465 0.78553950 0.00000000
-0.68851050 0.43235160 0.58225890 0.00000000
-0.38674850 -0.89806640 0.20952930 0.00000000
-0.68762300 1.45213600 0.15963830 1.00000000

0.88923440 -0.40640550 -0.20999250 0.00000000
0.25276970 0.05392154 0.96602280 0.00000000
-0.38127400 -0.91210030 0.15067590 0.00000000
-0.69162820 1.42874000 0.21028490 1.00000000

0.72449710 -0.19985780 0.65966730 0.00000000
-0.59350430 0.30579010 0.74447640 0.00000000
-0.35050920 -0.93088630 0.10292750 0.00000000
-0.70167340 1.42614100 0.16896850 1.00000000

-0.87265660 -0.37506900 -0.31271980 0.00000000
-0.30106760 -0.09097493 0.94925360 0.00000000
-0.38448520 0.92252220 -0.03353126 0.00000000
-0.55676170 1.50091200 0.18641920 1.00000000

-0.25053780 -0.12369140 0.96017270 0.00000000
0.88897290 0.36334150 0.27876590 0.00000000
-0.38335160 0.92340890 0.01892759 0.00000000
-0.53732130 1.50697900 0.13044130 1.00000000

-0.00110331 -0.54202470 -0.84036200 0.00000000
0.93320940 -0.30252680 0.19390150 0.00000000
-0.35933150 -0.78401960 0.50615620 0.00000000
-0.43023400 1.38711200 0.26307450 1.00000000

0.61477460 -0.55060840 -0.56469680 0.00000000
0.33541960 0.83053210 -0.44464640 0.00000000
0.71382490 0.08394688 0.69527480 0.00000000
-0.13822070 1.48524000 0.05921702 1.00000000

0.42360410 -0.85739110 -0.29230130 0.00000000
0.52439790 0.49522240 -0.69264840 0.00000000
0.73862460 0.14012640 0.65939220 0.00000000
-0.15972100 1.48656900 0.09348860 1.00000000

0.39196160 -0.86208630 -0.32120590 0.00000000
0.52459950 0.49625910 -0.69175320 0.00000000
0.75575230 0.10263620 0.64676460 0.00000000
-0.22267290 1.42701800 0.17649900 1.00000000

0.74606030 0.05889829 -0.66326850 0.00000000
0.02556673 0.99281220 0.11691990 0.00000000
0.66538750 -0.10418690 0.73919180 0.00000000
-0.05883185 0.97708680 -0.19384310 1.00000000

0.74542230 0.03184873 -0.66583130 0.00000000
0.03437655 0.99569210 0.08611278 0.00000000
0.66570560 -0.08707939 0.74111630 0.00000000
-0.17123820 0.98025120 -0.10514840 1.00000000

0.56812180 -0.00685519 -0.82291600 0.00000000
-0.08579385 -0.99500990 -0.05094127 0.00000000
-0.81846030 0.09954200 -0.56587490 0.00000000
-0.09475958 0.99482600 0.09508439 1.00000000

1.00000000 0.00000000 0.00000000 0.00000000
0.00000000 1.00000000 0.00000000 0.00000000
0.00000000 0.00000000 1.00000000 0.00000000
0.00000000 0.00000000 0.00000000 1.00000000

1.00000000 0.00000000 0.00000000 0.00000000
0.00000000 1.00000000 0.00000000 0.00000000
0.00000000 0.00000000 1.00000000 0.00000000
0.00000000 0.00000000 0.00000000 1.00000000

0.99375000 0.08745363 -0.06937659 0.00000000
-0.09435908 0.99014840 -0.10345310 0.00000000
0.05964568 0.10935280 0.99221180 0.00000000
-0.08061267 1.49704500 -0.26798390 1.00000000

0.74035160 0.04734126 -0.67055080 0.00000000
-0.09112098 0.99537780 -0.03033196 0.00000000
0.66601530 0.08355756 0.74124330 0.00000000
0.00561652 0.85577860 -0.01336499 1.00000000

0.97542810 0.22030010 -0.00279188 0.00000000
0.19887440 -0.88587280 -0.41913960 0.00000000
-0.09480971 0.40828530 -0.90791750 0.00000000
0.10297990 0.83067080 -0.10527420 1.00000000

0.97542810 0.22030010 -0.00279188 0.00000000
0.21340020 -0.94157490 0.26057060 0.00000000
0.05477500 -0.25476370 -0.96545080 0.00000000
0.18252970 0.47632170 -0.27293000 1.00000000

0.99757220 0.06297655 0.02972466 0.00000000
0.06300101 -0.99801340 0.00011533 0.00000000
0.02967289 0.00175767 -0.99955810 0.00000000
0.25868730 0.14026590 -0.18222210 1.00000000

0.99729170 0.06906464 0.02528238 0.00000000
0.06804387 -0.99691090 0.03922806 0.00000000
0.02791360 -0.03740145 -0.99891030 0.00000000
0.26931720 0.03652358 -0.31916880 1.00000000

0.49584210 -0.30896980 -0.81159000 0.00000000
0.30069960 0.93783800 -0.17331920 0.00000000
0.81469020 -0.15810590 0.55792670 0.00000000
-0.09324902 0.81812260 0.07245410 1.00000000

0.49584110 -0.30896980 -0.81159060 0.00000000
-0.23869040 0.85008350 -0.46945180 0.00000000
0.83496610 0.42649240 0.34775820 0.00000000
-0.21352910 0.44298830 0.14178230 1.00000000

0.31303730 -0.06871516 -0.94725170 0.00000000
0.02790799 0.99761400 -0.06314572 0.00000000
0.94933060 -0.00666894 0.31420810 0.00000000
-0.13032840 0.13915170 0.30828280 1.00000000

0.31377200 -0.09031257 -0.94519360 0.00000000
-0.10066980 0.98669110 -0.12769650 0.00000000
0.94414650 0.13522010 0.30050410 0.00000000
-0.26331260 0.03612375 0.27180900 1.00000000

0.57547300 -0.13094470 -0.80726970 0.00000000
-0.04291943 0.98090270 -0.18970490 0.00000000
0.81669380 0.14381760 0.55886290 0.00000000
-0.00681278 0.99155370 -0.01750230 1.00000000

0.59300900 -0.09429666 -0.79965520 0.00000000
-0.09349400 0.97833760 -0.18470050 0.00000000
0.79974950 0.18429200 0.57134680 0.00000000
-0.01421763 1.16078800 -0.05023192 1.00000000

0.60258510 -0.41248610 -0.68318840 0.00000000
-0.27561350 0.69583170 -0.66321600 0.00000000
0.74895150 0.58794000 0.30561120 0.00000000
-0.03175817 1.34433600 -0.08488391 1.00000000

-0.09856912 0.77594440 -0.62305260 0.00000000
0.66357530 -0.41533050 -0.62222870 0.00000000
-0.74158760 -0.47477490 -0.47395880 0.00000000
0.00002100 1.40118800 -0.18382380 1.00000000

0.30284590 0.43565780 -0.84763590 0.00000000
0.41601490 -0.86062380 -0.29369810 0.00000000
-0.85744740 -0.26368390 -0.44187650 0.00000000
0.14859510 1.30819600 -0.32314050 1.00000000

0.31090070 0.40709660 -0.85884390 0.00000000
-0.23809680 -0.84145270 -0.48504390 0.00000000
-0.92013630 0.35528860 -0.16467980 0.00000000
0.26571950 1.06589700 -0.40582830 1.00000000

0.43528790 0.26744490 -0.85964970 0.00000000
-0.46809460 -0.74841130 -0.46985970 0.00000000
-0.76903320 0.60692170 -0.20058470 0.00000000
0.20817720 0.86241850 -0.52331040 1.00000000

-0.34739120 -0.13342160 0.92818010 0.00000000
-0.76903310 0.60692160 -0.20058470 0.00000000
-0.53657020 -0.78348270 -0.31344500 0.00000000
0.10181800 0.76184660 -0.54447530 1.00000000

-0.55866070 -0.62050180 -0.55034150 0.00000000
-0.40632380 -0.37370570 0.83381360 0.00000000
-0.72304860 0.68943580 -0.04334992 0.00000000
0.09151912 0.78209110 -0.60412860 1.00000000

-0.09263313 -0.05695385 0.99407030 0.00000000
0.68872510 0.71733840 0.10527830 0.00000000
-0.71908070 0.69439330 -0.02722386 0.00000000
0.07207917 0.76421160 -0.56423600 1.00000000

-0.48746670 -0.75963930 -0.43049350 0.00000000
-0.41493260 -0.23227000 0.87970530 0.00000000
-0.76824920 0.60745300 -0.20197510 0.00000000
0.12108320 0.75782910 -0.59868920 1.00000000

-0.10568040 0.19756780 0.97457610 0.00000000
0.63177310 0.77018490 -0.08762527 0.00000000
-0.76791570 0.60645090 -0.20621150 0.00000000
0.10085520 0.74700860 -0.55447480 1.00000000

-0.46272310 -0.87695240 -0.12977800 0.00000000
-0.28972060 0.01124047 0.95704520 0.00000000
-0.83782420 0.48044630 -0.25927230 0.00000000
0.14894280 0.73368560 -0.58676140 1.00000000

-0.14092820 0.28169420 0.94909860 0.00000000
0.52702020 0.83289050 -0.16894800 0.00000000
-0.83808670 0.47638450 -0.26583620 0.00000000
0.13534240 0.73421320 -0.54183500 1.00000000

-0.51239410 -0.85395320 0.09064412 0.00000000
-0.25183150 0.25033500 0.93483330 0.00000000
-0.82099550 0.45617600 -0.34332240 0.00000000
0.17446590 0.71273080 -0.57476920 1.00000000

0.01550469 0.65082730 0.75906780 0.00000000
0.59781990 0.60249020 -0.52878800 0.00000000
-0.80148050 0.46198450 -0.37973600 0.00000000
0.16412810 0.72408800 -0.53503390 1.00000000

-0.51888200 0.50056340 -0.69296290 0.00000000
-0.74078570 -0.66784220 0.07227361 0.00000000
-0.42661220 0.55083880 0.71734140 0.00000000
0.10989000 0.84933340 -0.55145440 1.00000000

-0.79633500 -0.58560090 -0.15140180 0.00000000
0.45544840 -0.74525400 0.48699430 0.00000000
-0.39801700 0.31885490 0.86018250 0.00000000
0.06488183 0.81043690 -0.54835290 1.00000000

0.39746440 0.37125640 -0.83916070 0.00000000
-0.23809680 -0.84145270 -0.48504390 0.00000000
-0.88618960 0.39258940 -0.24605240 0.00000000
0.23442000 0.95516210 -0.46984970 1.00000000

0.27719250 -0.05082216 -0.95946930 0.00000000
0.26036170 -0.95726430 0.12592420 0.00000000
-0.92486550 -0.28471430 -0.25211440 0.00000000
0.14000450 1.31541400 -0.31067070 1.00000000

0.10909900 0.36787620 -0.92345240 0.00000000
0.41601490 -0.86062380 -0.29369810 0.00000000
-0.90278970 -0.35212780 -0.24693530 0.00000000
0.14859510 1.30819600 -0.32314050 1.00000000

0.15838200 0.38522710 -0.90912880 0.00000000
0.41558280 -0.86122990 -0.29253080 0.00000000
-0.89565980 -0.33148660 -0.29649710 0.00000000
0.19846500 1.20484800 -0.35824420 1.00000000

0.93182670 -0.10460260 -0.34750170 0.00000000
-0.19606750 0.66066430 -0.72462430 0.00000000
0.30537950 0.74335780 0.59511540 0.00000000
-0.07310038 1.44871100 -0.18436730 1.00000000

0.99278500 0.09552580 -0.07247299 0.00000000
-0.09922918 0.99384080 -0.04933990 0.00000000
0.06731340 0.05617540 0.99614930 0.00000000
-0.09153065 1.51081300 -0.25248200 1.00000000

0.99278500 0.09552580 -0.07247299 0.00000000
-0.11137150 0.95857830 -0.26215290 0.00000000
0.04442871 0.26833290 0.96230130 0.00000000
-0.10758110 1.59093400 -0.36674630 1.00000000

0.99278500 0.09552580 -0.07247299 0.00000000
0.11642800 -0.91250330 0.39215130 0.00000000
-0.02867126 -0.39775990 -0.91704160 0.00000000
-0.04200211 1.57492600 -0.34842110 1.00000000

0.99278500 0.09552580 -0.07247299 0.00000000
-0.11609740 0.91692850 -0.38179000 0.00000000
0.02998164 0.38744940 0.92140340 0.00000000
-0.16548980 1.56216800 -0.33901460 1.00000000

0.99283640 0.09581111 -0.07138816 0.00000000
0.11121040 -0.95946640 0.25895270 0.00000000
-0.04368398 -0.26503680 -0.96324840 0.00000000
-0.06582515 1.59743400 -0.33011260 1.00000000

0.99281690 0.09570278 -0.07180005 0.00000000
-0.11131660 0.95885200 -0.26117320 0.00000000
0.04385066 0.26728980 0.96261800 0.00000000
-0.14409760 1.58990300 -0.32439880 1.00000000

0.95665540 0.24924860 -0.15061730 0.00000000
0.28065740 -0.92711190 0.24838510 0.00000000
-0.07772955 -0.27989090 -0.95688000 0.00000000
-0.08869517 1.59671800 -0.36926560 1.00000000

0.97423320 0.21171020 -0.07777131 0.00000000
-0.22469770 0.94087760 -0.25349680 0.00000000
0.01950550 0.26444000 0.96420490 0.00000000
-0.12401810 1.59434000 -0.36782930 1.00000000

0.99317780 0.08042769 0.08443266 0.00000000
0.07592103 -0.99557930 0.05529919 0.00000000
0.08850691 -0.04851167 -0.99489380 0.00000000
-0.02934614 1.61140300 -0.32943570 1.00000000

0.98003400 0.10382540 -0.16956830 0.00000000
-0.12683000 0.98323640 -0.13099670 0.00000000
0.15312490 0.14988750 0.97677360 0.00000000
-0.18234680 1.59830000 -0.31943370 1.00000000

0.97523730 0.20710740 -0.07757953 0.00000000
0.22031250 -0.94045670 0.25885070 0.00000000
-0.01935029 -0.26953270 -0.96279680 0.00000000
-0.06590044 1.59802000 -0.33037120 1.00000000

0.99764070 -0.01727699 -0.06643987 0.00000000
-0.00130202 0.96287730 -0.26993680 0.00000000
0.06863707 0.26938640 0.96058330 0.00000000
-0.14409900 1.58991600 -0.32440080 1.00000000

0.98628220 0.15918300 -0.04367912 0.00000000
-0.16491060 0.96173730 -0.21878340 0.00000000
0.00718132 0.22298540 0.97479530 0.00000000
-0.09724665 1.55707700 -0.26980400 1.00000000

0.87753860 0.47884060 -0.02524883 0.00000000
0.47945320 -0.87544570 0.06098717 0.00000000
0.00709906 -0.06562427 -0.99781930 0.00000000
-0.07376546 1.48789300 -0.37503930 1.00000000

0.99012890 0.13486890 -0.03814548 0.00000000
-0.13802720 0.98555190 -0.09816262 0.00000000
0.02435538 0.10245880 0.99443910 0.00000000
-0.09596148 1.51262900 -0.38003850 1.00000000

0.98535750 -0.15997830 -0.05897075 0.00000000
0.15432520 0.98387290 -0.09043069 0.00000000
0.07248670 0.08000587 0.99415540 0.00000000
-0.11347940 1.48433700 -0.37044580 1.00000000

0.99431510 0.07879742 -0.07161093 0.00000000
0.09843041 -0.93670760 0.33599280 0.00000000
-0.04060322 -0.34113140 -0.93913850 0.00000000
-0.07490607 1.50887000 -0.36272970 1.00000000

0.97241820 0.21978660 -0.07808197 0.00000000
-0.23324440 0.91624110 -0.32572870 0.00000000
-0.00004885 0.33495680 0.94223360 0.00000000
-0.12454350 1.50074700 -0.35642730 1.00000000

0.97393690 0.22658780 0.01023740 0.00000000
0.19948930 -0.87719260 0.43673510 0.00000000
0.10793900 -0.42331040 -0.89953210 0.00000000
-0.08290517 1.53449100 -0.37141870 1.00000000

0.98554730 0.15182430 -0.07513666 0.00000000
-0.16939920 0.88375190 -0.43621900 0.00000000
0.00017348 0.44264250 0.89669810 0.00000000
-0.10116840 1.53484500 -0.37406790 1.00000000

0.98486880 0.07320425 -0.15708010 0.00000000
-0.14061020 0.86737200 -0.47738300 0.00000000
0.10130030 0.49224690 0.86454110 0.00000000
-0.12021090 1.52921800 -0.36687090 1.00000000

0.99274440 0.09593297 -0.07249311 0.00000000
0.11661700 -0.91509240 0.38601360 0.00000000
-0.02930662 -0.39166680 -0.91964040 0.00000000
-0.08824214 1.56245900 -0.36541840 1.00000000

0.99274440 0.09593297 -0.07249311 0.00000000
-0.11661700 0.91509230 -0.38601350 0.00000000
0.02930659 0.39166670 0.91964040 0.00000000
-0.10597580 1.55903100 -0.38681910 1.00000000

0.99274440 0.09593297 -0.07249311 0.00000000
-0.11661700 0.91509230 -0.38601350 0.00000000
0.02930659 0.39166670 0.91964040 0.00000000
-0.12076560 1.55902900 -0.36302730 1.00000000

0.99278500 0.09552580 -0.07247299 0.00000000
0.11393090 -0.56308600 0.81850700 0.00000000
0.03737995 -0.82085870 -0.56990690 0.00000000
-0.09144463 1.58153800 -0.15808190 1.00000000

0.99278500 0.09552580 -0.07247299 0.00000000
-0.10186810 0.99075890 -0.08955216 0.00000000
0.06324872 0.09628882 0.99334190 0.00000000
-0.10742990 1.65907300 -0.27486010 1.00000000

0.48837630 -0.80868100 0.32790790 0.00000000
0.40550280 -0.12242200 -0.90585890 0.00000000
0.77269390 0.57536760 0.26813450 0.00000000
-0.07625801 1.45340300 -0.09734019 1.00000000

-0.13064070 -0.74435050 -0.65488560 0.00000000
0.50805230 0.51696290 -0.68893560 0.00000000
0.85136110 -0.42271920 0.31063250 0.00000000
-0.16705000 1.48081200 0.10548170 1.00000000

-0.08889547 -0.71652820 -0.69187070 0.00000000
0.93763220 -0.29456900 0.18459470 0.00000000
-0.33607090 -0.63231060 0.69802580 0.00000000
-0.31008230 1.33527200 0.29944180 1.00000000

0.09657013 -0.33131860 -0.93856380 0.00000000
0.89553110 -0.38262190 0.22721030 0.00000000
-0.43439420 -0.86245500 0.25975650 0.00000000
-0.53688590 1.40665300 0.25490650 1.00000000

-0.25372540 0.38619170 0.88683690 0.00000000
-0.39528240 -0.87818630 0.26933380 0.00000000
0.88282240 -0.28221410 0.37547290 0.00000000
-0.63011040 1.45919100 0.16854860 1.00000000

0.77320430 -0.63358810 0.02685797 0.00000000
0.13317630 0.20363890 0.96994600 0.00000000
-0.62001550 -0.74638950 0.24183340 0.00000000
-0.64852790 1.51346300 0.20274460 1.00000000

0.43117820 -0.09359750 0.89739920 0.00000000
-0.68036020 0.61953790 0.39151310 0.00000000
-0.59261750 -0.77936660 0.20345120 0.00000000
-0.65489970 1.50372100 0.15633890 1.00000000

0.81030370 -0.58069270 -0.07876545 0.00000000
0.19154100 0.13542210 0.97209720 0.00000000
-0.55382310 -0.80278070 0.22095960 0.00000000
-0.66701840 1.48145400 0.21395790 1.00000000

0.41690030 -0.07034461 0.90622620 0.00000000
-0.74046810 0.55194500 0.38348890 0.00000000
-0.52716330 -0.83090820 0.17801820 0.00000000
-0.67576320 1.47418500 0.16546280 1.00000000

0.89349280 -0.43531750 -0.11031440 0.00000000
0.20156900 0.16924570 0.96474130 0.00000000
-0.40129850 -0.88422540 0.23896640 0.00000000
-0.68277160 1.44653500 0.21977900 1.00000000

0.61958860 -0.09032582 0.77971240 0.00000000
-0.68778210 0.41620380 0.59475240 0.00000000
-0.37824070 -0.90477390 0.19575080 0.00000000
-0.69223400 1.43859100 0.17449150 1.00000000

0.89089480 -0.39544080 -0.22345780 0.00000000
0.25908840 0.03834446 0.96509220 0.00000000
-0.37306830 -0.91769080 0.13661500 0.00000000
-0.69570200 1.41424600 0.22472900 1.00000000

0.73063190 -0.20606380 0.65093370 0.00000000
-0.59065740 0.28747070 0.75397920 0.00000000
-0.34249220 -0.93535980 0.08832218 0.00000000
-0.70601510 1.41232000 0.18344180 1.00000000

-0.87186260 -0.37623880 -0.31352840 0.00000000
-0.29370300 -0.11061820 0.94947500 0.00000000
-0.39191110 0.91989590 -0.01405856 0.00000000
-0.56157400 1.48791000 0.20126130 1.00000000

-0.24284370 -0.14312550 0.95944910 0.00000000
0.88803250 0.36526070 0.27925520 0.00000000
-0.39041760 0.91983710 0.03839880 0.00000000
-0.54257350 1.49514800 0.14527150 1.00000000

0.00137094 -0.52787300 -0.84932210 0.00000000
0.93763220 -0.29456900 0.18459470 0.00000000
-0.34762640 -0.79660490 0.49454690 0.00000000
-0.43354460 1.37418500 0.27525000 1.00000000

0.61823050 -0.52923850 -0.58111770 0.00000000
0.31589090 0.84430100 -0.43286110 0.00000000
0.71972480 0.08403810 0.68915430 0.00000000
-0.14603250 1.48023800 0.07153621 1.00000000

0.43545960 -0.84426650 -0.31239240 0.00000000
0.50805230 0.51696290 -0.68893560 0.00000000
0.74314040 0.14129190 0.65404810 0.00000000
-0.16705000 1.48081200 0.10548170 1.00000000

0.40358470 -0.84900120 -0.34105140 0.00000000
0.50824510 0.51798680 -0.68802370 0.00000000
0.76079330 0.10433820 0.64055230 0.00000000
-0.22803940 1.41865400 0.18804450 1.00000000

0.74076780 0.07013915 -0.66808940 0.00000000
0.02046113 0.99171700 0.12680210 0.00000000
0.67144940 -0.10760080 0.73319700 0.00000000
-0.06493138 0.97708830 -0.19022350 1.00000000

0.74031230 0.04590370 -0.67069410 0.00000000
0.02894789 0.99456400 0.10002270 0.00000000
0.67163950 -0.09346326 0.73495910 0.00000000
-0.17670940 0.97821900 -0.10068950 1.00000000

0.56346960 0.00948744 -0.82608220 0.00000000
-0.07922281 -0.99470530 -0.06546184 0.00000000
-0.82232940 0.10233030 -0.55973480 0.00000000
-0.09893853 0.99063030 0.09901168 1.00000000

1.00000000 0.00000000 0.00000000 0.00000000
0.00000000 1.00000000 0.00000000 0.00000000
0.00000000 0.00000000 1.00000000 0.00000000
0.00000000 0.00000000 0.00000000 1.00000000

1.00000000 0.00000000 0.00000000 0.00000000
0.00000000 1.00000000 0.00000000 0.00000000
0.00000000 0.00000000 1.00000000 0.00000000
0.00000000 0.00000000 0.00000000 1.00000000

0.99278500 0.09552580 -0.07247299 0.00000000
-0.10186810 0.99075900 -0.08955228 0.00000000
0.06324872 0.09628892 0.99334190 0.00000000
-0.09059284 1.49816200 -0.25630760 1.00000000

0.73525700 0.06059556 -0.67507420 0.00000000
-0.09773659 0.99506490 -0.01713145 0.00000000
0.67070460 0.07857547 0.73755090 0.00000000
0.00303263 0.85390840 -0.01206182 1.00000000

0.97470850 0.22338360 -0.00656518 0.00000000
0.19991490 -0.88468340 -0.42115290 0.00000000
-0.09988692 0.40918880 -0.90696610 0.00000000
0.09990124 0.83059370 -0.10496080 1.00000000

0.97470850 0.22338360 -0.00656518 0.00000000
0.21709080 -0.93945850 0.26512210 0.00000000
0.05305606 -0.25984210 -0.96419260 0.00000000
0.17986720 0.47672040 -0.27342190 1.00000000

0.99734320 0.07057870 0.01803461 0.00000000
0.07051873 -0.99750290 0.00394428 0.00000000
0.01826784 -0.00266210 -0.99982970 0.00000000
0.25733610 0.14140750 -0.18108960 1.00000000

0.99694350 0.07701457 0.01313487 0.00000000
0.07638699 -0.99615130 0.04299124 0.00000000
0.01639515 -0.04185658 -0.99898920 0.00000000
0.26718650 0.03711277 -0.31767460 1.00000000

0.49687740 -0.30750360 -0.81151360 0.00000000
0.31112910 0.93607470 -0.16420340 0.00000000
0.81013050 -0.17089650 0.56078770 0.00000000
-0.09497739 0.81453250 0.07396638 1.00000000

0.49687640 -0.30750360 -0.81151430 0.00000000
-0.25545240 0.84185990 -0.47541150 0.00000000
0.82937200 0.44352400 0.33974770 0.00000000
-0.21942920 0.44010350 0.13964830 1.00000000

0.31326080 -0.06854630 -0.94719000 0.00000000
0.02783214 0.99762590 -0.06299146 0.00000000
0.94925920 -0.00662956 0.31442490 0.00000000
-0.13024380 0.13915940 0.30829010 1.00000000

0.31409080 -0.08989932 -0.94512690 0.00000000
-0.10122170 0.98666140 -0.12748870 0.00000000
0.94398160 0.13571050 0.30080170 0.00000000
-0.26321020 0.03612477 0.27177040 1.00000000

0.57188460 -0.11883540 -0.81168100 0.00000000
-0.04734912 0.98302060 -0.17728130 0.00000000
0.81896650 0.13981680 0.55654760 0.00000000
-0.01029907 0.98964080 -0.01439851 1.00000000

0.58967320 -0.07934423 -0.80373500 0.00000000
-0.10073420 0.98016610 -0.17066660 0.00000000
0.80133520 0.18160120 0.56998490 0.00000000
-0.01846817 1.15924000 -0.04498468 1.00000000

0.60345300 -0.39552310 -0.69239150 0.00000000
-0.28647960 0.70280250 -0.65115120 0.00000000
0.74415990 0.59129520 0.31079910 0.00000000
-0.03736706 1.34313100 -0.07700373 1.00000000

-0.11170070 0.78405950 -0.61055230 0.00000000
0.66494540 -0.39761360 -0.63225900 0.00000000
-0.73849250 -0.47660770 -0.47694280 0.00000000
-0.00671001 1.40182000 -0.17522290 1.00000000

0.27405170 0.44701220 -0.85151380 0.00000000
0.45440210 -0.84053160 -0.29500180 0.00000000
-0.84759370 -0.30608380 -0.43347240 0.00000000
0.14217080 1.31279400 -0.31678530 1.00000000

0.28337450 0.41883610 -0.86271390 0.00000000
-0.21061290 -0.85044710 -0.48206040 0.00000000
-0.93559690 0.31830250 -0.15278270 0.00000000
0.27010270 1.07615300 -0.39984020 1.00000000

0.42191240 0.28509700 -0.86064480 0.00000000
-0.44626990 -0.76100600 -0.47086470 0.00000000
-0.78919800 0.58274380 -0.19384750 0.00000000
0.21920420 0.87050030 -0.51660120 1.00000000

-0.33800860 -0.14861850 0.92933450 0.00000000
-0.78919800 0.58274360 -0.19384750 0.00000000
-0.51275440 -0.79895110 -0.31426190 0.00000000
0.11602270 0.76665260 -0.53767870 1.00000000

-0.54132570 -0.63572300 -0.55029360 0.00000000
-0.38968390 -0.39025610 0.83417410 0.00000000
-0.74505910 0.66600080 -0.03647542 0.00000000
0.10476300 0.78681810 -0.59718500 1.00000000

-0.08549592 -0.06428511 0.99426280 0.00000000
0.66585420 0.73865480 0.10501510 0.00000000
-0.74116750 0.67101220 -0.02034742 0.00000000
0.08611920 0.76814680 -0.55727510 1.00000000

-0.46506270 -0.77302450 -0.43145120 0.00000000
-0.40259290 -0.24937420 0.88075630 0.00000000
-0.78843920 0.58330620 -0.19523940 0.00000000
0.13512030 0.76349600 -0.59200880 1.00000000

-0.10682210 0.18976840 0.97600050 0.00000000
0.60621330 0.79049100 -0.08734930 0.00000000
-0.78809580 0.58233370 -0.19948200 0.00000000
0.11548470 0.75183560 -0.54774100 1.00000000

-0.43497010 -0.89080500 -0.13140660 0.00000000
-0.28486700 -0.00230452 0.95856440 0.00000000
-0.85419690 0.45438050 -0.25275840 0.00000000
0.16380420 0.74020890 -0.58033490 1.00000000

-0.14489050 0.27282880 0.95108970 0.00000000
0.49906980 0.85015170 -0.16784450 0.00000000
-0.85436330 0.45034130 -0.25933940 0.00000000
0.15043190 0.74010090 -0.53533740 1.00000000

-0.48418850 -0.87038780 0.08937083 0.00000000
-0.25480230 0.23798070 0.93725190 0.00000000
-0.83704100 0.43103490 -0.33700420 0.00000000
0.19005090 0.72003350 -0.56857020 1.00000000

-0.00141305 0.64763750 0.76194750 0.00000000
0.57533640 0.62373660 -0.52909430 0.00000000
-0.81791590 0.43762850 -0.37349060 0.00000000
0.17956370 0.73087700 -0.52873100 1.00000000

-0.53836420 0.48665970 -0.68798740 0.00000000
-0.71853940 -0.69164180 0.07302713 0.00000000
-0.44030150 0.53366150 0.72203900 0.00000000
0.12124080 0.85438380 -0.54429880 1.00000000

-0.77788620 -0.61024530 -0.14998120 0.00000000
0.48174170 -0.73235430 0.48123040 0.00000000
-0.40350780 0.30209040 0.86366840 0.00000000
0.07752360 0.81404620 -0.54114390 1.00000000

0.37517090 0.38504260 -0.84320160 0.00000000
-0.21061290 -0.85044710 -0.48206040 0.00000000
-0.90271220 0.35844440 -0.23796810 0.00000000
0.24241760 0.96423520 -0.46346930 1.00000000

0.29075270 -0.03168051 -0.95627370 0.00000000
0.29770790 -0.94684460 0.12188520 0.00000000
-0.90930390 -0.32012860 -0.26586620 0.00000000
0.13379530 1.31944400 -0.30433700 1.00000000

0.10525950 0.37950980 -0.91918040 0.00000000
0.45440210 -0.84053160 -0.29500180 0.00000000
-0.88455620 -0.38662570 -0.26092410 0.00000000
0.14217080 1.31279400 -0.31678530 1.00000000

0.15306460 0.39850450 -0.90430380 0.00000000
0.45401000 -0.84115410 -0.29382900 0.00000000
-0.87775090 -0.36558800 -0.30967610 0.00000000
0.19665200 1.21185600 -0.35204470 1.00000000

0.93222390 -0.08710031 -0.35124360 0.00000000
-0.20639700 0.66928900 -0.71375940 0.00000000
0.29725210 0.73787930 0.60594990 0.00000000
-0.08033922 1.44855200 -0.17467740 1.00000000

0.99195340 0.10325740 -0.07325557 0.00000000
-0.10620560 0.99363490 -0.03755057 0.00000000
0.06891215 0.04502844 0.99660600 0.00000000
-0.09974048 1.51146500 -0.24177090 1.00000000

0.99195340 0.10325740 -0.07325557 0.00000000
-0.11852850 0.96077160 -0.25073680 0.00000000
0.04449162 0.25740200 0.96527960 0.00000000
-0.11657340 1.59279800 -0.35506150 1.00000000

0.99195340 0.10325740 -0.07325557 0.00000000
0.12352550 -0.91618080 0.38125400 0.00000000
-0.02774823 -0.38723520 -0.92156360 0.00000000
-0.05084818 1.57703000 -0.33704980 1.00000000

0.99195340 0.10325740 -0.07325557 0.00000000
-0.12320480 0.92048720 -0.37084260 0.00000000
0.02913868 0.37688380 0.92580210 0.00000000
-0.17422610 1.56331000 -0.32755640 1.00000000

0.99208560 0.10394310 -0.07044378 0.00000000
0.11825160 -0.96208640 0.24577790 0.00000000
-0.04222628 -0.25216280 -0.96676340 0.00000000
-0.07479038 1.59916100 -0.31843460 1.00000000

0.99204610 0.10373690 -0.07129881 0.00000000
-0.11836710 0.96149990 -0.24800660 0.00000000
0.04282644 0.25447330 0.96613110 0.00000000
-0.15299720 1.59102100 -0.31265900 1.00000000

0.95460430 0.25762580 -0.14953170 0.00000000
0.28756470 -0.92797200 0.23701270 0.00000000
-0.07770088 -0.26925330 -0.95992980 0.00000000
-0.09773298 1.59874200 -0.35754940 1.00000000

0.97258710 0.21936390 -0.07716247 0.00000000
-0.23171200 0.94218440 -0.24207070 0.00000000
0.01959980 0.25331420 0.96718540 0.00000000
-0.13303570 1.59610300 -0.35607330 1.00000000

0.99276400 0.08633479 0.08346188 0.00000000
0.08292198 -0.99560490 0.04353372 0.00000000
0.08685353 -0.03629788 -0.99555980 0.00000000
-0.03840763 1.61337400 -0.31766470 1.00000000

0.97895130 0.11259920 -0.17022290 0.00000000
-0.13389540 0.98379170 -0.11927240 0.00000000
0.15403400 0.13955380 0.97816070 0.00000000
-0.19129360 1.59909400 -0.30752310 1.00000000

0.97362340 0.21476640 -0.07702640 0.00000000
0.22733460 -0.94185640 0.24743750 0.00000000
-0.01940659 -0.25842160 -0.96583720 0.00000000
-0.07487024 1.59975000 -0.31868610 1.00000000

0.99760190 -0.00957163 -0.06854838 0.00000000
-0.00850715 0.96592540 -0.25868080 0.00000000
0.06868878 0.25864370 0.96352760 0.00000000
-0.15299810 1.59103400 -0.31265140 1.00000000

0.98506750 0.16652790 -0.04370862 0.00000000
-0.17200150 0.96305300 -0.20723090 0.00000000
0.00758392 0.21165430 0.97731510 0.00000000
-0.10581120 1.55788700 -0.25854090 1.00000000

0.87415050 0.48518610 -0.02134159 0.00000000
0.48562340 -0.87274560 0.04984982 0.00000000
0.00556049 -0.05394015 -0.99852870 0.00000000
-0.08206178 1.49009900 -0.36462100 1.00000000

0.98909560 0.14216360 -0.03846332 0.00000000
-0.14503120 0.98563700 -0.08652047 0.00000000
0.02561086 0.09115529 0.99550740 0.00000000
-0.10443850 1.51473600 -0.36928870 1.00000000

0.98632170 -0.15243210 -0.06272122 0.00000000
0.14732920 0.98590820 -0.07924067 0.00000000
0.07391632 0.06891587 0.99488040 0.00000000
-0.12174100 1.48621300 -0.35999320 1.00000000

0.99360680 0.08646682 -0.07258928 0.00000000
0.10552230 -0.93985840 0.32485600 0.00000000
-0.04013449 -0.33043880 -0.94297380 0.00000000
-0.08332302 1.51092300 -0.35206530 1.00000000

0.97073730 0.22733770 -0.07737273 0.00000000
-0.24014320 0.91835360 -0.31457580 0.00000000
-0.00045928 0.32395090 0.94607380 0.00000000
-0.13289030 1.50238200 -0.34576300 1.00000000

0.97232630 0.23336770 0.01100993 0.00000000
0.20657300 -0.88078780 0.42607640 0.00000000
0.10912970 -0.41201090 -0.90462060 0.00000000
-0.09151670 1.53658700 -0.36043940 1.00000000

0.98435350 0.15933290 -0.07524160 0.00000000
-0.17620230 0.88760700 -0.42556640 0.00000000
-0.00102162 0.43216550 0.90179370 0.00000000
-0.10978720 1.53684400 -0.36304940 1.00000000

0.98403820 0.08165474 -0.15811870 0.00000000
-0.14738470 0.87190300 -0.46697270 0.00000000
0.09973365 0.48282310 0.87002010 0.00000000
