MeshAnim
1
35
83
30
0.54357840 0.01686241 -0.83918910 0.00000000
-0.00670477 0.99985350 0.01574780 0.00000000
0.83933160 -0.00293360 0.54361180 0.00000000
-0.00277021 0.84816270 -0.00171213 1.00000000

0.96110010 0.27002460 0.05807877 0.00000000
0.26947670 -0.87062540 -0.41157470 0.00000000
-0.06057045 0.41121530 -0.90952360 0.00000000
0.06496031 0.81934190 -0.11633880 1.00000000

0.96110010 0.27002460 0.05807877 0.00000000
0.24376280 -0.92813560 0.28132540 0.00000000
0.12986980 -0.25622450 -0.95785340 0.00000000
0.17275100 0.47109180 -0.28096870 1.00000000

0.99760330 0.05889734 0.03631410 0.00000000
0.05900377 -0.99825610 -0.00186502 0.00000000
0.03614104 0.00400316 -0.99933870 0.00000000
0.25989330 0.13982130 -0.18284890 1.00000000

0.99765400 0.05887543 0.03493193 0.00000000
0.05755335 -0.99762970 0.03771812 0.00000000
0.03706980 -0.03561919 -0.99867770 0.00000000
0.27099290 0.03636134 -0.31997190 1.00000000

0.53039000 -0.27931060 -0.80042000 0.00000000
0.35215570 0.93144050 -0.09167863 0.00000000
0.77115040 -0.23324700 0.59238760 0.00000000
-0.07911428 0.81487210 0.10608680 1.00000000

0.53038880 -0.27931050 -0.80042080 0.00000000
-0.25786950 0.84627160 -0.46618440 0.00000000
0.80758350 0.45366320 0.37682730 0.00000000
-0.21997680 0.44229680 0.14275880 1.00000000

0.31290850 -0.06881993 -0.94728680 0.00000000
0.02798231 0.99760650 -0.06323248 0.00000000
0.94937100 -0.00672130 0.31408530 0.00000000
-0.12988180 0.13975820 0.30803080 1.00000000

0.31290850 -0.06881993 -0.94728680 0.00000000
0.06109785 0.99676410 -0.05223254 0.00000000
0.94781610 -0.04153315 0.31610070 0.00000000
-0.26287920 0.03673840 0.27158290 1.00000000

0.55469830 0.02354591 -0.83171840 0.00000000
-0.01680217 0.99971260 0.01709594 0.00000000
0.83188190 0.00449158 0.55493460 0.00000000
-0.00368478 0.98454820 0.00043597 1.00000000

0.57899800 -0.00453256 -0.81531650 0.00000000
-0.10462150 0.99130460 -0.07980803 0.00000000
0.80858870 0.13150830 0.57348920 0.00000000
-0.00658364 1.15702800 0.00338552 1.00000000

0.60774810 -0.02344467 -0.79378370 0.00000000
-0.39446390 0.85861740 -0.32737470 0.00000000
0.68923170 0.51208040 0.51257510 0.00000000
-0.02621185 1.34300800 -0.01158741 1.00000000

-0.30192670 0.65951150 -0.68839310 0.00000000
0.59670020 -0.43242090 -0.67598920 0.00000000
-0.74349820 -0.61486340 -0.26297130 0.00000000
-0.00717718 1.43813300 -0.07955981 1.00000000

0.11938710 0.53706490 -0.83504970 0.00000000
0.54929550 -0.73634830 -0.39505180 0.00000000
-0.82705590 -0.41152510 -0.38291780 0.00000000
0.12642360 1.34131400 -0.23091340 1.00000000

0.14830540 0.47183550 -0.86912430 0.00000000
-0.90589910 -0.28769860 -0.31076810 0.00000000
-0.39667710 0.83342730 0.38476790 0.00000000
0.28107160 1.13400400 -0.34213630 1.00000000

0.34573710 0.83616070 -0.42579480 0.00000000
-0.80899320 0.03572474 -0.58673160 0.00000000
-0.47539040 0.54731980 0.68879960 0.00000000
0.06195845 1.06449100 -0.41746230 1.00000000

-0.23872000 -0.78929870 0.56570350 0.00000000
-0.58434900 0.58202950 0.56548950 0.00000000
-0.77559620 -0.19557470 -0.60016790 0.00000000
-0.11375720 1.09847100 -0.39607390 1.00000000

-0.58836380 0.49738530 -0.63752340 0.00000000
-0.72360560 -0.67574050 0.14060610 0.00000000
-0.36086490 0.54404310 0.75749180 0.00000000
-0.08971638 1.09890700 -0.46648790 1.00000000

-0.90132630 -0.40712450 -0.14785340 0.00000000
0.23038870 -0.73968050 0.63229260 0.00000000
-0.36678600 0.53583820 0.76049040 0.00000000
-0.12433630 1.06657600 -0.45976080 1.00000000

-0.55306660 0.53526010 -0.63844660 0.00000000
-0.77308950 -0.61537130 0.15378900 0.00000000
-0.31056450 0.57863190 0.75414530 0.00000000
-0.07222667 1.07929400 -0.49480280 1.00000000

-0.92341710 -0.37249540 -0.09245810 0.00000000
0.22628930 -0.72299120 0.65274570 0.00000000
-0.30999090 0.58183420 0.75191400 0.00000000
-0.11021200 1.04815800 -0.48650680 1.00000000

-0.55756910 0.42207080 -0.71482380 0.00000000
-0.74193850 -0.63961170 0.20105730 0.00000000
-0.37234920 0.64245870 0.66977830 0.00000000
-0.05505682 1.05438500 -0.51901170 1.00000000

-0.92604060 -0.31580220 -0.20668440 0.00000000
0.07742095 -0.69491580 0.71491150 0.00000000
-0.36939850 0.64603510 0.66796960 0.00000000
-0.08988541 1.02436000 -0.50957350 1.00000000

-0.49128240 0.50679950 -0.70837570 0.00000000
-0.84253050 -0.48275050 0.23894480 0.00000000
-0.22087150 0.71421740 0.66416100 0.00000000
-0.03866068 1.03128000 -0.53978880 1.00000000

-0.97507610 -0.08093508 -0.20658310 0.00000000
-0.09292328 -0.69652940 0.71148580 0.00000000
-0.20147520 0.71294910 0.67164840 0.00000000
-0.07415866 1.01033200 -0.52902790 1.00000000

0.21911520 0.07517307 0.97279920 0.00000000
-0.62006670 -0.75906910 0.19832230 0.00000000
0.75333010 -0.64665570 -0.11971140 0.00000000
-0.03636021 1.08860000 -0.39807390 1.00000000

-0.36723230 -0.47498170 0.79970820 0.00000000
-0.85499390 -0.16615050 -0.49130420 0.00000000
0.36623250 -0.86416840 -0.34509060 0.00000000
-0.07290015 1.04353300 -0.38457790 1.00000000

0.04821283 0.65898560 -0.75060870 0.00000000
-0.90589910 -0.28769860 -0.31076810 0.00000000
-0.42074070 0.69495880 0.58310370 0.00000000
0.16180520 1.09620000 -0.38321010 1.00000000

0.14535800 0.04010319 -0.98856610 0.00000000
0.47849520 -0.87740180 0.03476384 0.00000000
-0.86597570 -0.47807740 -0.14672680 0.00000000
0.10729870 1.36366800 -0.20342050 1.00000000

-0.10361770 0.40909140 -0.90659130 0.00000000
0.54929550 -0.73634830 -0.39505180 0.00000000
-0.82917920 -0.53892090 -0.14841350 0.00000000
0.12642360 1.34131400 -0.23091340 1.00000000

-0.05717400 0.43708150 -0.89760300 0.00000000
0.54911770 -0.73709700 -0.39390090 0.00000000
-0.83378740 -0.51541050 -0.19786660 0.00000000
0.19231780 1.25286200 -0.27818150 1.00000000

0.93642820 0.24640170 -0.24977710 0.00000000
-0.32271020 0.88426350 -0.33754420 0.00000000
0.13769740 0.39669150 0.90756560 0.00000000
-0.08538146 1.47180100 -0.06069362 1.00000000

0.99538770 0.07917932 -0.05416524 0.00000000
-0.09422447 0.91301250 -0.39690040 0.00000000
0.01802725 0.40017350 0.91626210 0.00000000
-0.11571620 1.55492200 -0.09242283 1.00000000

0.99538770 0.07917932 -0.05416524 0.00000000
-0.09589738 0.80574880 -0.58444210 0.00000000
-0.00263208 0.58694090 0.80962550 0.00000000
-0.12589060 1.59004300 -0.22805540 1.00000000

0.99538770 0.07917932 -0.05416524 0.00000000
0.09462160 -0.71726140 0.69034990 0.00000000
0.01581085 -0.69229100 -0.72144530 0.00000000
-0.06129404 1.58195800 -0.20202650 1.00000000

0.99538770 0.07917932 -0.05416524 0.00000000
-0.09505612 0.73784950 -0.66823840 0.00000000
-0.01294491 0.67030500 0.74197280 0.00000000
-0.18498440 1.57037100 -0.19353580 1.00000000

0.99538760 0.07924496 -0.05407429 0.00000000
0.09590323 -0.80709800 0.58257680 0.00000000
0.00252298 -0.58507550 -0.81097520 0.00000000
-0.08598465 1.60950400 -0.19404600 1.00000000

0.99538790 0.07914425 -0.05421352 0.00000000
-0.09589732 0.80574640 -0.58444540 0.00000000
-0.00257301 0.58694880 0.80962000 0.00000000
-0.16446230 1.60326100 -0.18977580 1.00000000

0.96355030 0.19556180 -0.18255560 0.00000000
0.26573420 -0.77850970 0.56860180 0.00000000
-0.03092462 -0.59638760 -0.80210050 0.00000000
-0.10688890 1.59487100 -0.23153480 1.00000000

0.97740610 0.18597400 -0.10045340 0.00000000
-0.20955640 0.79047230 -0.57553400 0.00000000
-0.02762854 0.58358110 0.81158460 0.00000000
-0.14224540 1.59261400 -0.23103270 1.00000000

0.98797110 0.11961070 0.09801146 0.00000000
0.07064557 -0.91291780 0.40198300 0.00000000
0.13755780 -0.39022350 -0.91038660 0.00000000
-0.04954972 1.62337900 -0.19655070 1.00000000

0.98748200 0.05299472 -0.14856250 0.00000000
-0.11777280 0.87425520 -0.47096420 0.00000000
0.10492300 0.48256530 0.86955260 0.00000000
-0.20288960 1.61228900 -0.18985970 1.00000000

0.97838820 0.18174090 -0.09862405 0.00000000
0.20491240 -0.78828110 0.58019280 0.00000000
0.02770126 -0.58786300 -0.80848590 0.00000000
-0.08604557 1.60996200 -0.19449580 1.00000000

0.99966190 -0.02439449 -0.00901401 0.00000000
0.01443282 0.80871640 -0.58802180 0.00000000
0.02163431 0.58769270 0.80879490 0.00000000
-0.16446350 1.60327100 -0.18978500 1.00000000

0.99333610 0.09547217 -0.06456420 0.00000000
-0.11525170 0.81941260 -0.56149770 0.00000000
-0.00070253 0.56519710 0.82495560 0.00000000
-0.12045370 1.59218000 -0.12501780 1.00000000

0.95444870 0.25017610 -0.16260210 0.00000000
0.29828110 -0.81367520 0.49896000 0.00000000
-0.00747743 -0.52473280 -0.85123420 0.00000000
-0.10279830 1.50715000 -0.20744890 1.00000000

0.99388560 0.09148037 -0.06182894 0.00000000
-0.11041290 0.82691920 -0.55137430 0.00000000
0.00068757 0.55482970 0.83196370 0.00000000
-0.11791870 1.50666000 -0.20964430 1.00000000

0.99705180 -0.06715696 0.03711370 0.00000000
0.07664528 0.84898350 -0.52283160 0.00000000
0.00360295 0.52413470 0.85162760 0.00000000
-0.13535250 1.50595300 -0.20377100 1.00000000

0.99074260 0.11617860 -0.07022479 0.00000000
0.13491560 -0.78526920 0.60427640 0.00000000
0.01505849 -0.60815670 -0.79367400 0.00000000
-0.09562571 1.52217400 -0.19583820 1.00000000

0.99634810 0.06930903 -0.04986498 0.00000000
-0.08534026 0.78989670 -0.60727290 0.00000000
-0.00270125 0.60931080 0.79292690 0.00000000
-0.14615260 1.51860400 -0.19015010 1.00000000

0.98571720 0.14951860 -0.07749611 0.00000000
0.16437550 -0.75408990 0.63586890 0.00000000
0.03663510 -0.63952540 -0.76789670 0.00000000
-0.10499320 1.53097900 -0.21040710 1.00000000

0.99460520 0.08645828 -0.05732045 0.00000000
-0.10309060 0.76239510 -0.63884740 0.00000000
-0.01153275 0.64131000 0.76719510 0.00000000
-0.12003220 1.52788700 -0.21361130 1.00000000

0.99862650 0.03124009 -0.04205844 0.00000000
-0.05114639 0.75528450 -0.65339820 0.00000000
0.01135397 0.65465210 0.75584510 0.00000000
-0.13796840 1.52949100 -0.20737840 1.00000000

0.99534900 0.07955335 -0.05432779 0.00000000
0.09510806 -0.72182060 0.68551380 0.00000000
0.01531994 -0.68749250 -0.72602980 0.00000000
-0.10626850 1.56108200 -0.21467570 1.00000000

0.99534900 0.07955335 -0.05432779 0.00000000
-0.09510806 0.72182070 -0.68551370 0.00000000
-0.01531991 0.68749240 0.72602980 0.00000000
-0.12321430 1.55176200 -0.23483660 1.00000000

0.99534900 0.07955335 -0.05432779 0.00000000
-0.09510806 0.72182070 -0.68551370 0.00000000
-0.01531991 0.68749240 0.72602980 0.00000000
-0.13914810 1.55787500 -0.21262850 1.00000000

0.99538770 0.07917932 -0.05416524 0.00000000
0.07186675 -0.24143760 0.96775160 0.00000000
0.06354832 -0.96718070 -0.24601450 0.00000000
-0.12013250 1.65405900 -0.02866080 1.00000000

0.99538770 0.07917932 -0.05416524 0.00000000
-0.09487592 0.89609650 -0.43360080 0.00000000
0.01420513 0.43673980 0.89947570 0.00000000
-0.13012370 1.68588300 -0.16574370 1.00000000

0.48450260 -0.84239850 0.23584290 0.00000000
0.49906740 0.04475245 -0.86540690 0.00000000
0.71846290 0.53699330 0.44209640 0.00000000
-0.08410961 1.44109900 0.02092336 1.00000000

0.30732660 -0.65864350 -0.68683280 0.00000000
0.74088280 0.61856560 -0.26166670 0.00000000
0.59719600 -0.42844540 0.67807930 0.00000000
-0.19585070 1.43107900 0.21468810 1.00000000

0.37901930 -0.61162220 -0.69445150 0.00000000
0.34066800 -0.60552080 0.71922890 0.00000000
-0.86040090 -0.50917910 -0.02114385 0.00000000
-0.40443390 1.25693400 0.28835820 1.00000000

0.89919210 0.35517710 0.25554450 0.00000000
0.09327975 -0.72620790 0.68111770 0.00000000
0.42749580 -0.58861830 -0.68613120 0.00000000
-0.48690890 1.40351800 0.11449200 1.00000000

-0.90172930 -0.22367650 -0.36993710 0.00000000
0.42749580 -0.58861830 -0.68613120 0.00000000
-0.06428041 -0.77685100 0.62639510 0.00000000
-0.46755530 1.47651400 0.06720316 1.00000000

0.62145300 -0.42896370 0.65558090 0.00000000
-0.70490840 -0.67133520 0.22894050 0.00000000
0.34190730 -0.60440010 -0.71958330 0.00000000
-0.52308680 1.54905200 0.05042646 1.00000000

-0.36715220 -0.78614440 0.49716840 0.00000000
-0.86840800 0.09820008 -0.48602940 0.00000000
0.33326730 -0.61019180 -0.71874850 0.00000000
-0.48936130 1.58117100 0.03947360 1.00000000

0.64364710 -0.40063100 0.65208410 0.00000000
-0.66393050 -0.71610790 0.21537430 0.00000000
0.38067680 -0.57156350 -0.72691170 0.00000000
-0.50830310 1.52703400 0.02233850 1.00000000

-0.39948650 -0.81148840 0.42649410 0.00000000
-0.83229150 0.12601090 -0.53982620 0.00000000
0.38431980 -0.57062070 -0.72573460 0.00000000
-0.47463770 1.56233700 0.01226180 1.00000000

0.55448460 -0.40668240 0.72605530 0.00000000
-0.71061730 -0.68543150 0.15876670 0.00000000
0.43309360 -0.60398110 -0.66905710 0.00000000
-0.48768100 1.50560000 -0.00249363 1.00000000

-0.31757560 -0.79916190 0.51037840 0.00000000
-0.84104230 -0.01119360 -0.54085360 0.00000000
0.43794250 -0.60101190 -0.66857420 0.00000000
-0.45432310 1.53777600 -0.00994678 1.00000000

0.46423640 -0.44833600 0.76385840 0.00000000
-0.71396300 -0.69979990 0.02317455 0.00000000
0.52415800 -0.55612510 -0.64496790 0.00000000
-0.46832870 1.48547200 -0.02381647 1.00000000

-0.19428020 -0.83125560 0.52083580 0.00000000
-0.82656140 -0.14720270 -0.54325680 0.00000000
0.52825340 -0.53604670 -0.65848520 0.00000000
-0.43756170 1.51493400 -0.02417616 1.00000000

0.24212440 -0.25613670 -0.93582590 0.00000000
-0.82747230 -0.55814820 -0.06132442 0.00000000
-0.50662200 0.78921790 -0.34708720 0.00000000
-0.50481620 1.50462900 0.12340980 1.00000000

-0.54131260 -0.69749390 -0.46955630 0.00000000
-0.58690770 -0.08645767 0.80502450 0.00000000
-0.60209640 0.71135630 -0.36256380 0.00000000
-0.45596660 1.53830700 0.12868430 1.00000000

0.89864050 -0.01517481 -0.43842350 0.00000000
0.34066800 -0.60552080 0.71922890 0.00000000
-0.27638850 -0.79568510 -0.53897570 0.00000000
-0.44936120 1.33677900 0.19376050 1.00000000

0.86516940 -0.43158430 -0.25537660 0.00000000
0.42150240 0.90173640 -0.09595343 0.00000000
0.27169420 -0.02462599 0.96206840 0.00000000
-0.17512360 1.44998700 0.17374910 1.00000000

0.59845690 -0.78484140 -0.16085210 0.00000000
0.74088280 0.61856560 -0.26166670 0.00000000
0.30486430 0.03742360 0.95166040 0.00000000
-0.19585070 1.43107900 0.21468810 1.00000000

0.58455030 -0.78501980 -0.20504910 0.00000000
0.74046530 0.61947070 -0.26070580 0.00000000
0.33168090 0.00056379 0.94339140 0.00000000
-0.28470650 1.35674200 0.24597270 1.00000000

0.54357840 0.01686241 -0.83918910 0.00000000
0.14006820 0.98395660 0.11049950 0.00000000
0.82758890 -0.17760890 0.53249570 0.00000000
-0.10542540 0.98239370 -0.15143170 1.00000000

0.54211730 0.00679734 -0.84027530 0.00000000
0.15618980 0.98172650 0.10871000 0.00000000
0.82565950 -0.19017600 0.53114920 0.00000000
-0.18977460 0.98860390 -0.03585232 1.00000000

0.55048010 0.01823877 -0.83464910 0.00000000
-0.12858320 -0.98597960 -0.10635070 0.00000000
-0.82488660 0.16586580 -0.54041700 0.00000000
-0.07817184 0.97355290 0.13257730 1.00000000

1.00000000 0.00000000 0.00000000 0.00000000
0.00000000 1.00000000 0.00000000 0.00000000
0.00000000 0.00000000 1.00000000 0.00000000
0.00000000 0.00000000 0.00000000 1.00000000

1.00000000 0.00000000 0.00000000 0.00000000
0.00000000 1.00000000 0.00000000 0.00000000
0.00000000 0.00000000 1.00000000 0.00000000
0.00000000 0.00000000 0.00000000 1.00000000

0.99538770 0.07917932 -0.05416524 0.00000000
-0.09487595 0.89609640 -0.43360090 0.00000000
0.01420513 0.43673990 0.89947570 0.00000000
-0.11462110 1.54174600 -0.09155564 1.00000000

0.54429860 0.01502015 -0.83875710 0.00000000
-0.00564235 0.99988260 0.01424401 0.00000000
0.83887260 -0.00302044 0.54431950 0.00000000
0.00550236 0.84822150 -0.00245363 1.00000000

0.96080360 0.27041770 0.06108040 0.00000000
0.27109290 -0.87034440 -0.41110800 0.00000000
-0.05801007 0.41155250 -0.90953810 0.00000000
0.07329778 0.81915620 -0.11698010 1.00000000

0.96080360 0.27041770 0.06108040 0.00000000
0.24318540 -0.92788750 0.28264130 0.00000000
0.13310680 -0.25670900 -0.95727920 0.00000000
0.18173490 0.47101850 -0.28142330 1.00000000

0.99759680 0.05903116 0.03627834 0.00000000
0.05913841 -0.99824830 -0.00188857 0.00000000
0.03610313 0.00402944 -0.99934010 0.00000000
0.26867870 0.13983550 -0.18283340 1.00000000

0.99764730 0.05900931 0.03489611 0.00000000
0.05768938 -0.99762300 0.03769467 0.00000000
0.03703740 -0.03559286 -0.99868000 0.00000000
0.27978720 0.03637981 -0.31995900 1.00000000

0.53252630 -0.28123250 -0.79832580 0.00000000
0.35499960 0.93043030 -0.09096619 0.00000000
0.76836910 -0.23496340 0.59531600 0.00000000
-0.07096770 0.81517470 0.10533100 1.00000000

0.53252520 -0.28123240 -0.79832660 0.00000000
-0.25571010 0.84565960 -0.46847860 0.00000000
0.80686380 0.45361680 0.37842100 0.00000000
-0.21296780 0.44300350 0.14171800 1.00000000

0.31367460 -0.06672688 -0.94718310 0.00000000
0.02494395 0.99776250 -0.06202946 0.00000000
0.94920290 -0.00416942 0.31463720 0.00000000
-0.12364070 0.14068310 0.30780400 1.00000000

0.31367460 -0.06672688 -0.94718310 0.00000000
0.05805538 0.99700930 -0.05101103 0.00000000
0.94775410 -0.03898824 0.31661030 0.00000000
-0.25629850 0.03729737 0.27115510 1.00000000

0.55507420 0.02231274 -0.83150160 0.00000000
-0.01609013 0.99974110 0.01608626 0.00000000
0.83164530 0.00444990 0.55528940 0.00000000
0.00473271 0.98461110 -0.00051065 1.00000000

0.57855510 -0.00547899 -0.81562480 0.00000000
-0.10405150 0.99131140 -0.08046702 0.00000000
0.80897920 0.13142160 0.57295820 0.00000000
0.00195670 1.15709600 0.00226470 1.00000000

0.60649420 -0.02432264 -0.79471580 0.00000000
-0.39442600 0.85866740 -0.32728950 0.00000000
0.69035730 0.51195570 0.51118340 0.00000000
-0.01756456 1.34307700 -0.01283186 1.00000000

-0.30293140 0.65964270 -0.68782550 0.00000000
0.59529480 -0.43263680 -0.67708920 0.00000000
-0.74421580 -0.61457050 -0.26162270 0.00000000
0.00142477 1.43814800 -0.08089259 1.00000000

0.11671530 0.53644630 -0.83582460 0.00000000
0.54743490 -0.73693660 -0.39653430 0.00000000
-0.82866930 -0.41127800 -0.37968130 0.00000000
0.13471090 1.34128000 -0.23249240 1.00000000

0.14547210 0.47117740 -0.86995950 0.00000000
-0.90809380 -0.28541950 -0.30643430 0.00000000
-0.39268830 0.83458230 0.38635270 0.00000000
0.28883500 1.13380500 -0.34413260 1.00000000

0.34514170 0.83561560 -0.42734510 0.00000000
-0.81221310 0.03776240 -0.58213750 0.00000000
-0.47030550 0.54801520 0.69173120 0.00000000
0.06919055 1.06484300 -0.41841060 1.00000000

-0.23723500 -0.78905350 0.56666950 0.00000000
-0.57988290 0.58302060 0.56905460 0.00000000
-0.77939450 -0.19360240 -0.59587150 0.00000000
-0.10632750 1.09919400 -0.39601430 1.00000000

-0.59087240 0.49896810 -0.63395630 0.00000000
-0.72426500 -0.67423860 0.14437030 0.00000000
-0.35540150 0.54445700 0.75977420 0.00000000
-0.08268370 1.09961100 -0.46656290 1.00000000

-0.90302820 -0.40509820 -0.14295430 0.00000000
0.23234870 -0.74048430 0.63063240 0.00000000
-0.36132340 0.53626360 0.76280240 0.00000000
-0.11733520 1.06735300 -0.45965560 1.00000000

-0.55549910 0.53676710 -0.63506090 0.00000000
-0.77354260 -0.61376870 0.15786090 0.00000000
-0.30504570 0.57893830 0.75616000 0.00000000
-0.06539658 1.07997500 -0.49498520 1.00000000

-0.92473050 -0.37044810 -0.08741874 0.00000000
0.22840100 -0.72379600 0.65111610 0.00000000
-0.30447790 0.58214030 0.75392700 0.00000000
-0.10340210 1.04891700 -0.48648960 1.00000000

-0.56067830 0.42362460 -0.71146480 0.00000000
-0.74217820 -0.63809950 0.20494100 0.00000000
-0.36716720 0.64293960 0.67217360 0.00000000
-0.04841785 1.05504000 -0.51930240 1.00000000

-0.92787560 -0.31369410 -0.20160150 0.00000000
0.07994723 -0.69542820 0.71413470 0.00000000
-0.36421900 0.64651050 0.67034970 0.00000000
-0.08325762 1.02508600 -0.50968180 1.00000000

-0.49417250 0.50820630 -0.70535110 0.00000000
-0.84221400 -0.48103890 0.24347000 0.00000000
-0.21556810 0.71437250 0.66573460 0.00000000
-0.03218937 1.03191000 -0.54018270 1.00000000

-0.97640030 -0.07872131 -0.20111260 0.00000000
-0.09041673 -0.69667110 0.71167020 0.00000000
-0.19613280 0.71305850 0.67311200 0.00000000
-0.06767155 1.01103400 -0.52923150 1.00000000

0.22476610 0.07422666 0.97158180 0.00000000
-0.62058320 -0.75781920 0.20146170 0.00000000
0.75123720 -0.64822890 -0.12426830 0.00000000
-0.02896450 1.08915500 -0.39845600 1.00000000

-0.36374200 -0.47457210 0.80154450 0.00000000
-0.85811250 -0.16405900 -0.48654730 0.00000000
0.36240230 -0.86479290 -0.34756090 0.00000000
-0.06552555 1.04416200 -0.38477520 1.00000000

0.04616234 0.65906630 -0.75066680 0.00000000
-0.90809380 -0.28541950 -0.30643430 0.00000000
-0.41621540 0.69582140 0.58531840 0.00000000
0.16927910 1.09630100 -0.38463600 1.00000000

0.14236160 0.03970706 -0.98901810 0.00000000
0.47783010 -0.87781180 0.03353743 0.00000000
-0.86684020 -0.47735700 -0.14394000 0.00000000
0.11562940 1.36366900 -0.20496060 1.00000000

-0.10603910 0.40893790 -0.90638040 0.00000000
0.54743490 -0.73693660 -0.39653430 0.00000000
-0.83010300 -0.53823250 -0.14572310 0.00000000
0.13471090 1.34128000 -0.23249240 1.00000000

-0.05955002 0.43688530 -0.89754380 0.00000000
0.54726080 -0.73768460 -0.39538230 0.00000000
-0.83484130 -0.51473560 -0.19516120 0.00000000
0.20038210 1.25275800 -0.27993830 1.00000000

0.93603040 0.24549910 -0.25214560 0.00000000
-0.32283660 0.88421760 -0.33754380 0.00000000
0.14008500 0.39735320 0.90691070 0.00000000
-0.07672849 1.47187700 -0.06192528 1.00000000

0.99544740 0.07801390 -0.05475801 0.00000000
-0.09340180 0.91291250 -0.39732460 0.00000000
0.01899242 0.40063030 0.91604300 0.00000000
-0.10707510 1.55499400 -0.09365447 1.00000000

0.99544740 0.07801390 -0.05475801 0.00000000
-0.09530124 0.80555280 -0.58480940 0.00000000
-0.00151271 0.58736550 0.80932040 0.00000000
-0.11728460 1.59005600 -0.22929970 1.00000000

0.99544740 0.07801390 -0.05475801 0.00000000
0.09418529 -0.71700900 0.69067170 0.00000000
0.01461995 -0.69268470 -0.72109260 0.00000000
-0.05268293 1.58191100 -0.20330240 1.00000000

0.99544740 0.07801390 -0.05475801 0.00000000
-0.09458402 0.73760910 -0.66857060 0.00000000
-0.01176772 0.67070600 0.74162980 0.00000000
-0.17638170 1.57047000 -0.19473710 1.00000000

0.99544730 0.07807958 -0.05466715 0.00000000
0.09530458 -0.80690320 0.58294470 0.00000000
0.00140500 -0.58550070 -0.81067100 0.00000000
-0.07733762 1.60948900 -0.19532260 1.00000000

0.99544740 0.07797883 -0.05480647 0.00000000
-0.09530126 0.80555080 -0.58481260 0.00000000
-0.00145367 0.58737330 0.80931480 0.00000000
-0.15581990 1.60333800 -0.19100560 1.00000000

0.96367170 0.19436570 -0.18319160 0.00000000
0.26516030 -0.77851630 0.56886080 0.00000000
-0.03205064 -0.59677010 -0.80177210 0.00000000
-0.09827938 1.59486000 -0.23279210 1.00000000

0.97756210 0.18480480 -0.10109210 0.00000000
-0.20897270 0.79041110 -0.57583030 0.00000000
-0.02651194 0.58403550 0.81129530 0.00000000
-0.13363810 1.59264400 -0.23226930 1.00000000

0.98816150 0.11853310 0.09740162 0.00000000
0.06982593 -0.91278830 0.40242020 0.00000000
0.13660720 -0.39085490 -0.91025900 0.00000000
-0.04088829 1.62332100 -0.19785470 1.00000000

0.98745940 0.05178917 -0.14913730 0.00000000
-0.11703540 0.87414350 -0.47135510 0.00000000
0.10595640 0.48289840 0.86924260 0.00000000
-0.19423710 1.61241000 -0.19107290 1.00000000

0.97854040 0.18057160 -0.09926108 0.00000000
0.20433370 -0.78821200 0.58049050 0.00000000
0.02658123 -0.58831580 -0.80819430 0.00000000
-0.07739829 1.60994700 -0.19577250 1.00000000

0.99962810 -0.02554119 -0.00955510 0.00000000
0.01503021 0.80839280 -0.58845170 0.00000000
0.02275395 0.58808920 0.80847600 0.00000000
-0.15582120 1.60334800 -0.19101480 1.00000000

0.99340860 0.09430365 -0.06516439 0.00000000
-0.11462730 0.81925110 -0.56186140 0.00000000
0.00040060 0.56562760 0.82466090 0.00000000
-0.11178810 1.59224100 -0.12626630 1.00000000

0.95464360 0.24900080 -0.16326160 0.00000000
0.29762840 -0.81375520 0.49921930 0.00000000
-0.00854895 -0.52516760 -0.85095600 0.00000000
-0.09427559 1.50714800 -0.20866280 1.00000000

0.99395500 0.09031266 -0.06242746 0.00000000
-0.10977420 0.82675720 -0.55174460 0.00000000
0.00178275 0.55526210 0.83167350 0.00000000
-0.10939770 1.50667300 -0.21084950 1.00000000

0.99699510 -0.06827654 0.03659624 0.00000000
0.07732484 0.84862260 -0.52331700 0.00000000
0.00467375 0.52457420 0.85135200 0.00000000
-0.12682910 1.50598900 -0.20496620 1.00000000

0.99083570 0.11501010 -0.07083437 0.00000000
0.13435390 -0.78510780 0.60461140 0.00000000
0.01392379 -0.60858730 -0.79336490 0.00000000
-0.08707942 1.52216900 -0.19706390 1.00000000

0.99639890 0.06814475 -0.05045331 0.00000000
-0.08477491 0.78967690 -0.60763760 0.00000000
-0.00156564 0.60972670 0.79261030 0.00000000
-0.13760720 1.51866000 -0.19134590 1.00000000

0.98584440 0.14835200 -0.07812038 0.00000000
0.16386690 -0.75394580 0.63617120 0.00000000
0.03547877 -0.63996710 -0.76758300 0.00000000
-0.09644495 1.53097700 -0.21163210 1.00000000

0.99467140 0.08529213 -0.05791682 0.00000000
-0.10257410 0.76217930 -0.63918800 0.00000000
-0.01037478 0.64172280 0.76686670 0.00000000
-0.11148930 1.52790100 -0.21482640 1.00000000

0.99863820 0.03007729 -0.04262808 0.00000000
-0.05064607 0.75500170 -0.65376400 0.00000000
0.01252082 0.65503260 0.75549690 0.00000000
-0.12942020 1.52952900 -0.20858440 1.00000000

0.99540910 0.07838790 -0.05492079 0.00000000
0.09466380 -0.72157150 0.68583770 0.00000000
0.01413208 -0.68788810 -0.72567930 0.00000000
-0.09768818 1.56108000 -0.21591580 1.00000000

0.99540910 0.07838790 -0.05492079 0.00000000
-0.09466377 0.72157150 -0.68583760 0.00000000
-0.01413205 0.68788800 0.72567930 0.00000000
-0.11465580 1.55176800 -0.23606230 1.00000000

0.99540910 0.07838790 -0.05492079 0.00000000
-0.09466377 0.72157150 -0.68583760 0.00000000
-0.01413205 0.68788800 0.72567930 0.00000000
-0.13057030 1.55791100 -0.21384860 1.00000000

0.99544740 0.07801390 -0.05475801 0.00000000
0.07212782 -0.24101500 0.96783760 0.00000000
0.06230730 -0.96738080 -0.24554480 0.00000000
-0.11134290 1.65417000 -0.02994172 1.00000000

0.99544740 0.07801390 -0.05475801 0.00000000
-0.09409299 0.89597810 -0.43401580 0.00000000
0.01520279 0.43719220 0.89923950 0.00000000
-0.12137370 1.68593300 -0.16703570 1.00000000

0.48357100 -0.84244570 0.23758030 0.00000000
0.49819800 0.04173051 -0.86605850 0.00000000
0.71969290 0.53716270 0.43988440 0.00000000
-0.07534894 1.44122600 0.01970856 1.00000000

0.30288260 -0.65741710 -0.68997470 0.00000000
0.73509780 0.62192550 -0.26988860 0.00000000
0.60654220 -0.42545430 0.67163630 0.00000000
-0.18689540 1.43188200 0.21361910 1.00000000

0.37475450 -0.60972240 -0.69842520 0.00000000
0.34002980 -0.61044010 0.71536210 0.00000000
-0.86251900 -0.50557050 -0.02144128 0.00000000
-0.39384990 1.25679000 0.28960420 1.00000000

0.90032610 0.35463310 0.25228610 0.00000000
0.09575719 -0.72688910 0.68004630 0.00000000
0.42455090 -0.58810500 -0.68839600 0.00000000
-0.47616990 1.40456400 0.11667410 1.00000000

-0.90327630 -0.22302240 -0.36654210 0.00000000
0.42455090 -0.58810500 -0.68839600 0.00000000
-0.06203762 -0.77742740 0.62590580 0.00000000
-0.45698080 1.47759900 0.06937785 1.00000000

0.62392430 -0.42979690 0.65268180 0.00000000
-0.70421380 -0.67131850 0.23111650 0.00000000
0.33882410 -0.60382650 -0.72152070 0.00000000
-0.51255450 1.55017100 0.05289249 1.00000000

-0.36542670 -0.78649650 0.49788210 0.00000000
-0.87031070 0.09895387 -0.48245960 0.00000000
0.33018550 -0.60961570 -0.72065680 0.00000000
-0.47886210 1.58228900 0.04183544 1.00000000

0.64611370 -0.40146820 0.64912310 0.00000000
-0.66330580 -0.71609180 0.21734390 0.00000000
0.37757500 -0.57099570 -0.72897280 0.00000000
-0.49789060 1.52817600 0.02472462 1.00000000

-0.39805170 -0.81176220 0.42731390 0.00000000
-0.83440040 0.12680400 -0.53637390 0.00000000
0.38122290 -0.57005520 -0.72780910 0.00000000
-0.46425380 1.56347700 0.01454707 1.00000000

0.55724560 -0.40756060 0.72344440 0.00000000
-0.71020800 -0.68534600 0.16095270 0.00000000
0.43021170 -0.60348610 -0.67135880 0.00000000
-0.47737510 1.50675800 -0.00021015 1.00000000

-0.31580230 -0.79954310 0.51088150 0.00000000
-0.84320150 -0.01039654 -0.53749720 0.00000000
0.43506350 -0.60051890 -0.67089270 0.00000000
-0.44403650 1.53893100 -0.00776589 1.00000000

0.46713520 -0.44922030 0.76156830 0.00000000
-0.71410050 -0.69958360 0.02536145 0.00000000
0.52138780 -0.55568340 -0.64758850 0.00000000
-0.45811500 1.48664400 -0.02162936 1.00000000

-0.19247670 -0.83168770 0.52081530 0.00000000
-0.82877620 -0.14640820 -0.54008770 0.00000000
0.52543590 -0.53559350 -0.66110280 0.00000000
-0.42733970 1.51609600 -0.02208400 1.00000000

0.23829490 -0.25532340 -0.93703040 0.00000000
-0.82789880 -0.55781350 -0.05854779 0.00000000
-0.50773930 0.78971800 -0.34430600 0.00000000
-0.49400710 1.50567300 0.12575980 1.00000000

-0.54342070 -0.69686450 -0.46805340 0.00000000
-0.58371400 -0.08703101 0.80728190 0.00000000
-0.60330120 0.71190290 -0.35947510 0.00000000
-0.44512550 1.53932900 0.13087110 1.00000000

0.89745140 -0.01666063 -0.44079880 0.00000000
0.34002980 -0.61044010 0.71536210 0.00000000
-0.28099950 -0.79188710 -0.54217520 0.00000000
-0.43869240 1.33728300 0.19551640 1.00000000

0.86476680 -0.42755520 -0.26339110 0.00000000
0.41593390 0.90372470 -0.10139410 0.00000000
0.28138440 -0.02187101 0.95934590 0.00000000
-0.16679810 1.45024200 0.17341270 1.00000000

0.60079340 -0.78203740 -0.16572480 0.00000000
0.73509780 0.62192550 -0.26988860 0.00000000
0.31413140 0.04032329 0.94852280 0.00000000
-0.18689540 1.43188200 0.21361910 1.00000000

0.58647570 -0.78234960 -0.20970340 0.00000000
0.73468670 0.62282880 -0.26892350 0.00000000
0.34100140 0.00365062 0.94005560 0.00000000
-0.27505780 1.35714200 0.24588990 1.00000000

0.54429860 0.01502015 -0.83875710 0.00000000
0.14103410 0.98397020 0.10914250 0.00000000
0.82695130 -0.17769950 0.53345530 0.00000000
-0.09688298 0.98233820 -0.15246020 1.00000000

0.54276770 0.00455079 -0.83987050 0.00000000
0.15780120 0.98162410 0.10729820 0.00000000
0.82492550 -0.19077060 0.53207580 0.00000000
-0.18132220 0.98881230 -0.03696107 1.00000000

0.55119810 0.01639589 -0.83421340 0.00000000
-0.12955470 -0.98599920 -0.10498110 0.00000000
-0.82425500 0.16594160 -0.54135670 0.00000000
-0.06984103 0.97386780 0.13159390 1.00000000

1.00000000 0.00000000 0.00000000 0.00000000
0.00000000 1.00000000 0.00000000 0.00000000
0.00000000 0.00000000 1.00000000 0.00000000
0.00000000 0.00000000 0.00000000 1.00000000

1.00000000 0.00000000 0.00000000 0.00000000
0.00000000 1.00000000 0.00000000 0.00000000
0.00000000 0.00000000 1.00000000 0.00000000
0.00000000 0.00000000 0.00000000 1.00000000

0.99544740 0.07801390 -0.05475801 0.00000000
-0.09409297 0.89597800 -0.43401580 0.00000000
0.01520279 0.43719220 0.89923950 0.00000000
-0.10599460 1.54181700 -0.09278099 1.00000000

0.54505740 0.01308078 -0.83829670 0.00000000
-0.00452563 0.99990960 0.01266004 0.00000000
0.83838660 -0.00310663 0.54506730 0.00000000
0.01382540 0.84828390 -0.00323822 1.00000000

0.96048870 0.27083090 0.06412765 0.00000000
0.27274740 -0.87006000 -0.41061530 0.00000000
-0.05541250 0.41188190 -0.90955100 0.00000000
0.08168929 0.81896120 -0.11765850 1.00000000

0.96048870 0.27083090 0.06412765 0.00000000
0.24259170 -0.92760410 0.28407820 0.00000000
0.13642200 -0.25729700 -0.95665430 0.00000000
0.19078830 0.47093730 -0.28190460 1.00000000

0.99759460 0.05912043 0.03619355 0.00000000
0.05922882 -0.99824270 -0.00192638 0.00000000
0.03601593 0.00406544 -0.99934320 0.00000000
0.27752780 0.13985380 -0.18280130 1.00000000

0.99764510 0.05909867 0.03481135 0.00000000
0.05778323 -0.99761900 0.03765693 0.00000000
0.03695375 -0.03555681 -0.99868440 0.00000000
0.28863370 0.03640383 -0.31993130 1.00000000

0.53464370 -0.28326570 -0.79618880 0.00000000
0.35800360 0.92934920 -0.09024052 0.00000000
0.76549960 -0.23679190 0.59828100 0.00000000
-0.06277730 0.81549370 0.10453060 1.00000000

0.53464260 -0.28326560 -0.79618960 0.00000000
-0.25346650 0.84502210 -0.47084230 0.00000000
0.80617120 0.45353970 0.37998640 0.00000000
-0.20597890 0.44375490 0.14062730 1.00000000

0.31449740 -0.06452306 -0.94706290 0.00000000
0.02173407 0.99791510 -0.06077024 0.00000000
0.94900950 -0.00147146 0.31524410 0.00000000
-0.11744970 0.14166180 0.30755210 1.00000000

0.31449740 -0.06452306 -0.94706290 0.00000000
0.05484080 0.99725590 -0.04973138 0.00000000
0.94767290 -0.03629731 0.31717290 0.00000000
-0.24974660 0.03789049 0.27068880 1.00000000

0.55545250 0.02104861 -0.83128180 0.00000000
-0.01536310 0.99976880 0.01504937 0.00000000
0.83140640 0.00441185 0.55564740 0.00000000
0.01320808 0.98467720 -0.00151130 1.00000000

0.57802900 -0.00642469 -0.81599090 0.00000000
-0.10348660 0.99131790 -0.08111265 0.00000000
0.80942760 0.13132960 0.57234570 0.00000000
0.01055750 1.15716600 0.00108515 1.00000000

0.60506960 -0.02519201 -0.79577390 0.00000000
-0.39445270 0.85872410 -0.32710840 0.00000000
0.69159080 0.51181850 0.50965080 0.00000000
-0.00885779 1.34314900 -0.01413254 1.00000000

-0.30411450 0.65982610 -0.68712740 0.00000000
0.59373250 -0.43278280 -0.67836620 0.00000000
-0.74498060 -0.61427080 -0.26014470 0.00000000
0.01007210 1.43816600 -0.08228414 1.00000000

0.11367860 0.53584210 -0.83663030 0.00000000
0.54539640 -0.73751900 -0.39825690 0.00000000
-0.83043360 -0.41102190 -0.37608650 0.00000000
0.14300840 1.34126700 -0.23416990 1.00000000

0.14225900 0.47053400 -0.87083880 0.00000000
-0.91043980 -0.28302680 -0.30165410 0.00000000
-0.38840920 0.83575940 0.38812980 0.00000000
0.29655860 1.13362700 -0.34629510 1.00000000

0.34433580 0.83510010 -0.42899950 0.00000000
-0.81574190 0.03992405 -0.57703660 0.00000000
-0.46475600 0.54864750 0.69497350 0.00000000
0.07634602 1.06524400 -0.41941680 1.00000000

-0.23545830 -0.78886260 0.56767540 0.00000000
-0.57501780 0.58397080 0.57300340 0.00000000
-0.78352680 -0.19150520 -0.59111080 0.00000000
-0.09895165 1.09997300 -0.39590590 1.00000000

-0.59369890 0.50066580 -0.62996460 0.00000000
-0.72485520 -0.67270780 0.14849040 0.00000000
-0.34943800 0.54479180 0.76229600 0.00000000
-0.07574748 1.10037900 -0.46660020 1.00000000

-0.90480520 -0.40299670 -0.13755530 0.00000000
0.23462260 -0.74137960 0.62873580 0.00000000
-0.35535900 0.53660980 0.76535610 0.00000000
-0.11042720 1.06819500 -0.45949580 1.00000000

-0.55824860 0.53838640 -0.63126770 0.00000000
-0.77391240 -0.61213620 0.16232380 0.00000000
-0.29902870 0.57916280 0.75838800 0.00000000
-0.05868194 1.08072200 -0.49514140 1.00000000

-0.92608310 -0.36833160 -0.08186501 0.00000000
0.23083990 -0.72469480 0.64925350 0.00000000
-0.29846780 0.58236510 0.75615340 0.00000000
-0.09670298 1.04974400 -0.48642700 1.00000000

-0.56415720 0.42530170 -0.70770430 0.00000000
-0.74230930 -0.63656510 0.20919290 0.00000000
-0.36152960 0.64335320 0.67482820 0.00000000
-0.04191095 1.05576400 -0.51957860 1.00000000

-0.92981390 -0.31150210 -0.19599280 0.00000000
0.08284602 -0.69603370 0.71321360 0.00000000
-0.35858500 0.64691860 0.67298830 0.00000000
-0.07675683 1.02588200 -0.50975860 1.00000000

-0.49742570 0.50973110 -0.70195580 0.00000000
-0.84175170 -0.47930490 0.24843720 0.00000000
-0.20981450 0.71445150 0.66748560 0.00000000
-0.02586487 1.03261000 -0.54057340 1.00000000

-0.97780910 -0.07642212 -0.19506320 0.00000000
-0.08753234 -0.69689510 0.71181130 0.00000000
-0.19033650 0.71308990 0.67474070 0.00000000
-0.06132451 1.01180600 -0.52941320 1.00000000

0.23098730 0.07314131 0.97020390 0.00000000
-0.62100610 -0.75655400 0.20488460 0.00000000
0.74899700 -0.64982840 -0.12933310 0.00000000
-0.02162811 1.08976300 -0.39883590 1.00000000

-0.35979470 -0.47424080 0.80351950 0.00000000
-0.86149500 -0.16185190 -0.48128040 0.00000000
0.35829400 -0.86539020 -0.35032270 0.00000000
-0.05820347 1.04484300 -0.38495370 1.00000000

0.04376188 0.65926530 -0.75063580 0.00000000
-0.91043980 -0.28302680 -0.30165410 0.00000000
-0.41132010 0.69660960 0.58783560 0.00000000
0.17669320 1.09643800 -0.38616910 1.00000000

0.13899250 0.03936445 -0.98951080 0.00000000
0.47714500 -0.87823870 0.03208466 0.00000000
-0.86776370 -0.47659980 -0.14085120 0.00000000
0.12397840 1.36368900 -0.20659130 1.00000000

-0.10878760 0.40884040 -0.90609860 0.00000000
0.54539640 -0.73751900 -0.39825690 0.00000000
-0.83108860 -0.53750840 -0.14274740 0.00000000
0.14300840 1.34126700 -0.23416990 1.00000000

-0.06225044 0.43674270 -0.89743010 0.00000000
0.54522640 -0.73826610 -0.39710380 0.00000000
-0.83597450 -0.51402250 -0.19216630 0.00000000
0.20843560 1.25267500 -0.28182240 1.00000000

0.93555570 0.24457740 -0.25478900 0.00000000
-0.32304790 0.88417340 -0.33745740 0.00000000
0.14274310 0.39801930 0.90620360 0.00000000
-0.06802572 1.47195800 -0.06319880 1.00000000

0.99550420 0.07678935 -0.05545104 0.00000000
-0.09256557 0.91282330 -0.39772530 0.00000000
0.02007601 0.40107010 0.91582740 0.00000000
-0.09839223 1.55507000 -0.09491986 1.00000000

0.99550420 0.07678935 -0.05545104 0.00000000
-0.09471722 0.80537120 -0.58515440 0.00000000
-0.00027487 0.58777580 0.80902390 0.00000000
-0.10864870 1.59007600 -0.23057610 1.00000000

0.99550420 0.07678935 -0.05545104 0.00000000
0.09377736 -0.71677270 0.69097260 0.00000000
0.01331347 -0.69306610 -0.72075130 0.00000000
-0.04403978 1.58186700 -0.20461720 1.00000000

0.99550420 0.07678935 -0.05545104 0.00000000
-0.09413669 0.73738420 -0.66888160 0.00000000
-0.01047429 0.67109450 0.74129800 0.00000000
-0.16774660 1.57057800 -0.19596480 1.00000000

0.99550410 0.07685505 -0.05536017 0.00000000
0.09471761 -0.80672260 0.58329050 0.00000000
0.00016847 -0.58591150 -0.81037530 0.00000000
-0.06865607 1.60947800 -0.19663510 1.00000000

0.99550410 0.07675422 -0.05549932 0.00000000
-0.09471723 0.80536910 -0.58515750 0.00000000
-0.00021595 0.58778350 0.80901830 0.00000000
-0.14714290 1.60342400 -0.19226350 1.00000000

0.96378400 0.19311430 -0.18392250 0.00000000
0.26459810 -0.77854700 0.56908060 0.00000000
-0.03329468 -0.59713620 -0.80144870 0.00000000
-0.08964000 1.59485600 -0.23408340 1.00000000

0.97771680 0.18357830 -0.10182740 0.00000000
-0.20840090 0.79037060 -0.57609310 0.00000000
-0.02527663 0.58447680 0.81101660 0.00000000
-0.12500100 1.59268200 -0.23353630 1.00000000

0.98836700 0.11739410 0.09669277 0.00000000
0.06899314 -0.91266810 0.40283620 0.00000000
0.13553910 -0.39147890 -0.91015040 0.00000000
-0.03219180 1.62326500 -0.19919820 1.00000000

0.98742260 0.05052655 -0.14981170 0.00000000
-0.11629440 0.87404530 -0.47172060 0.00000000
0.10710790 0.48320990 0.86892810 0.00000000
-0.18554910 1.61254200 -0.19231020 1.00000000

0.97869120 0.17934480 -0.09999475 0.00000000
0.20376760 -0.78816380 0.58075520 0.00000000
0.02534315 -0.58875570 -0.80791370 0.00000000
-0.06871647 1.60993600 -0.19708520 1.00000000

0.99959020 -0.02674787 -0.01019838 0.00000000
0.01561514 0.80807670 -0.58887050 0.00000000
0.02399215 0.58847000 0.80816300 0.00000000
-0.14714410 1.60343400 -0.19227270 1.00000000

0.99347790 0.09307623 -0.06586426 0.00000000
-0.11401170 0.81910430 -0.56220070 0.00000000
0.00162232 0.56604330 0.82437380 0.00000000
-0.10308190 1.59230600 -0.12754740 1.00000000

0.95483470 0.24777030 -0.16401430 0.00000000
0.29697810 -0.81386010 0.49943560 0.00000000
-0.00973931 -0.52558690 -0.85068420 0.00000000
-0.08572575 1.50715100 -0.20991230 1.00000000

0.99402150 0.08908596 -0.06312561 0.00000000
-0.10914300 0.82660970 -0.55209080 0.00000000
0.00299671 0.55567990 0.83139100 0.00000000
-0.10084990 1.50669300 -0.21208890 1.00000000

0.99693600 -0.06945673 0.03597626 0.00000000
0.07800084 0.84826460 -0.52379720 0.00000000
0.00586385 0.52499840 0.85108290 0.00000000
-0.11827820 1.50603300 -0.20619380 1.00000000

0.99092640 0.11378290 -0.07154298 0.00000000
0.13380740 -0.78496300 0.60492040 0.00000000
0.01267093 -0.60900450 -0.79306580 0.00000000
-0.07850392 1.52216900 -0.19832570 1.00000000

0.99644680 0.06692128 -0.05114171 0.00000000
-0.08422497 0.78947110 -0.60798160 0.00000000
-0.00031194 0.61012880 0.79230230 0.00000000
-0.12903210 1.51872300 -0.19257280 1.00000000

0.98597040 0.14712710 -0.07884264 0.00000000
0.16337870 -0.75382050 0.63644520 0.00000000
0.03420508 -0.64039710 -0.76728210 0.00000000
-0.08786848 1.53098100 -0.21289230 1.00000000

0.99473490 0.08406682 -0.05861288 0.00000000
-0.10207800 0.76197900 -0.63950630 0.00000000
-0.00909954 0.64212220 0.76654830 0.00000000
-0.10291850 1.52792200 -0.21607510 1.00000000

0.99864530 0.02885505 -0.04329887 0.00000000
-0.05016825 0.75473150 -0.65411270 0.00000000
