MeshAnim
1
34
83
30
0.54357840 0.01686241 -0.83918910 0.00000000
-0.00670477 0.99985350 0.01574780 0.00000000
0.83933160 -0.00293360 0.54361180 0.00000000
-0.00277021 0.84816270 -0.00171213 1.00000000

0.96110010 0.27002460 0.05807877 0.00000000
0.26947670 -0.87062540 -0.41157470 0.00000000
-0.06057045 0.41121530 -0.90952360 0.00000000
0.06496031 0.81934190 -0.11633880 1.00000000

0.96110010 0.27002460 0.05807877 0.00000000
0.24376280 -0.92813560 0.28132540 0.00000000
0.12986980 -0.25622450 -0.95785340 0.00000000
0.17275100 0.47109180 -0.28096870 1.00000000

0.99760330 0.05889734 0.03631410 0.00000000
0.05900377 -0.99825610 -0.00186502 0.00000000
0.03614104 0.00400316 -0.99933870 0.00000000
0.25989330 0.13982130 -0.18284890 1.00000000

0.99765400 0.05887543 0.03493193 0.00000000
0.05755335 -0.99762970 0.03771812 0.00000000
0.03706980 -0.03561919 -0.99867770 0.00000000
0.27099290 0.03636134 -0.31997190 1.00000000

0.53039000 -0.27931060 -0.80042000 0.00000000
0.35215570 0.93144050 -0.09167863 0.00000000
0.77115040 -0.23324700 0.59238760 0.00000000
-0.07911428 0.81487210 0.10608680 1.00000000

0.53038880 -0.27931050 -0.80042080 0.00000000
-0.25786950 0.84627160 -0.46618440 0.00000000
0.80758350 0.45366320 0.37682730 0.00000000
-0.21997680 0.44229680 0.14275880 1.00000000

0.31290850 -0.06881993 -0.94728680 0.00000000
0.02798231 0.99760650 -0.06323248 0.00000000
0.94937100 -0.00672130 0.31408530 0.00000000
-0.12988180 0.13975820 0.30803080 1.00000000

0.31290850 -0.06881993 -0.94728680 0.00000000
0.06109785 0.99676410 -0.05223254 0.00000000
0.94781610 -0.04153315 0.31610070 0.00000000
-0.26287920 0.03673840 0.27158290 1.00000000

0.55469830 0.02354591 -0.83171840 0.00000000
-0.01680217 0.99971260 0.01709594 0.00000000
0.83188190 0.00449158 0.55493460 0.00000000
-0.00368478 0.98454820 0.00043597 1.00000000

0.57899800 -0.00453256 -0.81531650 0.00000000
-0.10462150 0.99130460 -0.07980803 0.00000000
0.80858870 0.13150830 0.57348920 0.00000000
-0.00658364 1.15702800 0.00338552 1.00000000

0.60774810 -0.02344467 -0.79378370 0.00000000
-0.39446390 0.85861740 -0.32737470 0.00000000
0.68923170 0.51208040 0.51257510 0.00000000
-0.02621185 1.34300800 -0.01158741 1.00000000

-0.30192670 0.65951150 -0.68839310 0.00000000
0.59670020 -0.43242090 -0.67598920 0.00000000
-0.74349820 -0.61486340 -0.26297130 0.00000000
-0.00717718 1.43813300 -0.07955981 1.00000000

0.11938710 0.53706490 -0.83504970 0.00000000
0.54929550 -0.73634830 -0.39505180 0.00000000
-0.82705590 -0.41152510 -0.38291780 0.00000000
0.12642360 1.34131400 -0.23091340 1.00000000

0.14830540 0.47183550 -0.86912430 0.00000000
-0.90589910 -0.28769860 -0.31076810 0.00000000
-0.39667710 0.83342730 0.38476790 0.00000000
0.28107160 1.13400400 -0.34213630 1.00000000

0.34573710 0.83616070 -0.42579480 0.00000000
-0.80899320 0.03572474 -0.58673160 0.00000000
-0.47539040 0.54731980 0.68879960 0.00000000
0.06195845 1.06449100 -0.41746230 1.00000000

-0.23872000 -0.78929870 0.56570350 0.00000000
-0.58434900 0.58202950 0.56548950 0.00000000
-0.77559620 -0.19557470 -0.60016790 0.00000000
-0.11375720 1.09847100 -0.39607390 1.00000000

-0.58836380 0.49738530 -0.63752340 0.00000000
-0.72360560 -0.67574050 0.14060610 0.00000000
-0.36086490 0.54404310 0.75749180 0.00000000
-0.08971638 1.09890700 -0.46648790 1.00000000

-0.90132630 -0.40712450 -0.14785340 0.00000000
0.23038870 -0.73968050 0.63229260 0.00000000
-0.36678600 0.53583820 0.76049040 0.00000000
-0.12433630 1.06657600 -0.45976080 1.00000000

-0.55306660 0.53526010 -0.63844660 0.00000000
-0.77308950 -0.61537130 0.15378900 0.00000000
-0.31056450 0.57863190 0.75414530 0.00000000
-0.07222667 1.07929400 -0.49480280 1.00000000

-0.92341710 -0.37249540 -0.09245810 0.00000000
0.22628930 -0.72299120 0.65274570 0.00000000
-0.30999090 0.58183420 0.75191400 0.00000000
-0.11021200 1.04815800 -0.48650680 1.00000000

-0.55756910 0.42207080 -0.71482380 0.00000000
-0.74193850 -0.63961170 0.20105730 0.00000000
-0.37234920 0.64245870 0.66977830 0.00000000
-0.05505682 1.05438500 -0.51901170 1.00000000

-0.92604060 -0.31580220 -0.20668440 0.00000000
0.07742095 -0.69491580 0.71491150 0.00000000
-0.36939850 0.64603510 0.66796960 0.00000000
-0.08988541 1.02436000 -0.50957350 1.00000000

-0.49128240 0.50679950 -0.70837570 0.00000000
-0.84253050 -0.48275050 0.23894480 0.00000000
-0.22087150 0.71421740 0.66416100 0.00000000
-0.03866068 1.03128000 -0.53978880 1.00000000

-0.97507610 -0.08093508 -0.20658310 0.00000000
-0.09292328 -0.69652940 0.71148580 0.00000000
-0.20147520 0.71294910 0.67164840 0.00000000
-0.07415866 1.01033200 -0.52902790 1.00000000

0.21911520 0.07517307 0.97279920 0.00000000
-0.62006670 -0.75906910 0.19832230 0.00000000
0.75333010 -0.64665570 -0.11971140 0.00000000
-0.03636021 1.08860000 -0.39807390 1.00000000

-0.36723230 -0.47498170 0.79970820 0.00000000
-0.85499390 -0.16615050 -0.49130420 0.00000000
0.36623250 -0.86416840 -0.34509060 0.00000000
-0.07290015 1.04353300 -0.38457790 1.00000000

0.04821283 0.65898560 -0.75060870 0.00000000
-0.90589910 -0.28769860 -0.31076810 0.00000000
-0.42074070 0.69495880 0.58310370 0.00000000
0.16180520 1.09620000 -0.38321010 1.00000000

0.14535800 0.04010319 -0.98856610 0.00000000
0.47849520 -0.87740180 0.03476384 0.00000000
-0.86597570 -0.47807740 -0.14672680 0.00000000
0.10729870 1.36366800 -0.20342050 1.00000000

-0.10361770 0.40909140 -0.90659130 0.00000000
0.54929550 -0.73634830 -0.39505180 0.00000000
-0.82917920 -0.53892090 -0.14841350 0.00000000
0.12642360 1.34131400 -0.23091340 1.00000000

-0.05717400 0.43708150 -0.89760300 0.00000000
0.54911770 -0.73709700 -0.39390090 0.00000000
-0.83378740 -0.51541050 -0.19786660 0.00000000
0.19231780 1.25286200 -0.27818150 1.00000000

0.93642820 0.24640170 -0.24977710 0.00000000
-0.32271020 0.88426350 -0.33754420 0.00000000
0.13769740 0.39669150 0.90756560 0.00000000
-0.08538146 1.47180100 -0.06069362 1.00000000

0.99538770 0.07917932 -0.05416524 0.00000000
-0.09422447 0.91301250 -0.39690040 0.00000000
0.01802725 0.40017350 0.91626210 0.00000000
-0.11571620 1.55492200 -0.09242283 1.00000000

0.99538770 0.07917932 -0.05416524 0.00000000
-0.09589738 0.80574880 -0.58444210 0.00000000
-0.00263208 0.58694090 0.80962550 0.00000000
-0.12589060 1.59004300 -0.22805540 1.00000000

0.99538770 0.07917932 -0.05416524 0.00000000
0.09462160 -0.71726140 0.69034990 0.00000000
0.01581085 -0.69229100 -0.72144530 0.00000000
-0.06129404 1.58195800 -0.20202650 1.00000000

0.99538770 0.07917932 -0.05416524 0.00000000
-0.09505612 0.73784950 -0.66823840 0.00000000
-0.01294491 0.67030500 0.74197280 0.00000000
-0.18498440 1.57037100 -0.19353580 1.00000000

0.99538760 0.07924496 -0.05407429 0.00000000
0.09590323 -0.80709800 0.58257680 0.00000000
0.00252298 -0.58507550 -0.81097520 0.00000000
-0.08598465 1.60950400 -0.19404600 1.00000000

0.99538790 0.07914425 -0.05421352 0.00000000
-0.09589732 0.80574640 -0.58444540 0.00000000
-0.00257301 0.58694880 0.80962000 0.00000000
-0.16446230 1.60326100 -0.18977580 1.00000000

0.96355030 0.19556180 -0.18255560 0.00000000
0.26573420 -0.77850970 0.56860180 0.00000000
-0.03092462 -0.59638760 -0.80210050 0.00000000
-0.10688890 1.59487100 -0.23153480 1.00000000

0.97740610 0.18597400 -0.10045340 0.00000000
-0.20955640 0.79047230 -0.57553400 0.00000000
-0.02762854 0.58358110 0.81158460 0.00000000
-0.14224540 1.59261400 -0.23103270 1.00000000

0.98797110 0.11961070 0.09801146 0.00000000
0.07064557 -0.91291780 0.40198300 0.00000000
0.13755780 -0.39022350 -0.91038660 0.00000000
-0.04954972 1.62337900 -0.19655070 1.00000000

0.98748200 0.05299472 -0.14856250 0.00000000
-0.11777280 0.87425520 -0.47096420 0.00000000
0.10492300 0.48256530 0.86955260 0.00000000
-0.20288960 1.61228900 -0.18985970 1.00000000

0.97838820 0.18174090 -0.09862405 0.00000000
0.20491240 -0.78828110 0.58019280 0.00000000
0.02770126 -0.58786300 -0.80848590 0.00000000
-0.08604557 1.60996200 -0.19449580 1.00000000

0.99966190 -0.02439449 -0.00901401 0.00000000
0.01443282 0.80871640 -0.58802180 0.00000000
0.02163431 0.58769270 0.80879490 0.00000000
-0.16446350 1.60327100 -0.18978500 1.00000000

0.99333610 0.09547217 -0.06456420 0.00000000
-0.11525170 0.81941260 -0.56149770 0.00000000
-0.00070253 0.56519710 0.82495560 0.00000000
-0.12045370 1.59218000 -0.12501780 1.00000000

0.95444870 0.25017610 -0.16260210 0.00000000
0.29828110 -0.81367520 0.49896000 0.00000000
-0.00747743 -0.52473280 -0.85123420 0.00000000
-0.10279830 1.50715000 -0.20744890 1.00000000

0.99388560 0.09148037 -0.06182894 0.00000000
-0.11041290 0.82691920 -0.55137430 0.00000000
0.00068757 0.55482970 0.83196370 0.00000000
-0.11791870 1.50666000 -0.20964430 1.00000000

0.99705180 -0.06715696 0.03711370 0.00000000
0.07664528 0.84898350 -0.52283160 0.00000000
0.00360295 0.52413470 0.85162760 0.00000000
-0.13535250 1.50595300 -0.20377100 1.00000000

0.99074260 0.11617860 -0.07022479 0.00000000
0.13491560 -0.78526920 0.60427640 0.00000000
0.01505849 -0.60815670 -0.79367400 0.00000000
-0.09562571 1.52217400 -0.19583820 1.00000000

0.99634810 0.06930903 -0.04986498 0.00000000
-0.08534026 0.78989670 -0.60727290 0.00000000
-0.00270125 0.60931080 0.79292690 0.00000000
-0.14615260 1.51860400 -0.19015010 1.00000000

0.98571720 0.14951860 -0.07749611 0.00000000
0.16437550 -0.75408990 0.63586890 0.00000000
0.03663510 -0.63952540 -0.76789670 0.00000000
-0.10499320 1.53097900 -0.21040710 1.00000000

0.99460520 0.08645828 -0.05732045 0.00000000
-0.10309060 0.76239510 -0.63884740 0.00000000
-0.01153275 0.64131000 0.76719510 0.00000000
-0.12003220 1.52788700 -0.21361130 1.00000000

0.99862650 0.03124009 -0.04205844 0.00000000
-0.05114639 0.75528450 -0.65339820 0.00000000
0.01135397 0.65465210 0.75584510 0.00000000
-0.13796840 1.52949100 -0.20737840 1.00000000

0.99534900 0.07955335 -0.05432779 0.00000000
0.09510806 -0.72182060 0.68551380 0.00000000
0.01531994 -0.68749250 -0.72602980 0.00000000
-0.10626850 1.56108200 -0.21467570 1.00000000

0.99534900 0.07955335 -0.05432779 0.00000000
-0.09510806 0.72182070 -0.68551370 0.00000000
-0.01531991 0.68749240 0.72602980 0.00000000
-0.12321430 1.55176200 -0.23483660 1.00000000

0.99534900 0.07955335 -0.05432779 0.00000000
-0.09510806 0.72182070 -0.68551370 0.00000000
-0.01531991 0.68749240 0.72602980 0.00000000
-0.13914810 1.55787500 -0.21262850 1.00000000

0.99538770 0.07917932 -0.05416524 0.00000000
0.07186675 -0.24143760 0.96775160 0.00000000
0.06354832 -0.96718070 -0.24601450 0.00000000
-0.12013250 1.65405900 -0.02866080 1.00000000

0.99538770 0.07917932 -0.05416524 0.00000000
-0.09487592 0.89609650 -0.43360080 0.00000000
0.01420513 0.43673980 0.89947570 0.00000000
-0.13012370 1.68588300 -0.16574370 1.00000000

0.48450260 -0.84239850 0.23584290 0.00000000
0.49906740 0.04475245 -0.86540690 0.00000000
0.71846290 0.53699330 0.44209640 0.00000000
-0.08410961 1.44109900 0.02092336 1.00000000

0.30732660 -0.65864350 -0.68683280 0.00000000
0.74088280 0.61856560 -0.26166670 0.00000000
0.59719600 -0.42844540 0.67807930 0.00000000
-0.19585070 1.43107900 0.21468810 1.00000000

0.37901930 -0.61162220 -0.69445150 0.00000000
0.34066800 -0.60552080 0.71922890 0.00000000
-0.86040090 -0.50917910 -0.02114385 0.00000000
-0.40443390 1.25693400 0.28835820 1.00000000

0.89919210 0.35517710 0.25554450 0.00000000
0.09327975 -0.72620790 0.68111770 0.00000000
0.42749580 -0.58861830 -0.68613120 0.00000000
-0.48690890 1.40351800 0.11449200 1.00000000

-0.90172930 -0.22367650 -0.36993710 0.00000000
0.42749580 -0.58861830 -0.68613120 0.00000000
-0.06428041 -0.77685100 0.62639510 0.00000000
-0.46755530 1.47651400 0.06720316 1.00000000

0.62145300 -0.42896370 0.65558090 0.00000000
-0.70490840 -0.67133520 0.22894050 0.00000000
0.34190730 -0.60440010 -0.71958330 0.00000000
-0.52308680 1.54905200 0.05042646 1.00000000

-0.36715220 -0.78614440 0.49716840 0.00000000
-0.86840800 0.09820008 -0.48602940 0.00000000
0.33326730 -0.61019180 -0.71874850 0.00000000
-0.48936130 1.58117100 0.03947360 1.00000000

0.64364710 -0.40063100 0.65208410 0.00000000
-0.66393050 -0.71610790 0.21537430 0.00000000
0.38067680 -0.57156350 -0.72691170 0.00000000
-0.50830310 1.52703400 0.02233850 1.00000000

-0.39948650 -0.81148840 0.42649410 0.00000000
-0.83229150 0.12601090 -0.53982620 0.00000000
0.38431980 -0.57062070 -0.72573460 0.00000000
-0.47463770 1.56233700 0.01226180 1.00000000

0.55448460 -0.40668240 0.72605530 0.00000000
-0.71061730 -0.68543150 0.15876670 0.00000000
0.43309360 -0.60398110 -0.66905710 0.00000000
-0.48768100 1.50560000 -0.00249363 1.00000000

-0.31757560 -0.79916190 0.51037840 0.00000000
-0.84104230 -0.01119360 -0.54085360 0.00000000
0.43794250 -0.60101190 -0.66857420 0.00000000
-0.45432310 1.53777600 -0.00994678 1.00000000

0.46423640 -0.44833600 0.76385840 0.00000000
-0.71396300 -0.69979990 0.02317455 0.00000000
0.52415800 -0.55612510 -0.64496790 0.00000000
-0.46832870 1.48547200 -0.02381647 1.00000000

-0.19428020 -0.83125560 0.52083580 0.00000000
-0.82656140 -0.14720270 -0.54325680 0.00000000
0.52825340 -0.53604670 -0.65848520 0.00000000
-0.43756170 1.51493400 -0.02417616 1.00000000

0.24212440 -0.25613670 -0.93582590 0.00000000
-0.82747230 -0.55814820 -0.06132442 0.00000000
-0.50662200 0.78921790 -0.34708720 0.00000000
-0.50481620 1.50462900 0.12340980 1.00000000

-0.54131260 -0.69749390 -0.46955630 0.00000000
-0.58690770 -0.08645767 0.80502450 0.00000000
-0.60209640 0.71135630 -0.36256380 0.00000000
-0.45596660 1.53830700 0.12868430 1.00000000

0.89864050 -0.01517481 -0.43842350 0.00000000
0.34066800 -0.60552080 0.71922890 0.00000000
-0.27638850 -0.79568510 -0.53897570 0.00000000
-0.44936120 1.33677900 0.19376050 1.00000000

0.86516940 -0.43158430 -0.25537660 0.00000000
0.42150240 0.90173640 -0.09595343 0.00000000
0.27169420 -0.02462599 0.96206840 0.00000000
-0.17512360 1.44998700 0.17374910 1.00000000

0.59845690 -0.78484140 -0.16085210 0.00000000
0.74088280 0.61856560 -0.26166670 0.00000000
0.30486430 0.03742360 0.95166040 0.00000000
-0.19585070 1.43107900 0.21468810 1.00000000

0.58455030 -0.78501980 -0.20504910 0.00000000
0.74046530 0.61947070 -0.26070580 0.00000000
0.33168090 0.00056379 0.94339140 0.00000000
-0.28470650 1.35674200 0.24597270 1.00000000

0.54357840 0.01686241 -0.83918910 0.00000000
0.14006820 0.98395660 0.11049950 0.00000000
0.82758890 -0.17760890 0.53249570 0.00000000
-0.10542540 0.98239370 -0.15143170 1.00000000

0.54211730 0.00679734 -0.84027530 0.00000000
0.15618980 0.98172650 0.10871000 0.00000000
0.82565950 -0.19017600 0.53114920 0.00000000
-0.18977460 0.98860390 -0.03585232 1.00000000

0.55048010 0.01823877 -0.83464910 0.00000000
-0.12858320 -0.98597960 -0.10635070 0.00000000
-0.82488660 0.16586580 -0.54041700 0.00000000
-0.07817184 0.97355290 0.13257730 1.00000000

1.00000000 0.00000000 0.00000000 0.00000000
0.00000000 1.00000000 0.00000000 0.00000000
0.00000000 0.00000000 1.00000000 0.00000000
0.00000000 0.00000000 0.00000000 1.00000000

1.00000000 0.00000000 0.00000000 0.00000000
0.00000000 1.00000000 0.00000000 0.00000000
0.00000000 0.00000000 1.00000000 0.00000000
0.00000000 0.00000000 0.00000000 1.00000000

0.99538770 0.07917932 -0.05416524 0.00000000
-0.09487595 0.89609640 -0.43360090 0.00000000
0.01420513 0.43673990 0.89947570 0.00000000
-0.11462110 1.54174600 -0.09155564 1.00000000

0.53550980 0.00017936 -0.84452910 0.00000000
0.00214991 0.99999640 0.00157562 0.00000000
0.84452640 -0.00265942 0.53550750 0.00000000
0.00055428 0.84825190 -0.00255662 1.00000000

0.96145270 0.26807150 0.06120875 0.00000000
0.26856540 -0.86772920 -0.41823320 0.00000000
-0.05900389 0.41855000 -0.90627540 0.00000000
0.06691241 0.81721440 -0.11740690 1.00000000

0.96145270 0.26807150 0.06120875 0.00000000
0.23945680 -0.92569020 0.29284560 0.00000000
0.13516380 -0.26690040 -0.95419880 0.00000000
0.17433850 0.47012270 -0.28470020 1.00000000

0.99762560 0.05866050 0.03608614 0.00000000
0.05876117 -0.99827070 -0.00173355 0.00000000
0.03592199 0.00384989 -0.99934740 0.00000000
0.25995830 0.13970000 -0.18246760 1.00000000

0.99767600 0.05863841 0.03470394 0.00000000
0.05731966 -0.99763840 0.03784982 0.00000000
0.03684130 -0.03577262 -0.99868090 0.00000000
0.27100270 0.03621751 -0.31957810 1.00000000

0.53497620 -0.28014860 -0.79706810 0.00000000
0.34848310 0.93260080 -0.09388988 0.00000000
0.76964940 -0.22753590 0.59654620 0.00000000
-0.07502363 0.81716630 0.10643400 1.00000000

0.53497510 -0.28014850 -0.79706880 0.00000000
-0.24476340 0.85157450 -0.46358560 0.00000000
0.80863620 0.44309990 0.38700100 0.00000000
-0.21441710 0.44412700 0.14399050 1.00000000

0.31351170 -0.06883636 -0.94708620 0.00000000
0.02674242 0.99761350 -0.06365629 0.00000000
0.94920780 -0.00537038 0.31460440 0.00000000
-0.12899440 0.13972230 0.30831410 1.00000000

0.31351170 -0.06883636 -0.94708620 0.00000000
0.05985301 0.99681840 -0.05263797 0.00000000
0.94769620 -0.04018332 0.31663430 0.00000000
-0.26184030 0.03651655 0.27183920 1.00000000

0.54650960 0.00752834 -0.83741920 0.00000000
-0.00989006 0.99994780 0.00253509 0.00000000
0.83739460 0.00689668 0.54655550 0.00000000
0.00084754 0.98465700 -0.00234168 1.00000000

0.57062370 -0.02115552 -0.82093920 0.00000000
-0.09724537 0.99089370 -0.09312916 0.00000000
0.81543370 0.13297420 0.56337000 0.00000000
-0.00085879 1.15717700 -0.00190430 1.00000000

0.59940020 -0.04075071 -0.79941160 0.00000000
-0.38935420 0.85774930 -0.33566290 0.00000000
0.69937320 0.51245060 0.49826860 0.00000000
-0.01910314 1.34308100 -0.01937643 1.00000000

-0.30243750 0.65262470 -0.69470330 0.00000000
0.58555100 -0.44788190 -0.67567170 0.00000000
-0.75210500 -0.61113240 -0.24668860 0.00000000
0.00016955 1.43703600 -0.08889031 1.00000000

0.11614850 0.52393290 -0.84380340 0.00000000
0.53803180 -0.74730100 -0.38995320 0.00000000
-0.83488420 -0.40870060 -0.36869020 0.00000000
0.13127410 1.33675500 -0.24017280 1.00000000

0.14408030 0.45794210 -0.87722870 0.00000000
-0.91177660 -0.28308510 -0.29753420 0.00000000
-0.38458370 0.84270520 0.37675370 0.00000000
0.28275080 1.12636200 -0.34996020 1.00000000

0.34958830 0.82654210 -0.44115320 0.00000000
-0.81449740 0.03541663 -0.57908550 0.00000000
-0.46301450 0.56175950 0.68559760 0.00000000
0.06221519 1.05796200 -0.42208640 1.00000000

-0.24070750 -0.77876120 0.57930210 0.00000000
-0.57286930 0.59579330 0.56289580 0.00000000
-0.78350570 -0.19637120 -0.58954040 0.00000000
-0.11293380 1.09398900 -0.39943550 1.00000000

-0.58988050 0.49409210 -0.63868180 0.00000000
-0.72873200 -0.66644600 0.15747910 0.00000000
-0.34783770 0.55832160 0.75318410 0.00000000
-0.08960336 1.09318300 -0.47008480 1.00000000

-0.90672140 -0.40020630 -0.13301100 0.00000000
0.22951430 -0.73286670 0.64049200 0.00000000
-0.35380830 0.55021970 0.75635870 0.00000000
-0.12446860 1.06129800 -0.46255040 1.00000000

-0.55422510 0.53159730 -0.64049910 0.00000000
-0.77748640 -0.60540650 0.17028910 0.00000000
-0.29723720 0.59235760 0.74884100 0.00000000
-0.07259385 1.07299700 -0.49828890 1.00000000

-0.92791000 -0.36457490 -0.07789961 0.00000000
0.22578560 -0.71584820 0.66074380 0.00000000
-0.29665500 0.59552200 0.74655840 0.00000000
-0.11079660 1.04236100 -0.48916940 1.00000000

-0.56060860 0.41738350 -0.71519880 0.00000000
-0.74609800 -0.62928070 0.21758640 0.00000000
-0.35924370 0.65558920 0.66418900 0.00000000
-0.05591457 1.04757700 -0.52230850 1.00000000

-0.93113320 -0.30948870 -0.19289430 0.00000000
0.07783577 -0.68541290 0.72398280 0.00000000
-0.35627670 0.65911010 0.66230010 0.00000000
-0.09093839 1.01803700 -0.51209440 1.00000000

-0.49343320 0.50153230 -0.71062620 0.00000000
-0.84476010 -0.47090410 0.25422490 0.00000000
-0.20713470 0.72575130 0.65603400 0.00000000
-0.03995660 1.02401700 -0.54291530 1.00000000

-0.97786170 -0.07416806 -0.19566770 0.00000000
-0.09254208 -0.68538190 0.72227960 0.00000000
-0.18767730 0.72439700 0.66334520 0.00000000
-0.07554746 1.00357800 -0.53150190 1.00000000

0.22966920 0.08681920 0.96938910 0.00000000
-0.62543620 -0.74997030 0.21534720 0.00000000
0.74570930 -0.65574960 -0.11794530 0.00000000
-0.03566146 1.08332100 -0.40206570 1.00000000

-0.36376110 -0.45988600 0.81005140 0.00000000
-0.86150620 -0.16461400 -0.48032280 0.00000000
0.35423950 -0.87258700 -0.33631440 0.00000000
-0.07250284 1.03881600 -0.38756200 1.00000000

0.04703048 0.64774130 -0.76040740 0.00000000
-0.91177660 -0.28308510 -0.29753420 0.00000000
-0.40798530 0.70731480 0.57728180 0.00000000
0.16270980 1.08916300 -0.38929280 1.00000000

0.13570000 0.02460647 -0.99044450 0.00000000
0.47022300 -0.88152280 0.04252422 0.00000000
-0.87205300 -0.47150020 -0.13119320 0.00000000
0.11264830 1.35968600 -0.21281330 1.00000000

-0.10881160 0.39717420 -0.91126990 0.00000000
0.53803180 -0.74730100 -0.38995320 0.00000000
-0.83587220 -0.53272350 -0.13237730 0.00000000
0.13127410 1.33675500 -0.24017280 1.00000000

-0.06200755 0.42482700 -0.90314850 0.00000000
0.53785840 -0.74803140 -0.38879020 0.00000000
-0.84075200 -0.50987370 -0.18211310 0.00000000
0.19581710 1.24699100 -0.28682770 1.00000000

0.93530960 0.23268840 -0.26655580 0.00000000
-0.31836400 0.88217250 -0.34701040 0.00000000
0.15440290 0.40942390 0.89918410 0.00000000
-0.07750629 1.47174300 -0.06972588 1.00000000

0.99550180 0.06641443 -0.06756732 0.00000000
-0.08834727 0.90831880 -0.40884200 0.00000000
0.03421968 0.41297230 0.91010060 0.00000000
-0.10743250 1.55466700 -0.10234490 1.00000000

0.99550180 0.06641443 -0.06756732 0.00000000
-0.09363529 0.79841550 -0.59478160 0.00000000
0.01444471 0.59843280 0.80104300 0.00000000
-0.11888410 1.58796800 -0.23833450 1.00000000

0.99550180 0.06641443 -0.06756732 0.00000000
0.09473240 -0.70841590 0.69940930 0.00000000
-0.00141487 -0.70266390 -0.71152090 0.00000000
-0.05406768 1.57947900 -0.21298990 1.00000000

0.99550180 0.06641443 -0.06756732 0.00000000
-0.09464636 0.72932130 -0.67759320 0.00000000
0.00427628 0.68094030 0.73232670 0.00000000
-0.17777090 1.56950300 -0.20280880 1.00000000

0.99550350 0.06648137 -0.06747738 0.00000000
0.09360185 -0.79979130 0.59293590 0.00000000
-0.01454863 -0.59658560 -0.80241790 0.00000000
-0.07832833 1.60743000 -0.20510390 1.00000000

0.99550110 0.06637869 -0.06761521 0.00000000
-0.09363537 0.79841330 -0.59478470 0.00000000
0.01450378 0.59843970 0.80103650 0.00000000
-0.15681490 1.60219500 -0.19977700 1.00000000

0.96344420 0.18132610 -0.19722160 0.00000000
0.26357190 -0.77345110 0.57645760 0.00000000
-0.04801437 -0.60736660 -0.79296950 0.00000000
-0.09987146 1.59251600 -0.24211700 1.00000000

0.97821030 0.17274580 -0.11516680 0.00000000
-0.20734730 0.78463670 -0.58425370 0.00000000
-0.01056343 0.59540240 0.80335830 0.00000000
-0.13524310 1.59069300 -0.24114670 1.00000000

0.99046760 0.10910140 0.08408999 0.00000000
0.06483649 -0.90786800 0.41421290 0.00000000
0.12153380 -0.40481230 -0.90628760 0.00000000
-0.04176566 1.62082900 -0.20825750 1.00000000

0.98610710 0.03898142 -0.16147240 0.00000000
-0.11327720 0.86879400 -0.48204290 0.00000000
0.12149550 0.49363710 0.86113970 0.00000000
-0.19513070 1.61168200 -0.19951750 1.00000000

0.97916510 0.16852780 -0.11328860 0.00000000
0.20278820 -0.78232340 0.58893720 0.00000000
0.01062393 -0.59964020 -0.80019930 0.00000000
-0.07838944 1.60788300 -0.20555940 1.00000000

0.99911150 -0.03654797 -0.02098233 0.00000000
0.01666889 0.80000410 -0.59976320 0.00000000
0.03870592 0.59888070 0.79990260 0.00000000
-0.15681620 1.60220400 -0.19978630 1.00000000

0.99351370 0.08258060 -0.07817444 0.00000000
-0.11253810 0.81263770 -0.57179990 0.00000000
0.01630789 0.57688840 0.81666020 0.00000000
-0.11213490 1.59151100 -0.13541320 1.00000000

0.95524100 0.23632540 -0.17794750 0.00000000
0.29482670 -0.80999680 0.50693450 0.00000000
-0.02433538 -0.53670820 -0.84341710 0.00000000
-0.09652036 1.50510600 -0.21682020 1.00000000

0.99405010 0.07862198 -0.07538864 0.00000000
-0.10748440 0.82022940 -0.56184630 0.00000000
0.01766253 0.56660620 0.82379940 0.00000000
-0.11167180 1.50476600 -0.21882170 1.00000000

0.99657170 -0.07861274 0.02578616 0.00000000
0.08016431 0.84044640 -0.53593270 0.00000000
0.02045923 0.53616240 0.84386710 0.00000000
-0.12903800 1.50435300 -0.21272440 1.00000000

0.99109530 0.10323380 -0.08410072 0.00000000
0.13313850 -0.77812600 0.61383590 0.00000000
-0.00207228 -0.61956680 -0.78494130 0.00000000
-0.08902563 1.52020600 -0.20551680 1.00000000

0.99639890 0.05659571 -0.06313726 0.00000000
-0.08355299 0.78211320 -0.61750950 0.00000000
0.01443207 0.62056110 0.78402550 0.00000000
-0.13951630 1.51732600 -0.19915540 1.00000000

0.98637510 0.13652460 -0.09178990 0.00000000
0.16335850 -0.74685530 0.64460970 0.00000000
0.01945135 -0.65082140 -0.75898190 0.00000000
-0.09846947 1.52891400 -0.22009460 1.00000000

0.99476610 0.07365645 -0.07081753 0.00000000
-0.10202130 0.75437920 -0.64846280 0.00000000
0.00565970 0.65229360 0.75794540 0.00000000
-0.11358290 1.52595900 -0.22306830 1.00000000

0.99832310 0.01861750 -0.05481100 0.00000000
-0.05035096 0.74643670 -0.66354860 0.00000000
0.02855930 0.66519580 0.74612270 0.00000000
-0.13141950 1.52786700 -0.21663850 1.00000000

0.99546560 0.06678653 -0.06773478 0.00000000
0.09510425 -0.71304920 0.69463380 0.00000000
-0.00190595 -0.69792580 -0.71616770 0.00000000
-0.09944105 1.55896700 -0.22478120 1.00000000

0.99546560 0.06678653 -0.06773478 0.00000000
-0.09510425 0.71304920 -0.69463370 0.00000000
0.00190598 0.69792570 0.71616780 0.00000000
-0.11674680 1.54956400 -0.24459500 1.00000000

0.99546560 0.06678653 -0.06773478 0.00000000
-0.09510425 0.71304920 -0.69463370 0.00000000
0.00190598 0.69792570 0.71616780 0.00000000
-0.13232820 1.55618500 -0.22228270 1.00000000

0.99550180 0.06641443 -0.06756732 0.00000000
0.08108863 -0.22843950 0.97017540 0.00000000
0.04899870 -0.97129030 -0.23279740 0.00000000
-0.10987610 1.65475100 -0.03997042 1.00000000

0.99550180 0.06641443 -0.06756732 0.00000000
-0.08965783 0.89088950 -0.44528360 0.00000000
0.03062174 0.44933850 0.89283670 0.00000000
-0.12120170 1.68473200 -0.17736470 1.00000000

0.47572650 -0.84471610 0.24523340 0.00000000
0.49214590 0.02454406 -0.87016700 0.00000000
0.72902480 0.53465180 0.42739960 0.00000000
-0.07570615 1.44219300 0.01230529 1.00000000

0.29520510 -0.67227280 -0.67889900 0.00000000
0.74306370 0.60821100 -0.27916950 0.00000000
0.60059180 -0.42205300 0.67908840 0.00000000
-0.18589750 1.43669700 0.20713570 1.00000000

0.36723430 -0.62592800 -0.68800700 0.00000000
0.34198690 -0.59701370 0.72568590 0.00000000
-0.86497630 -0.50178610 -0.00518453 0.00000000
-0.39509480 1.26546700 0.28573350 1.00000000

0.90521010 0.34965070 0.24153530 0.00000000
0.09260812 -0.71700950 0.69088470 0.00000000
0.41475140 -0.60302750 -0.68142470 0.00000000
-0.47788680 1.40999600 0.11030430 1.00000000

-0.90753930 -0.21983140 -0.35783680 0.00000000
0.41475140 -0.60302750 -0.68142470 0.00000000
-0.06598684 -0.76683270 0.63844630 0.00000000
-0.45826050 1.48208500 0.06175240 1.00000000

0.62348810 -0.42561470 0.65583160 0.00000000
-0.70938740 -0.66061230 0.24568570 0.00000000
0.32868310 -0.61842070 -0.71380960 0.00000000
-0.51321670 1.55493400 0.04443919 1.00000000

-0.37019230 -0.77491870 0.51230770 0.00000000
-0.87210230 0.09994002 -0.47900940 0.00000000
0.31999340 -0.62411030 -0.71280520 0.00000000
-0.47927690 1.58654000 0.03268509 1.00000000

0.64593240 -0.39756590 0.65170010 0.00000000
-0.66900050 -0.70599860 0.23238960 0.00000000
0.36770920 -0.58609550 -0.72199900 0.00000000
-0.49893340 1.53235400 0.01653925 1.00000000

-0.40347440 -0.80096810 0.44233370 0.00000000
-0.83623630 0.12658250 -0.53355990 0.00000000
0.37137290 -0.58517310 -0.72087120 0.00000000
-0.46501280 1.56715600 0.00561468 1.00000000

0.55744440 -0.40161050 0.72661220 0.00000000
-0.71592810 -0.67568200 0.17578720 0.00000000
0.42036080 -0.61819360 -0.66417920 0.00000000
-0.47877440 1.51034500 -0.00817040 1.00000000

-0.32062270 -0.78824840 0.52522940 0.00000000
-0.84638570 -0.01052515 -0.53246650 0.00000000
0.42524420 -0.61526760 -0.66378760 0.00000000
-0.44516720 1.54206400 -0.01642252 1.00000000

0.46715460 -0.44177320 0.76590040 0.00000000
-0.72075090 -0.69201230 0.04046211 0.00000000
0.51213750 -0.57092550 -0.64168510 0.00000000
-0.45983720 1.48970800 -0.02937841 1.00000000

-0.19756170 -0.82144900 0.53496840 0.00000000
-0.83330720 -0.14669660 -0.53299100 0.00000000
0.51630310 -0.55109170 -0.65553780 0.00000000
-0.42877850 1.51884300 -0.03047279 1.00000000

0.23031220 -0.27237580 -0.93422070 0.00000000
-0.83364470 -0.55046300 -0.04502749 0.00000000
-0.50198950 0.78917830 -0.35384290 0.00000000
-0.49468070 1.51140600 0.11789350 1.00000000

-0.55293560 -0.69874250 -0.45389600 0.00000000
-0.57981600 -0.06854989 0.81185920 0.00000000
-0.59839490 0.71208170 -0.36723820 0.00000000
-0.44544300 1.54465500 0.12219490 1.00000000

0.89418650 -0.03068909 -0.44664220 0.00000000
0.34198690 -0.59701370 0.72568590 0.00000000
-0.28892180 -0.80164430 -0.52334620 0.00000000
-0.44019360 1.34419500 0.19028450 1.00000000

0.85915600 -0.44265540 -0.25672490 0.00000000
0.42759040 0.89662530 -0.11502180 0.00000000
0.28110070 -0.01095150 0.95961590 0.00000000
-0.16556380 1.45435800 0.16637320 1.00000000

0.59063630 -0.79215780 -0.15373810 0.00000000
0.74306370 0.60821100 -0.27916950 0.00000000
0.31465130 0.05065031 0.94785520 0.00000000
-0.18589750 1.43669700 0.20713570 1.00000000

0.57628890 -0.79295260 -0.19778250 0.00000000
0.74266310 0.60913530 -0.27821940 0.00000000
0.34109080 0.01344891 0.93993430 0.00000000
-0.27501710 1.36360100 0.24052210 1.00000000

0.53550980 0.00017936 -0.84452910 0.00000000
0.14969440 0.98414530 0.09512918 0.00000000
0.83115640 -0.17736390 0.52699260 0.00000000
-0.10238150 0.98125290 -0.15317860 1.00000000

0.53395220 -0.00986169 -0.84545730 0.00000000
0.16573860 0.98175380 0.09322143 0.00000000
0.82911160 -0.18990070 0.52584400 0.00000000
-0.18554440 0.98984350 -0.03689405 1.00000000

0.54246720 0.00155877 -0.84007570 0.00000000
-0.13818760 -0.98621080 -0.09106262 0.00000000
-0.82863360 0.16548650 -0.53477160 0.00000000
-0.07239216 0.97616740 0.13066310 1.00000000

1.00000000 0.00000000 0.00000000 0.00000000
0.00000000 1.00000000 0.00000000 0.00000000
0.00000000 0.00000000 1.00000000 0.00000000
0.00000000 0.00000000 0.00000000 1.00000000

1.00000000 0.00000000 0.00000000 0.00000000
0.00000000 1.00000000 0.00000000 0.00000000
0.00000000 0.00000000 1.00000000 0.00000000
0.00000000 0.00000000 0.00000000 1.00000000

0.99550180 0.06641443 -0.06756732 0.00000000
-0.08965787 0.89088950 -0.44528370 0.00000000
0.03062177 0.44933860 0.89283660 0.00000000
-0.10648290 1.54149300 -0.10130120 1.00000000

0.52695410 -0.01461026 -0.84976830 0.00000000
0.00935852 0.99989130 -0.01138801 0.00000000
0.84984230 -0.00195161 0.52703360 0.00000000
0.00341151 0.84840180 -0.00299835 1.00000000

0.96186770 0.26622310 0.06273493 0.00000000
0.26725200 -0.86598510 -0.42266540 0.00000000
-0.05819574 0.42331420 -0.90411200 0.00000000
0.06838319 0.81540360 -0.11809460 1.00000000

0.96186770 0.26622310 0.06273493 0.00000000
0.23567240 -0.92309830 0.30388790 0.00000000
0.13881250 -0.27751500 -0.95064010 0.00000000
0.17528400 0.46900960 -0.28716070 1.00000000

0.99768400 0.05796151 0.03559813 0.00000000
0.05804650 -0.99831290 -0.00135848 0.00000000
0.03545937 0.00342170 -0.99936530 0.00000000
0.25956340 0.13948700 -0.18098570 1.00000000

0.99773370 0.05793885 0.03421590 0.00000000
0.05662384 -0.99766350 0.03822535 0.00000000
0.03635070 -0.03620124 -0.99868320 0.00000000
0.27046990 0.03594148 -0.31805960 1.00000000

0.53898370 -0.28090440 -0.79409670 0.00000000
0.34390100 0.93398550 -0.09697001 0.00000000
0.76891400 -0.22082540 0.60000620 0.00000000
-0.07128517 0.81927560 0.10713500 1.00000000

0.53898260 -0.28090430 -0.79409740 0.00000000
-0.23329550 0.85608830 -0.46117910 0.00000000
0.80936470 0.43382680 0.39588310 0.00000000
-0.20884580 0.44568230 0.14592360 1.00000000

0.31474430 -0.06876758 -0.94668230 0.00000000
0.02414849 0.99762940 -0.06443971 0.00000000
0.94886940 -0.00257889 0.31565890 0.00000000
-0.12751080 0.13968990 0.30937000 1.00000000

0.31474430 -0.06876758 -0.94668230 0.00000000
0.05724886 0.99693180 -0.05338416 0.00000000
0.94744860 -0.03739405 0.31771560 0.00000000
-0.26004000 0.03610003 0.27283230 1.00000000

0.53773320 -0.00668267 -0.84308870 0.00000000
-0.00599258 0.99991300 -0.01174788 0.00000000
0.84309380 0.01136950 0.53764640 0.00000000
0.00468807 0.98479250 -0.00455173 1.00000000

0.56135730 -0.03581491 -0.82679830 0.00000000
-0.09324221 0.98996440 -0.10619000 0.00000000
0.82230410 0.13670300 0.55238440 0.00000000
0.00365417 1.15730700 -0.00657858 1.00000000

0.58984940 -0.05604530 -0.80556610 0.00000000
-0.38772370 0.85541740 -0.34341160 0.00000000
0.70834180 0.51489810 0.48283740 0.00000000
-0.01383914 1.34303600 -0.02650107 1.00000000

-0.30627340 0.64464000 -0.70045410 0.00000000
0.57483240 -0.46127520 -0.67586490 0.00000000
-0.75879160 -0.60964300 -0.22928370 0.00000000
0.00522831 1.43586400 -0.09756808 1.00000000

0.10973150 0.51110150 -0.85248720 0.00000000
0.52870790 -0.75628070 -0.38536690 0.00000000
-0.84168130 -0.40842980 -0.35321120 0.00000000
0.13393290 1.33258500 -0.24889380 1.00000000

0.13685330 0.44446040 -0.88528320 0.00000000
-0.91694280 -0.28131380 -0.28298230 0.00000000
-0.37481670 0.85048100 0.36904600 0.00000000
0.28278460 1.11966300 -0.35739000 1.00000000

0.34980040 0.81785110 -0.45690210 0.00000000
-0.82084960 0.03252381 -0.57021800 0.00000000
-0.45149320 0.57451020 0.68270970 0.00000000
0.06099806 1.05169000 -0.42599750 1.00000000

-0.23903580 -0.76882430 0.59310310 0.00000000
-0.56252880 0.60751440 0.56079210 0.00000000
-0.79146930 -0.19958840 -0.57770370 0.00000000
-0.11364430 1.08918800 -0.40187130 1.00000000

-0.59399070 0.48881430 -0.63893350 0.00000000
-0.73114090 -0.65932040 0.17530090 0.00000000
-0.33557210 0.57127740 0.74902190 0.00000000
-0.09113234 1.08722200 -0.47276310 1.00000000

-0.91074060 -0.39608090 -0.11692730 0.00000000
0.23214290 -0.72516020 0.64826890 0.00000000
-0.34155780 0.56326090 0.75238010 0.00000000
-0.12611280 1.05567800 -0.46437600 1.00000000

-0.55811850 0.52605400 -0.64169410 0.00000000
-0.77935170 -0.59778460 0.18778950 0.00000000
-0.28480730 0.60491410 0.74361560 0.00000000
-0.07457785 1.06652500 -0.50086700 1.00000000

-0.93106590 -0.35952900 -0.06209412 0.00000000
0.22875640 -0.70783080 0.66831610 0.00000000
-0.28423110 0.60804170 0.74128160 0.00000000
-0.11286930 1.03627400 -0.49087490 1.00000000

-0.56609270 0.41083180 -0.71467230 0.00000000
-0.74757620 -0.62118850 0.23506360 0.00000000
-0.34737450 0.66733970 0.65877830 0.00000000
-0.05833917 1.04065500 -0.52470840 1.00000000

-0.93525560 -0.30606720 -0.17782200 0.00000000
0.08174121 -0.67552380 0.73279370 0.00000000
-0.34440680 0.67081360 0.65680530 0.00000000
-0.09343233 1.01149500 -0.51367390 1.00000000

-0.49833020 0.49459290 -0.71207120 0.00000000
-0.84479190 -0.46165960 0.27055090 0.00000000
-0.19492170 0.73637530 0.64788680 0.00000000
-0.04277045 1.01670000 -0.54515590 1.00000000

-0.98050050 -0.07050730 -0.18343370 0.00000000
-0.08864129 -0.67439470 0.73303110 0.00000000
-0.17539060 0.73499700 0.65499450 0.00000000
-0.07835845 0.99666060 -0.53304620 1.00000000

0.24133930 0.09911066 0.96536670 0.00000000
-0.62772580 -0.74269000 0.23317910 0.00000000
0.74007840 -0.66226070 -0.11702600 0.00000000
-0.03647726 1.07797500 -0.40522840 1.00000000

-0.35738070 -0.44588950 0.82064750 0.00000000
-0.86800490 -0.16576490 -0.46807070 0.00000000
0.34474240 -0.87960520 -0.32779300 0.00000000
-0.07343476 1.03392500 -0.38967000 1.00000000

0.04237369 0.63653410 -0.77008370 0.00000000
-0.91694280 -0.28131380 -0.28298230 0.00000000
-0.39676310 0.71811360 0.57174500 0.00000000
0.16206200 1.08269600 -0.39480780 1.00000000

0.12439910 0.00962194 -0.99218580 0.00000000
0.46504610 -0.88388850 0.04973511 0.00000000
-0.87650310 -0.46759910 -0.11442970 0.00000000
0.11577060 1.35602200 -0.22165460 1.00000000

-0.11679770 0.38487150 -0.91555050 0.00000000
0.52870790 -0.75628070 -0.38536690 0.00000000
-0.84072980 -0.52906860 -0.11515260 0.00000000
0.13393290 1.33258500 -0.24889380 1.00000000

-0.06972751 0.41233010 -0.90836240 0.00000000
0.52854320 -0.75699360 -0.38419160 0.00000000
-0.84603830 -0.50689740 -0.16515110 0.00000000
0.19735810 1.24174600 -0.29499680 1.00000000

0.93262820 0.22193870 -0.28451350 0.00000000
-0.31775640 0.87875850 -0.35610990 0.00000000
0.17098420 0.42252400 0.89007750 0.00000000
-0.07199772 1.47134800 -0.07801282 1.00000000

0.99514520 0.05700153 -0.08023033 0.00000000
-0.08549340 0.90450890 -0.41779690 0.00000000
0.04875398 0.42262770 0.90499110 0.00000000
-0.10186680 1.55395200 -0.11148720 1.00000000

0.99514520 0.05700153 -0.08023033 0.00000000
-0.09396999 0.79262080 -0.60243010 0.00000000
0.02925286 0.60704450 0.79412920 0.00000000
-0.11467520 1.58585500 -0.24769050 1.00000000

0.99514520 0.05700153 -0.08023033 0.00000000
0.09710270 -0.70149060 0.70603310 0.00000000
-0.01603585 -0.71039570 -0.70362000 0.00000000
-0.04963234 1.57708100 -0.22303230 1.00000000

0.99514520 0.05700153 -0.08023033 0.00000000
-0.09657389 0.72263280 -0.68445270 0.00000000
0.01896229 0.68887790 0.72462940 0.00000000
-0.17328450 1.56829500 -0.21125880 1.00000000

0.99514850 0.05706941 -0.08014113 0.00000000
0.09390233 -0.79401650 0.60060020 0.00000000
-0.02935746 -0.60521190 -0.79552320 0.00000000
-0.07355551 1.60532800 -0.21516630 1.00000000

0.99514340 0.05696527 -0.08027771 0.00000000
-0.09397005 0.79261830 -0.60243310 0.00000000
0.02931187 0.60705110 0.79412210 0.00000000
-0.15201400 1.60083400 -0.20884110 1.00000000

0.96250900 0.17075720 -0.21075680 0.00000000
0.26388030 -0.76933910 0.58179440 0.00000000
-0.06279790 -0.61559670 -0.78555530 0.00000000
-0.09567139 1.59019600 -0.25175090 1.00000000

0.97819190 0.16295020 -0.12879480 0.00000000
-0.20766020 0.77994870 -0.59038750 0.00000000
0.00424951 0.60425770 0.79677770 0.00000000
-0.13104310 1.58869100 -0.25033640 1.00000000

0.99231000 0.10139340 0.07099390 0.00000000
0.06205407 -0.90379460 0.42344400 0.00000000
0.10709830 -0.41578230 -0.90313650 0.00000000
-0.03692007 1.61837300 -0.21890640 1.00000000

0.98438160 0.02862177 -0.17370620 0.00000000
-0.11164400 0.86440120 -0.49025110 0.00000000
0.13611980 0.50198730 0.85409620 0.00000000
-0.19024100 1.61065700 -0.20822730 1.00000000

0.97913280 0.15874490 -0.12688150 0.00000000
0.20317810 -0.77754440 0.59509940 0.00000000
-0.00418705 -0.60846070 -0.79357280 0.00000000
-0.07361820 1.60577600 -0.21562600 1.00000000

0.99843510 -0.04547061 -0.03255346 0.00000000
0.01627555 0.79319440 -0.60875120 0.00000000
0.05350143 0.60726880 0.79269310 0.00000000
-0.15201530 1.60084300 -0.20885040 1.00000000

0.99316760 0.07306692 -0.09099126 0.00000000
-0.11247110 0.80725840 -0.57938250 0.00000000
0.03111985 0.58565770 0.80996080 0.00000000
-0.10665260 1.59046900 -0.14490320 1.00000000

0.95501100 0.22603410 -0.19199660 0.00000000
0.29397850 -0.80691660 0.51231090 0.00000000
-0.03912547 -0.54570520 -0.83706330 0.00000000
-0.09276409 1.50304300 -0.22552870 1.00000000

0.99370360 0.06913464 -0.08816847 0.00000000
-0.10723260 0.81491460 -0.56957490 0.00000000
0.03247246 0.57544300 0.81719700 0.00000000
-0.10794090 1.50281300 -0.22734450 1.00000000

0.99610010 -0.08699561 0.01470557 0.00000000
0.08088203 0.83378090 -0.54613880 0.00000000
0.03525043 0.54519830 0.83756560 0.00000000
-0.12523510 1.50261800 -0.22103520 1.00000000

0.99085490 0.09367407 -0.09711683 0.00000000
0.13387300 -0.77246770 0.62078320 0.00000000
-0.01686817 -0.62810730 -0.77794400 0.00000000
-0.08500417 1.51820100 -0.21448400 1.00000000

0.99601160 0.04722460 -0.07570282 0.00000000
-0.08430320 0.77598270 -0.62509520 0.00000000
0.02922416 0.62898400 0.77686880 0.00000000
-0.13543710 1.51583000 -0.20748620 1.00000000

0.98632760 0.12691820 -0.10511750 0.00000000
0.16472960 -0.74112520 0.65084400 0.00000000
0.00469884 -0.65926130 -0.75189940 0.00000000
-0.09454852 1.52683000 -0.22904320 1.00000000

0.99443230 0.06421351 -0.08355156 0.00000000
-0.10338130 0.74807210 -0.65551540 0.00000000
0.02040955 0.66050330 0.75054560 0.00000000
-0.10972160 1.52397400 -0.23180250 1.00000000

0.99771080 0.00932480 -0.06697968 0.00000000
-0.05196685 0.73951530 -0.67113080 0.00000000
