MeshAnim
1
35
83
30
0.74515000 -0.01128477 -0.66680150 0.00000000
-0.09460112 0.98795740 -0.12243660 0.00000000
0.66015320 0.15431380 0.73510890 0.00000000
0.00896705 0.87223190 -0.00310872 1.00000000

0.97567030 0.20197880 0.08527634 0.00000000
0.21917580 -0.88893370 -0.40219300 0.00000000
-0.00542951 0.41109830 -0.91157510 0.00000000
0.10710600 0.83920470 -0.09162579 1.00000000

0.97567030 0.20197880 0.08527634 0.00000000
0.18177490 -0.96269700 0.20043110 0.00000000
0.12257800 -0.18005360 -0.97598960 0.00000000
0.19477630 0.48363130 -0.25250300 1.00000000

0.99140620 0.12991620 0.01534781 0.00000000
0.13001070 -0.99149850 -0.00531897 0.00000000
0.01452622 0.00726859 -0.99986830 0.00000000
0.25981560 0.14021490 -0.18324670 1.00000000

0.99142890 0.12989890 0.01396477 0.00000000
0.12936050 -0.99100490 0.03428731 0.00000000
0.01829296 -0.03218698 -0.99931470 0.00000000
0.27535180 0.03790641 -0.32080210 1.00000000

0.47023520 -0.29244650 -0.83267870 0.00000000
0.19269510 0.95475920 -0.22650270 0.00000000
0.86124770 -0.05394355 0.50531440 0.00000000
-0.09039470 0.84219530 0.08510876 1.00000000

0.47023470 -0.29244660 -0.83267900 0.00000000
-0.10386710 0.91860560 -0.38128130 0.00000000
0.87640800 0.26577960 0.40158470 0.00000000
-0.16747300 0.46029250 0.17571030 1.00000000

0.31440730 -0.09074140 -0.94494130 0.00000000
0.01310789 0.99574090 -0.09125829 0.00000000
0.94919760 0.01630609 0.31425770 0.00000000
-0.13240290 0.13239630 0.31067580 1.00000000

0.31440730 -0.09074140 -0.94494130 0.00000000
0.04622640 0.99570350 -0.08023524 0.00000000
0.94816200 -0.01845469 0.31725120 0.00000000
-0.26382680 0.02641559 0.27712430 1.00000000

0.71430740 -0.02373815 -0.69942950 0.00000000
0.02733551 0.99960820 -0.00600906 0.00000000
0.69929810 -0.01482693 0.71467650 0.00000000
-0.00393690 1.00699500 -0.01980958 1.00000000

0.72328300 -0.06754135 -0.68724080 0.00000000
0.01996831 0.99683480 -0.07695243 0.00000000
0.69026310 0.04193535 0.72234240 0.00000000
0.00077927 1.17945600 -0.02084633 1.00000000

0.69231740 -0.21414850 -0.68908440 0.00000000
-0.23627560 0.83503030 -0.49688870 0.00000000
0.68181420 0.50681840 0.52750780 0.00000000
0.00452558 1.36647400 -0.03528350 1.00000000

0.06163079 0.94364630 -0.32516650 0.00000000
0.53705760 -0.30595590 -0.78610460 0.00000000
-0.84129120 -0.12618490 -0.52564870 0.00000000
0.04396512 1.44711200 -0.11257050 1.00000000

0.89566730 0.39975520 0.19487450 0.00000000
0.30254640 -0.22654410 -0.92582050 0.00000000
-0.32595390 0.88818560 -0.32385270 0.00000000
0.16421190 1.37860800 -0.28857890 1.00000000

0.89566730 0.39975520 0.19487450 0.00000000
-0.33976960 0.89782350 -0.28012470 0.00000000
-0.28694410 0.18468600 0.93997570 0.00000000
0.24939090 1.31482800 -0.54923300 1.00000000

0.80614150 0.53648040 0.24964970 0.00000000
-0.48301670 0.84031950 -0.24608560 0.00000000
-0.34180550 0.07779486 0.93654530 0.00000000
0.16735540 1.53208200 -0.61696170 1.00000000

-0.71001940 -0.67425010 -0.20312470 0.00000000
-0.34180560 0.07779483 0.93654540 0.00000000
-0.61566360 0.73439440 -0.28569820 0.00000000
0.10111170 1.58559200 -0.64318420 1.00000000

-0.47980850 0.87431080 -0.07324287 0.00000000
-0.81082460 -0.47375910 -0.34368040 0.00000000
-0.33518290 -0.10551360 0.93622610 0.00000000
0.07181291 1.66335200 -0.60168920 1.00000000

-0.49398200 -0.82114920 -0.28582520 0.00000000
0.80174690 -0.55738720 0.21568880 0.00000000
-0.33642800 -0.12261300 0.93369280 0.00000000
0.03302012 1.64068600 -0.61813210 1.00000000

-0.51908450 0.81518240 -0.25696140 0.00000000
-0.78401560 -0.57384620 -0.23668560 0.00000000
-0.34039820 0.07860196 0.93699030 0.00000000
0.08551224 1.66274900 -0.63780340 1.00000000

-0.40310970 -0.91282520 -0.06521551 0.00000000
0.85012600 -0.39989720 0.34259050 0.00000000
-0.33880460 0.08266014 0.93721870 0.00000000
0.04694907 1.63339600 -0.64931090 1.00000000

-0.66119820 0.59904510 -0.45162150 0.00000000
-0.61958450 -0.77546910 -0.12150190 0.00000000
-0.42300370 0.19948090 0.88389780 0.00000000
0.09524469 1.65681300 -0.67483560 1.00000000

-0.39148900 -0.91974070 0.02851741 0.00000000
0.81765160 -0.33348390 0.46929140 0.00000000
-0.42211630 0.20703980 0.88258280 0.00000000
0.06615983 1.62041000 -0.68053910 1.00000000

-0.78202880 0.40775190 -0.47134840 0.00000000
-0.49055350 -0.86920530 0.06196448 0.00000000
-0.38443240 0.27967960 0.87976770 0.00000000
0.10416800 1.64993700 -0.70811370 1.00000000

-0.04812325 -0.95022490 0.30782670 0.00000000
0.93497980 0.06557409 0.34858740 0.00000000
-0.35142180 0.30458690 0.88528510 0.00000000
0.08388968 1.61259700 -0.70507470 1.00000000

0.02468640 0.49862350 0.86646730 0.00000000
-0.89774900 0.39237540 -0.20022150 0.00000000
-0.43981550 -0.77292720 0.45732490 0.00000000
0.09116022 1.58393900 -0.57082210 1.00000000

-0.82509390 0.56349860 -0.04110390 0.00000000
-0.08654064 -0.19793740 -0.97638700 0.00000000
-0.55832870 -0.80205390 0.21208240 0.00000000
0.03774903 1.60816600 -0.58124080 1.00000000

0.88037590 0.40840190 0.24113540 0.00000000
-0.33976960 0.89782350 -0.28012470 0.00000000
-0.33090040 0.16468450 0.92918470 0.00000000
0.20480430 1.43312600 -0.58608700 1.00000000

0.57162810 0.68196900 -0.45624560 0.00000000
-0.00373840 -0.55387870 -0.83258910 0.00000000
-0.82050450 0.47763670 -0.31406310 0.00000000
0.11529140 1.44371400 -0.18830990 1.00000000

0.49242450 0.86881970 -0.05167817 0.00000000
0.30254640 -0.22654410 -0.92582050 0.00000000
-0.81607840 0.44026150 -0.37441410 0.00000000
0.16421190 1.37860800 -0.28857890 1.00000000

0.52769490 0.84865340 -0.03641170 0.00000000
0.30130150 -0.22708440 -0.92609420 0.00000000
-0.79420140 0.47772410 -0.37553170 0.00000000
0.20036810 1.35135800 -0.39971020 1.00000000

0.94060960 -0.07153332 -0.33186830 0.00000000
-0.13607380 0.81614940 -0.56159070 0.00000000
0.31102650 0.57339610 0.75794420 0.00000000
-0.03091596 1.49172900 -0.10981710 1.00000000

0.99277640 0.09234636 -0.07659712 0.00000000
-0.10245080 0.98474480 -0.14064720 0.00000000
0.06244028 0.14747860 0.98709250 0.00000000
-0.04370690 1.56844700 -0.16260660 1.00000000

0.99277640 0.09234636 -0.07659712 0.00000000
-0.11347120 0.93008350 -0.34938370 0.00000000
0.03897741 0.35555140 0.93384360 0.00000000
-0.05949915 1.63769700 -0.28380160 1.00000000

0.99277640 0.09234636 -0.07659712 0.00000000
0.11775720 -0.87227120 0.47463320 0.00000000
-0.02298278 -0.48022450 -0.87684490 0.00000000
0.00609788 1.62322200 -0.26372510 1.00000000

0.99277640 0.09234636 -0.07659712 0.00000000
-0.11700900 0.88638140 -0.44792520 0.00000000
0.02652997 0.45365200 0.89078400 0.00000000
-0.11720790 1.60960000 -0.25296490 1.00000000

0.99278090 0.09238642 -0.07649112 0.00000000
0.11338120 -0.93089970 0.34723280 0.00000000
-0.03912619 -0.35339870 -0.93465440 0.00000000
-0.01793855 1.64769000 -0.24773630 1.00000000

0.99277410 0.09232484 -0.07665345 0.00000000
-0.11347140 0.93008210 -0.34938740 0.00000000
0.03903693 0.35556070 0.93383790 0.00000000
-0.09621033 1.64040900 -0.24169740 1.00000000

0.95647970 0.23812020 -0.16865760 0.00000000
0.28270960 -0.89935260 0.33352770 0.00000000
-0.07226297 -0.36669350 -0.92753120 0.00000000
-0.04062184 1.64330000 -0.28675810 1.00000000

0.97384570 0.20748330 -0.09260190 0.00000000
-0.22677470 0.91280940 -0.33963560 0.00000000
0.01405925 0.35175230 0.93598750 0.00000000
-0.07594264 1.64092700 -0.28526390 1.00000000

0.99248520 0.09169082 0.08103210 0.00000000
0.07912116 -0.98602090 0.14663920 0.00000000
0.09334460 -0.13912590 -0.98586560 0.00000000
0.01848811 1.66180300 -0.24818360 1.00000000

0.98045250 0.09166438 -0.17409910 0.00000000
-0.12963100 0.96659560 -0.22110790 0.00000000
0.14801560 0.23935450 0.95958380 0.00000000
-0.13451130 1.64907800 -0.23768950 1.00000000

0.97486500 0.20292140 -0.09198487 0.00000000
0.22236300 -0.91191670 0.34490930 0.00000000
-0.01389298 -0.35669390 -0.93411790 0.00000000
-0.01801464 1.64824900 -0.24804780 1.00000000

0.99799570 -0.01940934 -0.06023014 0.00000000
-0.00338209 0.93407950 -0.35704920 0.00000000
0.06318989 0.35653730 0.93214180 0.00000000
-0.09621188 1.64042100 -0.24170370 1.00000000

0.99043220 0.11078320 -0.08228847 0.00000000
-0.13165660 0.93725830 -0.32282120 0.00000000
0.04136243 0.33056620 0.94287600 0.00000000
-0.04950232 1.61290700 -0.18412030 1.00000000

0.94881670 0.28562700 -0.13477410 0.00000000
0.31179840 -0.91508640 0.25573180 0.00000000
-0.05028608 -0.28466490 -0.95730730 0.00000000
-0.03635528 1.55234100 -0.28656830 1.00000000

0.99106150 0.10621730 -0.08071536 0.00000000
-0.12630080 0.94187440 -0.31132120 0.00000000
0.04295611 0.31873280 0.94687080 0.00000000
-0.05156194 1.55241200 -0.28813010 1.00000000

0.99699280 -0.07272372 -0.02676737 0.00000000
0.06204667 0.95606910 -0.28650040 0.00000000
0.04642692 0.28397800 0.95770620 0.00000000
-0.06872601 1.55016700 -0.28186200 1.00000000

0.98779990 0.13224460 -0.08223560 0.00000000
0.15353020 -0.91541360 0.37208400 0.00000000
-0.02607355 -0.38017010 -0.92454900 0.00000000
-0.02852691 1.56383100 -0.27178090 1.00000000

0.99382630 0.08169799 -0.07506478 0.00000000
-0.10409120 0.92075100 -0.37600880 0.00000000
0.03839689 0.38150110 0.92357060 0.00000000
-0.07878716 1.55881000 -0.26494180 1.00000000

0.98279440 0.16631820 -0.08033505 0.00000000
0.18466680 -0.89349660 0.40934370 0.00000000
-0.00369769 -0.41713580 -0.90883670 0.00000000
-0.03843881 1.57611200 -0.28311390 1.00000000

0.99192870 0.10019480 -0.07770839 0.00000000
-0.12349240 0.90240100 -0.41282230 0.00000000
0.02876145 0.41908660 0.90749060 0.00000000
-0.05363484 1.57393600 -0.28632980 1.00000000

0.99606390 0.04291451 -0.07755733 0.00000000
-0.07231450 0.89942290 -0.43105550 0.00000000
0.05125830 0.43496720 0.89898610 0.00000000
-0.07126167 1.57382800 -0.27909020 1.00000000

0.99273440 0.09274971 -0.07665464 0.00000000
0.11798400 -0.87541100 0.46875940 0.00000000
-0.02362698 -0.47439760 -0.87999370 0.00000000
-0.03959836 1.60628500 -0.27933020 1.00000000

0.99273440 0.09274971 -0.07665464 0.00000000
-0.11798400 0.87541100 -0.46875940 0.00000000
0.02362695 0.47439750 0.87999370 0.00000000
-0.05750963 1.60251300 -0.30043580 1.00000000

0.99273440 0.09274971 -0.07665464 0.00000000
-0.11798400 0.87541100 -0.46875940 0.00000000
0.02362695 0.47439750 0.87999370 0.00000000
-0.07238621 1.60259600 -0.27670530 1.00000000

0.99277640 0.09234636 -0.07659712 0.00000000
0.11204380 -0.48526900 0.86715640 0.00000000
0.04290852 -0.86947470 -0.49211060 0.00000000
-0.04430990 1.64752400 -0.07508601 1.00000000

0.99277640 0.09234636 -0.07659712 0.00000000
-0.10489020 0.97798100 -0.18041890 0.00000000
0.05824953 0.18714990 0.98060300 0.00000000
-0.06001629 1.71397000 -0.19854710 1.00000000

0.30302280 -0.95054110 0.06818442 0.00000000
0.93403110 0.28203710 -0.21918310 0.00000000
0.18911190 0.13010380 0.97329840 0.00000000
-0.04367289 1.47421900 -0.02534069 1.00000000

0.74371520 -0.55232190 -0.37660110 0.00000000
0.63404770 0.40429110 0.65919070 0.00000000
-0.21182910 -0.72903310 0.65087580 0.00000000
-0.25280240 1.41107100 0.02373429 1.00000000

0.74371520 -0.55232190 -0.37660110 0.00000000
-0.37080370 -0.80958150 0.45506290 0.00000000
-0.55623050 -0.19879210 -0.80690100 0.00000000
-0.43131010 1.29725100 -0.16184820 1.00000000

0.68976440 -0.54149790 -0.48063000 0.00000000
-0.36704320 -0.83371680 0.41254740 0.00000000
-0.62410300 -0.10814840 -0.77382120 0.00000000
-0.34173840 1.49318800 -0.27186590 1.00000000

-0.61554890 0.67804480 0.40169020 0.00000000
-0.62410310 -0.10814860 -0.77382120 0.00000000
-0.48124310 -0.72702080 0.48974040 0.00000000
-0.28817760 1.54605100 -0.31954430 1.00000000

-0.40518290 -0.87352210 0.26978910 0.00000000
-0.68642570 0.48558580 0.54131910 0.00000000
-0.60385980 0.03414303 -0.79635880 0.00000000
-0.24809670 1.62516400 -0.29194750 1.00000000

-0.56594960 0.71351210 0.41303980 0.00000000
0.57888820 0.70063640 -0.41712960 0.00000000
-0.58701770 0.00302965 -0.80956850 0.00000000
-0.21525590 1.60193200 -0.31784600 1.00000000

-0.29989480 -0.90037490 0.31525890 0.00000000
-0.75284870 0.42633700 0.50145360 0.00000000
-0.58590280 -0.08695894 -0.80570210 0.00000000
-0.27268570 1.62338700 -0.32168780 1.00000000

-0.48311610 0.85521490 0.18763320 0.00000000
0.67390200 0.50002320 -0.54390530 0.00000000
-0.55897680 -0.13632300 -0.81790030 0.00000000
-0.23545680 1.60129900 -0.34633060 1.00000000

-0.35728290 -0.70030030 0.61800350 0.00000000
-0.61988410 0.67273320 0.40394810 0.00000000
-0.69863640 -0.23876670 -0.67446090 0.00000000
-0.29374450 1.61626400 -0.35342320 1.00000000

-0.47053960 0.87807570 0.08703780 0.00000000
0.56665030 0.37631200 -0.73300550 0.00000000
-0.67638760 -0.29558800 -0.67463130 0.00000000
-0.26464500 1.58468500 -0.37238570 1.00000000

-0.41589170 -0.45264700 0.78876160 0.00000000
-0.50161100 0.83763930 0.21621120 0.00000000
-0.75856490 -0.30573090 -0.57541990 0.00000000
-0.31281630 1.60832200 -0.38183950 1.00000000

-0.25177190 0.92315240 -0.29051830 0.00000000
0.64554720 -0.06345337 -0.76107980 0.00000000
-0.72102690 -0.37916170 -0.57996250 0.00000000
-0.29176460 1.57229100 -0.39040310 1.00000000

-0.22536050 -0.51210710 -0.82882970 0.00000000
-0.86114300 -0.29318950 0.41529870 0.00000000
-0.45568180 0.80733290 -0.37492410 0.00000000
-0.25543660 1.54669500 -0.25423260 1.00000000

-0.67776680 -0.54954920 0.48849530 0.00000000
0.30969990 0.38919470 0.86753300 0.00000000
-0.66687210 0.73927210 -0.09358791 0.00000000
-0.20377120 1.56504000 -0.27752300 1.00000000

0.70913970 -0.56321630 -0.42415620 0.00000000
-0.37080370 -0.80958150 0.45506290 0.00000000
-0.59968790 -0.16542450 -0.78294910 0.00000000
-0.38260500 1.40395900 -0.22171170 1.00000000

0.75632490 -0.58219500 0.29836530 0.00000000
0.29290590 0.70917280 0.64131120 0.00000000
-0.58496080 -0.39764640 0.70689340 0.00000000
-0.20789680 1.44801500 0.01797528 1.00000000

0.53406950 -0.84542690 0.00481367 0.00000000
0.63404770 0.40429110 0.65919070 0.00000000
-0.55924380 -0.34900150 0.75196050 0.00000000
-0.25280240 1.41107100 0.02373429 1.00000000

0.56231060 -0.82629780 -0.03223044 0.00000000
0.63301440 0.40504470 0.65972100 0.00000000
-0.53207120 -0.39137040 0.75081930 0.00000000
-0.32876410 1.36246600 -0.05543220 1.00000000

0.74547310 0.02311155 -0.66613490 0.00000000
0.01262010 0.99873010 0.04877411 0.00000000
0.66641630 -0.04476644 0.74423470 0.00000000
-0.06071160 0.97644780 -0.19087440 1.00000000

0.74514820 -0.01136512 -0.66680210 0.00000000
0.02234044 0.99971900 0.00792589 0.00000000
0.66652460 -0.02080263 0.74519270 0.00000000
-0.17315760 0.98531780 -0.10261820 1.00000000

0.71460410 -0.01064571 -0.69944810 0.00000000
-0.01944447 -0.99980030 -0.00464867 0.00000000
-0.69925900 0.01692234 -0.71466830 0.00000000
-0.10812270 1.00133000 0.09114449 1.00000000

1.00000000 0.00000000 0.00000000 0.00000000
0.00000000 1.00000000 0.00000000 0.00000000
0.00000000 0.00000000 1.00000000 0.00000000
0.00000000 0.00000000 0.00000000 1.00000000

1.00000000 0.00000000 0.00000000 0.00000000
0.00000000 1.00000000 0.00000000 0.00000000
0.00000000 0.00000000 1.00000000 0.00000000
0.00000000 0.00000000 0.00000000 1.00000000

0.99277640 0.09234636 -0.07659712 0.00000000
-0.10489030 0.97798110 -0.18041910 0.00000000
0.05824959 0.18715010 0.98060300 0.00000000
-0.04270716 1.55550300 -0.16525250 1.00000000

0.74577490 -0.01294017 -0.66607240 0.00000000
-0.09351321 0.98787920 -0.12389510 0.00000000
0.65960230 0.15468450 0.73552540 0.00000000
0.01723962 0.87229080 -0.00385022 1.00000000

0.97532320 0.20203630 0.08902916 0.00000000
0.22077250 -0.88867220 -0.40189730 0.00000000
-0.00208023 0.41163480 -0.91134660 0.00000000
0.11543060 0.83904470 -0.09222759 1.00000000

0.97532320 0.20203630 0.08902916 0.00000000
0.18097790 -0.96257030 0.20175670 0.00000000
0.12645880 -0.18066570 -0.97538110 0.00000000
0.20373950 0.48357580 -0.25298650 1.00000000

0.99140260 0.12994750 0.01531315 0.00000000
0.13004260 -0.99149390 -0.00538676 0.00000000
0.01448277 0.00733179 -0.99986840 0.00000000
0.26850350 0.14020320 -0.18325660 1.00000000

0.99142530 0.12993030 0.01393008 0.00000000
0.12939410 -0.99100280 0.03421962 0.00000000
0.01825076 -0.03212371 -0.99931740 0.00000000
0.28403710 0.03790379 -0.32081910 1.00000000

0.47386250 -0.29407960 -0.83004310 0.00000000
0.19683390 0.95411270 -0.22566640 0.00000000
0.85831860 -0.05644574 0.51000310 0.00000000
-0.08223580 0.84247400 0.08431374 1.00000000

0.47386210 -0.29407960 -0.83004340 0.00000000
-0.10308650 0.91758330 -0.38394540 0.00000000
0.87454450 0.26750340 0.40449220 0.00000000
-0.16096960 0.46082980 0.17458080 1.00000000

0.31549310 -0.08846686 -0.94479510 0.00000000
0.01018563 0.99590310 -0.08985113 0.00000000
0.94887330 0.01872409 0.31510160 0.00000000
-0.12617350 0.13329400 0.31048910 1.00000000

0.31549310 -0.08846686 -0.94479510 0.00000000
0.04329460 0.99594980 -0.07879955 0.00000000
0.94793980 -0.01604383 0.31804540 0.00000000
-0.25724850 0.02696514 0.27667530 1.00000000

0.71468660 -0.02479278 -0.69900530 0.00000000
0.02785470 0.99958770 -0.00697446 0.00000000
0.69889000 -0.01448602 0.71508250 0.00000000
0.00448407 1.00704300 -0.02075003 1.00000000

0.72300190 -0.06821518 -0.68747000 0.00000000
0.02027520 0.99677970 -0.07758377 0.00000000
0.69054850 0.04215463 0.72205660 0.00000000
0.00928981 1.17950100 -0.02195333 1.00000000

0.69127070 -0.21475160 -0.68994670 0.00000000
-0.23659660 0.83491740 -0.49692560 0.00000000
0.68276410 0.50674920 0.52634450 0.00000000
0.01309370 1.36650900 -0.03650894 1.00000000

0.06130603 0.94368990 -0.32510170 0.00000000
0.53570990 -0.30593470 -0.78703170 0.00000000
-0.84217380 -0.12591040 -0.52429970 0.00000000
0.05246169 1.44709500 -0.11388550 1.00000000

0.89654590 0.39901200 0.19234200 0.00000000
0.29932480 -0.22566140 -0.92708240 0.00000000
-0.32651280 0.88874420 -0.32174990 0.00000000
0.17240670 1.37859700 -0.29010150 1.00000000

0.89654580 0.39901200 0.19234190 0.00000000
-0.34083490 0.89876460 -0.27577870 0.00000000
-0.28290910 0.18169140 0.94178060 0.00000000
0.25667870 1.31506400 -0.55111080 1.00000000

0.80676630 0.53599120 0.24868020 0.00000000
-0.48456000 0.84100500 -0.24064950 0.00000000
-0.33812720 0.07364742 0.93821420 0.00000000
0.17438570 1.53254700 -0.61778880 1.00000000

-0.71036670 -0.67388750 -0.20311390 0.00000000
-0.33812730 0.07364742 0.93821430 0.00000000
-0.61729200 0.73515430 -0.28017630 0.00000000
0.10800210 1.58611900 -0.64352380 1.00000000

-0.48068680 0.87427650 -0.06768036 0.00000000
-0.81186590 -0.47288120 -0.34242870 0.00000000
-0.33138220 -0.10965340 0.93710300 0.00000000
0.07881613 1.66368500 -0.60158800 1.00000000

-0.49456130 -0.82029040 -0.28728620 0.00000000
0.80297570 -0.55772750 0.21016750 0.00000000
-0.33262570 -0.12674300 0.93450320 0.00000000
0.03997346 1.64106100 -0.61797110 1.00000000

-0.52065380 0.81588850 -0.25148670 0.00000000
-0.78456400 -0.57339570 -0.23596050 0.00000000
-0.33671860 0.07445361 0.93865700 0.00000000
0.09237187 1.66324200 -0.63775860 1.00000000

-0.40274940 -0.91282350 -0.06742457 0.00000000
0.85175300 -0.40073540 0.33753260 0.00000000
-0.33512700 0.07851192 0.93889610 0.00000000
0.05378317 1.63391100 -0.64923520 1.00000000

-0.66339520 0.60046750 -0.44648130 0.00000000
-0.61953930 -0.77538390 -0.12227500 0.00000000
-0.41961640 0.19549600 0.88639900 0.00000000
0.10196090 1.65746800 -0.67485370 1.00000000

-0.39075110 -0.92012240 0.02623174 0.00000000
0.81973840 -0.33487400 0.46463810 0.00000000
-0.41873960 0.20306090 0.88511220 0.00000000
0.07287826 1.62106900 -0.68059350 1.00000000

-0.78417420 0.40917470 -0.46652630 0.00000000
-0.48971570 -0.86979590 0.06028336 0.00000000
-0.38111620 0.27573790 0.88245060 0.00000000
0.11075630 1.65073700 -0.70819540 1.00000000

-0.04625567 -0.95153480 0.30404320 0.00000000
0.93631560 0.06476545 0.34513660 0.00000000
-0.34810060 0.30064470 0.88794070 0.00000000
0.09051548 1.61337000 -0.70523190 1.00000000

0.02779850 0.49501840 0.86843760 0.00000000
-0.89880360 0.39258620 -0.19500800 0.00000000
-0.43746940 -0.77513400 0.45583750 0.00000000
0.09833972 1.58415700 -0.57113020 1.00000000

-0.82563150 0.56309390 -0.03546721 0.00000000
-0.09029281 -0.19391910 -0.97685350 0.00000000
-0.55693820 -0.80331840 0.21094890 0.00000000
0.04487117 1.60839100 -0.58123510 1.00000000

0.88130940 0.40758260 0.23910430 0.00000000
-0.34083490 0.89876460 -0.27577870 0.00000000
-0.32730100 0.16155130 0.93100770 0.00000000
0.21195200 1.43348600 -0.58739310 1.00000000

0.57050200 0.68215790 -0.45737110 0.00000000
-0.00683871 -0.55292430 -0.83320360 0.00000000
-0.82126800 0.47847190 -0.31077940 0.00000000
0.12365350 1.44378200 -0.18972130 1.00000000

0.49275730 0.86859210 -0.05232888 0.00000000
0.29932480 -0.22566140 -0.92708240 0.00000000
-0.81706510 0.44116310 -0.37118740 0.00000000
0.17240670 1.37859700 -0.29010150 1.00000000

0.52806660 0.84838800 -0.03720319 0.00000000
0.29807860 -0.22620060 -0.92735260 0.00000000
-0.79516990 0.47861430 -0.37233530 0.00000000
0.20817620 1.35145300 -0.40138380 1.00000000

0.93985770 -0.07238793 -0.33380750 0.00000000
-0.13666600 0.81595070 -0.56173560 0.00000000
0.31303330 0.57357170 0.75698450 0.00000000
-0.02239599 1.49174700 -0.11104810 1.00000000

0.99279420 0.09183861 -0.07697454 0.00000000
-0.10203520 0.98471590 -0.14115070 0.00000000
0.06283501 0.14798770 0.98699100 0.00000000
-0.03524260 1.56844600 -0.16385120 1.00000000

0.99279420 0.09183861 -0.07697454 0.00000000
-0.11315010 0.92994600 -0.34985370 0.00000000
0.03945214 0.35604240 0.93363670 0.00000000
-0.05104234 1.63763800 -0.28507880 1.00000000

0.99279420 0.09183861 -0.07697454 0.00000000
0.11750450 -0.87206730 0.47507020 0.00000000
-0.02349713 -0.48069190 -0.87657480 0.00000000
0.01455452 1.62314200 -0.26501600 1.00000000

0.99279420 0.09183861 -0.07697454 0.00000000
-0.11674090 0.88619180 -0.44837000 0.00000000
0.02703652 0.45412530 0.89052740 0.00000000
-0.10875410 1.60958400 -0.25420770 1.00000000

0.99279880 0.09187876 -0.07686868 0.00000000
0.11305900 -0.93076340 0.34770320 0.00000000
-0.03959993 -0.35389010 -0.93444850 0.00000000
-0.00946515 1.64763000 -0.24903260 1.00000000

0.99279200 0.09181714 -0.07703093 0.00000000
-0.11315030 0.92994460 -0.34985740 0.00000000
0.03951162 0.35605160 0.93363060 0.00000000
-0.08773834 1.64039000 -0.24296390 1.00000000

0.95653560 0.23757920 -0.16910270 0.00000000
0.28239770 -0.89930300 0.33392510 0.00000000
-0.07274085 -0.36716540 -0.92730700 0.00000000
-0.03216338 1.64322900 -0.28804460 1.00000000

0.97391240 0.20697580 -0.09303594 0.00000000
-0.22645840 0.91273030 -0.34005880 0.00000000
0.01453289 0.35225620 0.93579070 0.00000000
-0.06748478 1.64087300 -0.28653750 1.00000000

0.99255450 0.09126922 0.08065504 0.00000000
0.07870694 -0.98597780 0.14715100 0.00000000
0.09295434 -0.13970730 -0.98582030 0.00000000
0.02696801 1.66172600 -0.24949970 1.00000000

0.98043790 0.09110926 -0.17447210 0.00000000
-0.12925040 0.96653560 -0.22159250 0.00000000
0.14844440 0.23980830 0.95940400 0.00000000
-0.12603390 1.64907800 -0.23894820 1.00000000

0.97492960 0.20241370 -0.09241670 0.00000000
0.22204880 -0.91183280 0.34533340 0.00000000
-0.01436839 -0.35719680 -0.93391850 0.00000000
-0.00954110 1.64818900 -0.24934450 1.00000000

0.99796660 -0.01991052 -0.06054839 0.00000000
-0.00306156 0.93388610 -0.35755760 0.00000000
0.06366441 0.35701600 0.93192610 0.00000000
-0.08773988 1.64040100 -0.24297030 1.00000000

0.99045680 0.11027350 -0.08267522 0.00000000
-0.13132340 0.93714360 -0.32328910 0.00000000
0.04182836 0.33106100 0.94268170 0.00000000
-0.04102426 1.61289600 -0.18538730 1.00000000

0.94890610 0.28510820 -0.13524260 0.00000000
0.31145330 -0.91509290 0.25612830 0.00000000
-0.05073529 -0.28516340 -0.95713520 0.00000000
-0.02793940 1.55226900 -0.28780660 1.00000000

0.99108450 0.10570820 -0.08109969 0.00000000
-0.12596150 0.94176350 -0.31179330 0.00000000
0.04341775 0.31922900 0.94668250 0.00000000
-0.04314655 1.55234600 -0.28936330 1.00000000

0.99694970 -0.07320621 -0.02705625 0.00000000
0.06240064 0.95588330 -0.28704240 0.00000000
0.04687589 0.28447850 0.95753560 0.00000000
-0.06030964 1.55011300 -0.28308840 1.00000000

0.98783460 0.13173620 -0.08263317 0.00000000
0.15322340 -0.91528250 0.37253280 0.00000000
-0.02655679 -0.38066210 -0.92433270 0.00000000
-0.02010083 1.56376200 -0.27302800 1.00000000

0.99383980 0.08119061 -0.07543686 0.00000000
-0.10378320 0.92059450 -0.37647670 0.00000000
0.03888041 0.38198670 0.92334970 0.00000000
-0.07036117 1.55876900 -0.26616970 1.00000000

0.98284570 0.16581320 -0.08074957 0.00000000
0.18438260 -0.89335990 0.40977030 0.00000000
-0.00419307 -0.41762970 -0.90860780 0.00000000
-0.03001067 1.57604300 -0.28436450 1.00000000

0.99194980 0.09968681 -0.07808989 0.00000000
-0.12320510 0.90223340 -0.41327380 0.00000000
0.02925724 0.41956790 0.90725220 0.00000000
-0.04520875 1.57387200 -0.28757410 1.00000000

0.99605820 0.04240477 -0.07790893 0.00000000
-0.07203467 0.89922150 -0.43152230 0.00000000
0.05175880 0.43543350 0.89873160 0.00000000
-0.06283325 1.57377600 -0.28032860 1.00000000

0.99275260 0.09224200 -0.07703245 0.00000000
0.11772790 -0.87521050 0.46919800 0.00000000
-0.02413970 -0.47486640 -0.87972690 0.00000000
-0.03115478 1.60621800 -0.28059680 1.00000000

0.99275260 0.09224200 -0.07703245 0.00000000
-0.11772790 0.87521050 -0.46919800 0.00000000
0.02413973 0.47486620 0.87972680 0.00000000
-0.04907478 1.60244300 -0.30169440 1.00000000

0.99275260 0.09224200 -0.07703245 0.00000000
-0.11772790 0.87521050 -0.46919800 0.00000000
0.02413973 0.47486620 0.87972680 0.00000000
-0.06394352 1.60254600 -0.27795910 1.00000000

0.99279420 0.09183861 -0.07697454 0.00000000
0.11210220 -0.48484860 0.86738410 0.00000000
0.04233827 -0.86976310 -0.49165020 0.00000000
-0.03577963 1.64757100 -0.07637358 1.00000000

0.99279420 0.09183861 -0.07697454 0.00000000
-0.10449090 0.97793170 -0.18091790 0.00000000
0.05866051 0.18765740 0.98048130 0.00000000
-0.05149556 1.71395600 -0.19986570 1.00000000

0.30207630 -0.95070120 0.07012121 0.00000000
0.93409550 0.28050990 -0.22086160 0.00000000
0.19030370 0.13221690 0.97278130 0.00000000
-0.03504385 1.47427900 -0.02654651 1.00000000

0.74319010 -0.55447910 -0.37446160 0.00000000
0.63373080 0.40384800 0.65976640 0.00000000
-0.21460120 -0.72763990 0.65152630 0.00000000
-0.24418780 1.41147300 0.02290428 1.00000000

0.74319010 -0.55447900 -0.37446170 0.00000000
-0.37452470 -0.80852380 0.45389530 0.00000000
-0.55443660 -0.19708540 -0.80855280 0.00000000
-0.42260610 1.29777700 -0.16284020 1.00000000

0.68920070 -0.54396740 -0.47864600 0.00000000
-0.37164490 -0.83246850 0.41094610 0.00000000
-0.62199880 -0.10533800 -0.77590020 0.00000000
-0.33213440 1.49345900 -0.27257600 1.00000000

-0.61419460 0.68025990 0.40001430 0.00000000
-0.62199910 -0.10533810 -0.77590030 0.00000000
-0.48567720 -0.72536240 0.48781900 0.00000000
-0.27821210 1.54613400 -0.32005410 1.00000000

-0.40947510 -0.87205630 0.26804520 0.00000000
-0.68627850 0.48801390 0.53931840 0.00000000
-0.60112580 0.03688377 -0.79830310 0.00000000
-0.23791200 1.62507700 -0.29228870 1.00000000

-0.56449400 0.71552730 0.41154240 0.00000000
0.58298120 0.69856150 -0.41490360 0.00000000
-0.58436260 0.00571092 -0.81147270 0.00000000
-0.20507830 1.60172800 -0.31809150 1.00000000

-0.30444160 -0.89934270 0.31384430 0.00000000
-0.75280260 0.42904450 0.49920820 0.00000000
-0.58361240 -0.08428313 -0.80764660 0.00000000
-0.26241080 1.62341100 -0.32210980 1.00000000

-0.48037310 0.85701130 0.18647540 0.00000000
0.67762130 0.49763780 -0.54146670 0.00000000
-0.55684030 -0.13374640 -0.81978100 0.00000000
-0.22518860 1.60118800 -0.34664180 1.00000000

-0.36203160 -0.69918820 0.61649780 0.00000000
-0.61855780 0.67496420 0.40225550 0.00000000
-0.69736610 -0.23571040 -0.67684660 0.00000000
-0.28339390 1.61638500 -0.35391690 1.00000000

-0.46737980 0.87987020 0.08593254 0.00000000
0.57050230 0.37443690 -0.73097510 0.00000000
-0.67533930 -0.29261830 -0.67697210 0.00000000
-0.25435670 1.58470000 -0.37280000 1.00000000

-0.42022590 -0.45138800 0.78718410 0.00000000
-0.49902970 0.83949460 0.21498450 0.00000000
-0.75787830 -0.30248620 -0.57803350 0.00000000
-0.30240400 1.60853000 -0.38239910 1.00000000

-0.24720940 0.92426840 -0.29088780 0.00000000
0.64776840 -0.06562077 -0.75900600 0.00000000
-0.72061340 -0.37606130 -0.58248960 0.00000000
-0.28146560 1.57242200 -0.39091140 1.00000000

-0.22466350 -0.51082880 -0.82980720 0.00000000
-0.86363140 -0.29001180 0.41235200 0.00000000
-0.45129500 0.80928800 -0.37601290 0.00000000
-0.24568160 1.54661900 -0.25463590 1.00000000

-0.68149950 -0.54712210 0.48602060 0.00000000
0.30839490 0.38756880 0.86872500 0.00000000
-0.66366490 0.74192190 -0.09539852 0.00000000
-0.19386930 1.56477300 -0.27774900 1.00000000

0.70872280 -0.56526750 -0.42211930 0.00000000
-0.37452470 -0.80852380 0.45389530 0.00000000
-0.59786580 -0.16359190 -0.78472570 0.00000000
-0.37341110 1.40434600 -0.22255050 1.00000000

0.75473990 -0.58327560 0.30026230 0.00000000
0.29319280 0.70935130 0.64098270 0.00000000
-0.58686100 -0.39574060 0.70638760 0.00000000
-0.19926970 1.44845700 0.01699685 1.00000000

0.53246840 -0.84642370 0.00664604 0.00000000
0.63373080 0.40384800 0.65976640 0.00000000
-0.56112610 -0.34709310 0.75144120 0.00000000
-0.24418780 1.41147300 0.02290428 1.00000000

0.56081460 -0.82738350 -0.03038540 0.00000000
0.63269840 0.40460460 0.66029380 0.00000000
-0.53402220 -0.38952730 0.75039240 0.00000000
-0.32011160 1.36292000 -0.05633093 1.00000000

0.74613170 0.02120174 -0.66546060 0.00000000
0.01362641 0.99879720 0.04710019 0.00000000
0.66565880 -0.04421076 0.74494540 0.00000000
-0.05215727 0.97631470 -0.19182660 1.00000000

0.74576780 -0.01324277 -0.66607430 0.00000000
0.02366617 0.99969790 0.00662190 0.00000000
0.66578550 -0.02070181 0.74585600 0.00000000
-0.16467870 0.98541740 -0.10369030 1.00000000

0.71495930 -0.01231218 -0.69905760 0.00000000
-0.02040220 -0.99978660 -0.00325752 0.00000000
-0.69886840 0.01659130 -0.71505800 0.00000000
-0.09979451 1.00159400 0.09013944 1.00000000

1.00000000 0.00000000 0.00000000 0.00000000
0.00000000 1.00000000 0.00000000 0.00000000
0.00000000 0.00000000 1.00000000 0.00000000
0.00000000 0.00000000 0.00000000 1.00000000

1.00000000 0.00000000 0.00000000 0.00000000
0.00000000 1.00000000 0.00000000 0.00000000
0.00000000 0.00000000 1.00000000 0.00000000
0.00000000 0.00000000 0.00000000 1.00000000

0.99279420 0.09183861 -0.07697454 0.00000000
-0.10449090 0.97793160 -0.18091800 0.00000000
0.05866051 0.18765750 0.98048140 0.00000000
-0.03424980 1.55550000 -0.16649040 1.00000000

0.74643240 -0.01468109 -0.66529940 0.00000000
-0.09236945 0.98779290 -0.12543140 0.00000000
0.65901940 0.15507940 0.73596450 0.00000000
0.02556266 0.87235320 -0.00463481 1.00000000

0.97495110 0.20212470 0.09282222 0.00000000
0.22241560 -0.88840510 -0.40158160 0.00000000
0.00129420 0.41216750 -0.91110720 0.00000000
0.12380830 0.83887690 -0.09286435 1.00000000

0.97495110 0.20212470 0.09282222 0.00000000
0.18017690 -0.96241200 0.20322250 0.00000000
0.13040950 -0.18140760 -0.97472290 0.00000000
0.21277460 0.48351490 -0.25349700 1.00000000

0.99140440 0.12994370 0.01523489 0.00000000
0.13003930 -0.99149380 -0.00546105 0.00000000
0.01439565 0.00739519 -0.99986900 0.00000000
0.27726180 0.14019700 -0.18324330 1.00000000

0.99142690 0.12992660 0.01385176 0.00000000
0.12939430 -0.99100530 0.03414537 0.00000000
0.01816362 -0.03206027 -0.99932100 0.00000000
0.29278310 0.03790635 -0.32081360 1.00000000

0.47753270 -0.29580320 -0.82732280 0.00000000
0.20117480 0.95341890 -0.22476940 0.00000000
0.85527260 -0.05910172 0.51479690 0.00000000
-0.07403229 0.84276770 0.08347209 1.00000000

0.47753220 -0.29580330 -0.82732310 0.00000000
-0.10227560 0.91650660 -0.38672390 0.00000000
0.87264130 0.26928810 0.40740800 0.00000000
-0.15450250 0.46140100 0.17338030 1.00000000

0.31662820 -0.08607965 -0.94463590 0.00000000
0.00707744 0.99606050 -0.08839341 0.00000000
0.94852330 0.02130222 0.31599010 0.00000000
-0.11999110 0.13424500 0.31027220 1.00000000

0.31662820 -0.08607965 -0.94463590 0.00000000
0.04017611 0.99619710 -0.07731169 0.00000000
0.94769850 -0.01347279 0.31888250 0.00000000
-0.25069430 0.02754641 0.27618480 1.00000000

0.71507230 -0.02586762 -0.69857180 0.00000000
0.02837205 0.99956570 -0.00797101 0.00000000
0.69847450 -0.01412008 0.71549570 0.00000000
0.01296312 1.00709400 -0.02174417 1.00000000

0.72265940 -0.06886873 -0.68776480 0.00000000
0.02055272 0.99672490 -0.07821070 0.00000000
0.69089860 0.04238423 0.72170810 0.00000000
0.01785812 1.17954800 -0.02311941 1.00000000

0.69008710 -0.21532870 -0.69095120 0.00000000
-0.23702680 0.83481490 -0.49689280 0.00000000
0.68381160 0.50667310 0.52505620 0.00000000
0.02171408 1.36654500 -0.03779264 1.00000000

0.06087542 0.94376570 -0.32496260 0.00000000
0.53419230 -0.30582210 -0.78810640 0.00000000
-0.84316840 -0.12561610 -0.52276930 0.00000000
0.06099394 1.44708300 -0.11526440 1.00000000

0.89749790 0.39822270 0.18951660 0.00000000
0.29571620 -0.22459480 -0.92849860 0.00000000
-0.32718470 0.88936830 -0.31933400 0.00000000
0.18059920 1.37861000 -0.29172100 1.00000000

0.89749790 0.39822270 0.18951660 0.00000000
-0.34201020 0.89977420 -0.27099000 0.00000000
-0.27843650 0.17839650 0.94374170 0.00000000
0.26385520 1.31537800 -0.55312900 1.00000000

0.80744440 0.53547630 0.24758630 0.00000000
-0.48625800 0.84172110 -0.23464710 0.00000000
-0.33404650 0.06907375 0.94002230 0.00000000
0.18127800 1.53310400 -0.61864910 1.00000000

-0.71073970 -0.67350440 -0.20307900 0.00000000
-0.33404660 0.06907368 0.94002230 0.00000000
-0.61908190 0.73594900 -0.27407510 0.00000000
0.11474070 1.58674200 -0.64384510 1.00000000

-0.48164810 0.87420120 -0.06154555 0.00000000
-0.81300520 -0.47194020 -0.34102050 0.00000000
-0.32716630 -0.11421480 0.93803910 0.00000000
0.08568053 1.66409200 -0.60142530 1.00000000

-0.49519530 -0.81935020 -0.28887240 0.00000000
0.80431950 -0.55805720 0.20406550 0.00000000
-0.32840820 -0.13129320 0.93536630 0.00000000
0.04678346 1.64151300 -0.61774100 1.00000000

-0.52237990 0.81662630 -0.24544040 0.00000000
-0.78515740 -0.57292120 -0.23513640 0.00000000
-0.33263660 0.06987901 0.94046270 0.00000000
0.09907712 1.66382600 -0.63765690 1.00000000

-0.40234510 -0.91281990 -0.06984462 0.00000000
0.85353780 -0.40161330 0.33193460 0.00000000
-0.33104690 0.07393733 0.94071320 0.00000000
0.06046058 1.63451700 -0.64909810 1.00000000

-0.66581460 0.60199100 -0.44079270 0.00000000
-0.61947950 -0.77529960 -0.12310810 0.00000000
-0.41585630 0.19109500 0.88912680 0.00000000
0.10850710 1.65822900 -0.67481990 1.00000000

-0.38992860 -0.92053950 0.02372351 0.00000000
0.82203310 -0.33636130 0.45948100 0.00000000
-0.41499070 0.19866650 0.88787080 0.00000000
0.07942729 1.62183500 -0.68059890 1.00000000

-0.78653440 0.41069780 -0.46118460 0.00000000
-0.48878060 -0.87044700 0.05844131 0.00000000
-0.37743500 0.27138430 0.88537760 0.00000000
0.11716060 1.65165800 -0.70823080 1.00000000

-0.04418866 -0.95295690 0.29986840 0.00000000
0.93777730 0.06391403 0.34130490 0.00000000
-0.34441460 0.29629160 0.89083670 0.00000000
0.09696157 1.61426300 -0.70534990 1.00000000

0.03124619 0.49104750 0.87057250 0.00000000
-0.89995380 0.39277270 -0.18924310 0.00000000
-0.43486430 -0.77756150 0.45419240 0.00000000
0.10539890 1.58444000 -0.57141950 1.00000000

-0.82620970 0.56260350 -0.02924430 0.00000000
-0.09444761 -0.18950240 -0.97732720 0.00000000
-0.55538950 -0.80471490 0.20970520 0.00000000
0.05186782 1.60867900 -0.58117730 1.00000000

0.88230990 0.40671460 0.23688090 0.00000000
-0.34201020 0.89977420 -0.27099000 0.00000000
-0.32335470 0.15808170 0.93298020 0.00000000
0.21897380 1.43393300 -0.58878120 1.00000000

0.56919220 0.68243290 -0.45859070 0.00000000
-0.01028907 -0.55180210 -0.83391200 0.00000000
-0.82214010 0.47937450 -0.30705980 0.00000000
0.13204330 1.44386600 -0.19120350 1.00000000

0.49307640 0.86836960 -0.05301082 0.00000000
0.29571620 -0.22459480 -0.92849860 0.00000000
-0.81818580 0.44214430 -0.36753310 0.00000000
0.18059920 1.37861000 -0.29172100 1.00000000

0.52842990 0.84812410 -0.03804463 0.00000000
0.29446860 -0.22513290 -0.92876460 0.00000000
-0.79627280 0.47958410 -0.36871280 0.00000000
0.21593540 1.35159400 -0.40317270 1.00000000

0.93900630 -0.07325613 -0.33600710 0.00000000
-0.13739910 0.81576350 -0.56182850 0.00000000
0.31525970 0.57372750 0.75594190 0.00000000
-0.01384014 1.49176800 -0.11232690 1.00000000

0.99280430 0.09134198 -0.07743654 0.00000000
-0.10164210 0.98468720 -0.14163290 0.00000000
0.06331369 0.14848470 0.98688610 0.00000000
-0.02675565 1.56844900 -0.16513870 1.00000000

0.99280430 0.09134198 -0.07743654 0.00000000
-0.11286910 0.92981110 -0.35030200 0.00000000
0.04000413 0.35652160 0.93343040 0.00000000
-0.04257409 1.63758400 -0.28639660 1.00000000

0.99280430 0.09134198 -0.07743654 0.00000000
0.11730210 -0.87186800 0.47548600 0.00000000
-0.02408260 -0.48114790 -0.87630890 0.00000000
0.02302443 1.62306900 -0.26635330 1.00000000

0.99280430 0.09134198 -0.07743654 0.00000000
-0.11652100 0.88600620 -0.44879370 0.00000000
0.02761546 0.45458730 0.89027400 0.00000000
-0.10028590 1.60957300 -0.25548660 1.00000000

0.99280880 0.09138217 -0.07733059 0.00000000
0.11277670 -0.93062970 0.34815220 0.00000000
-0.04015121 -0.35436960 -0.93424320 0.00000000
-0.00097733 1.64757600 -0.25037300 1.00000000

0.99280190 0.09132047 -0.07749274 0.00000000
-0.11286920 0.92980990 -0.35030580 0.00000000
0.04006347 0.35653080 0.93342440 0.00000000
-0.07925130 1.64037500 -0.24426800 1.00000000

0.95657400 0.23705020 -0.16962710 0.00000000
0.28212400 -0.89925440 0.33428680 0.00000000
-0.07329524 -0.36762600 -0.92708100 0.00000000
-0.02369382 1.64316500 -0.28937320 1.00000000

0.97396840 0.20647910 -0.09355131 0.00000000
-0.22618120 0.91265290 -0.34045090 0.00000000
0.01508391 0.35274800 0.93559690 0.00000000
-0.05901569 1.64082700 -0.28785010 1.00000000

0.99262990 0.09085663 0.08019346 0.00000000
0.07831586 -0.98593530 0.14764370 0.00000000
0.09247985 -0.14027520 -0.98578440 0.00000000
0.03546206 1.66165600 -0.25086270 1.00000000

0.98040690 0.09056628 -0.17492850 0.00000000
-0.12889920 0.96647660 -0.22205380 0.00000000
0.14895370 0.24025130 0.95921440 0.00000000
-0.11754130 1.64908300 -0.24024090 1.00000000

0.97498380 0.20191700 -0.09293011 0.00000000
0.22177420 -0.91175040 0.34572690 0.00000000
-0.01492086 -0.35768770 -0.93372210 0.00000000
-0.00105313 1.64813600 -0.25068510 1.00000000

0.99793220 -0.02040078 -0.06095290 0.00000000
-0.00278199 0.93369670 -0.35805400 0.00000000
0.06421608 0.35748320 0.93170940 0.00000000
-0.07925284 1.64038600 -0.24427430 1.00000000

0.99047270 0.10977490 -0.08314598 0.00000000
-0.13102800 0.93703160 -0.32373390 0.00000000
0.04237258 0.33154400 0.94248780 0.00000000
-0.03252592 1.61289100 -0.18669610 1.00000000

0.94898050 0.28460060 -0.13578920 0.00000000
0.31114010 -0.91509930 0.25648630 0.00000000
-0.05126446 -0.28565000 -0.95696190 0.00000000
-0.01951149 1.55220300 -0.28908850 1.00000000

0.99109910 0.10521010 -0.08156848 0.00000000
-0.12565920 0.94165500 -0.31224270 0.00000000
0.04395822 0.31971330 0.94649420 0.00000000
-0.03471923 1.55228700 -0.29063890 1.00000000

0.99690460 -0.07367811 -0.02743194 0.00000000
0.06271974 0.95570150 -0.28757760 0.00000000
0.04740486 0.28496710 0.95736460 0.00000000
-0.05188074 1.55006400 -0.28435570 1.00000000

0.98786060 0.13123880 -0.08311433 0.00000000
0.15295860 -0.91515410 0.37295680 0.00000000
-0.02711600 -0.38114230 -0.92411880 0.00000000
-0.01166144 1.56370100 -0.27431930 1.00000000

0.99384520 0.08069432 -0.07589337 0.00000000
-0.10351750 0.92044140 -0.37692420 0.00000000
0.03943989 0.38246070 0.92312970 0.00000000
-0.06192120 1.55873500 -0.26743730 1.00000000

0.98288790 0.16531910 -0.08124667 0.00000000
0.18414320 -0.89322580 0.41016950 0.00000000
-0.00476286 -0.41811170 -0.90838330 0.00000000
-0.02157038 1.57598000 -0.28565820 1.00000000

0.99196290 0.09918998 -0.07855543 0.00000000
-0.12296320 0.90206960 -0.41370330 0.00000000
0.02982745 0.42003780 0.90701650 0.00000000
-0.03677080 1.57381500 -0.28886040 1.00000000

0.99604510 0.04190615 -0.07834566 0.00000000
-0.07180171 0.89902440 -0.43197140 0.00000000
0.05233258 0.43588840 0.89847800 0.00000000
