MeshAnim
1
35
83
30
0.54357840 0.01686241 -0.83918910 0.00000000
-0.00670477 0.99985350 0.01574780 0.00000000
0.83933160 -0.00293360 0.54361180 0.00000000
-0.00277021 0.84816270 -0.00171213 1.00000000

0.96110010 0.27002460 0.05807877 0.00000000
0.26947670 -0.87062540 -0.41157470 0.00000000
-0.06057045 0.41121530 -0.90952360 0.00000000
0.06496031 0.81934190 -0.11633880 1.00000000

0.96110010 0.27002460 0.05807877 0.00000000
0.24376280 -0.92813560 0.28132540 0.00000000
0.12986980 -0.25622450 -0.95785340 0.00000000
0.17275100 0.47109180 -0.28096870 1.00000000

0.99760330 0.05889734 0.03631410 0.00000000
0.05900377 -0.99825610 -0.00186502 0.00000000
0.03614104 0.00400316 -0.99933870 0.00000000
0.25989330 0.13982130 -0.18284890 1.00000000

0.99765400 0.05887543 0.03493193 0.00000000
0.05755335 -0.99762970 0.03771812 0.00000000
0.03706980 -0.03561919 -0.99867770 0.00000000
0.27099290 0.03636134 -0.31997190 1.00000000

0.53039000 -0.27931060 -0.80042000 0.00000000
0.35215570 0.93144050 -0.09167863 0.00000000
0.77115040 -0.23324700 0.59238760 0.00000000
-0.07911428 0.81487210 0.10608680 1.00000000

0.53038880 -0.27931050 -0.80042080 0.00000000
-0.25786950 0.84627160 -0.46618440 0.00000000
0.80758350 0.45366320 0.37682730 0.00000000
-0.21997680 0.44229680 0.14275880 1.00000000

0.31290850 -0.06881993 -0.94728680 0.00000000
0.02798231 0.99760650 -0.06323248 0.00000000
0.94937100 -0.00672130 0.31408530 0.00000000
-0.12988180 0.13975820 0.30803080 1.00000000

0.31290850 -0.06881993 -0.94728680 0.00000000
0.06109785 0.99676410 -0.05223254 0.00000000
0.94781610 -0.04153315 0.31610070 0.00000000
-0.26287920 0.03673840 0.27158290 1.00000000

0.55469830 0.02354591 -0.83171840 0.00000000
-0.01680217 0.99971260 0.01709594 0.00000000
0.83188190 0.00449158 0.55493460 0.00000000
-0.00368478 0.98454820 0.00043597 1.00000000

0.57899800 -0.00453256 -0.81531650 0.00000000
-0.10462150 0.99130460 -0.07980803 0.00000000
0.80858870 0.13150830 0.57348920 0.00000000
-0.00658364 1.15702800 0.00338552 1.00000000

0.60774810 -0.02344467 -0.79378370 0.00000000
-0.39446390 0.85861740 -0.32737470 0.00000000
0.68923170 0.51208040 0.51257510 0.00000000
-0.02621185 1.34300800 -0.01158741 1.00000000

-0.30192670 0.65951150 -0.68839310 0.00000000
0.59670020 -0.43242090 -0.67598920 0.00000000
-0.74349820 -0.61486340 -0.26297130 0.00000000
-0.00717718 1.43813300 -0.07955981 1.00000000

0.11938710 0.53706490 -0.83504970 0.00000000
0.54929550 -0.73634830 -0.39505180 0.00000000
-0.82705590 -0.41152510 -0.38291780 0.00000000
0.12642360 1.34131400 -0.23091340 1.00000000

0.14830540 0.47183550 -0.86912430 0.00000000
-0.90589910 -0.28769860 -0.31076810 0.00000000
-0.39667710 0.83342730 0.38476790 0.00000000
0.28107160 1.13400400 -0.34213630 1.00000000

0.34573710 0.83616070 -0.42579480 0.00000000
-0.80899320 0.03572474 -0.58673160 0.00000000
-0.47539040 0.54731980 0.68879960 0.00000000
0.06195845 1.06449100 -0.41746230 1.00000000

-0.23872000 -0.78929870 0.56570350 0.00000000
-0.58434900 0.58202950 0.56548950 0.00000000
-0.77559620 -0.19557470 -0.60016790 0.00000000
-0.11375720 1.09847100 -0.39607390 1.00000000

-0.58836380 0.49738530 -0.63752340 0.00000000
-0.72360560 -0.67574050 0.14060610 0.00000000
-0.36086490 0.54404310 0.75749180 0.00000000
-0.08971638 1.09890700 -0.46648790 1.00000000

-0.90132630 -0.40712450 -0.14785340 0.00000000
0.23038870 -0.73968050 0.63229260 0.00000000
-0.36678600 0.53583820 0.76049040 0.00000000
-0.12433630 1.06657600 -0.45976080 1.00000000

-0.55306660 0.53526010 -0.63844660 0.00000000
-0.77308950 -0.61537130 0.15378900 0.00000000
-0.31056450 0.57863190 0.75414530 0.00000000
-0.07222667 1.07929400 -0.49480280 1.00000000

-0.92341710 -0.37249540 -0.09245810 0.00000000
0.22628930 -0.72299120 0.65274570 0.00000000
-0.30999090 0.58183420 0.75191400 0.00000000
-0.11021200 1.04815800 -0.48650680 1.00000000

-0.55756910 0.42207080 -0.71482380 0.00000000
-0.74193850 -0.63961170 0.20105730 0.00000000
-0.37234920 0.64245870 0.66977830 0.00000000
-0.05505682 1.05438500 -0.51901170 1.00000000

-0.92604060 -0.31580220 -0.20668440 0.00000000
0.07742095 -0.69491580 0.71491150 0.00000000
-0.36939850 0.64603510 0.66796960 0.00000000
-0.08988541 1.02436000 -0.50957350 1.00000000

-0.49128240 0.50679950 -0.70837570 0.00000000
-0.84253050 -0.48275050 0.23894480 0.00000000
-0.22087150 0.71421740 0.66416100 0.00000000
-0.03866068 1.03128000 -0.53978880 1.00000000

-0.97507610 -0.08093508 -0.20658310 0.00000000
-0.09292328 -0.69652940 0.71148580 0.00000000
-0.20147520 0.71294910 0.67164840 0.00000000
-0.07415866 1.01033200 -0.52902790 1.00000000

0.21911520 0.07517307 0.97279920 0.00000000
-0.62006670 -0.75906910 0.19832230 0.00000000
0.75333010 -0.64665570 -0.11971140 0.00000000
-0.03636021 1.08860000 -0.39807390 1.00000000

-0.36723230 -0.47498170 0.79970820 0.00000000
-0.85499390 -0.16615050 -0.49130420 0.00000000
0.36623250 -0.86416840 -0.34509060 0.00000000
-0.07290015 1.04353300 -0.38457790 1.00000000

0.04821283 0.65898560 -0.75060870 0.00000000
-0.90589910 -0.28769860 -0.31076810 0.00000000
-0.42074070 0.69495880 0.58310370 0.00000000
0.16180520 1.09620000 -0.38321010 1.00000000

0.14535800 0.04010319 -0.98856610 0.00000000
0.47849520 -0.87740180 0.03476384 0.00000000
-0.86597570 -0.47807740 -0.14672680 0.00000000
0.10729870 1.36366800 -0.20342050 1.00000000

-0.10361770 0.40909140 -0.90659130 0.00000000
0.54929550 -0.73634830 -0.39505180 0.00000000
-0.82917920 -0.53892090 -0.14841350 0.00000000
0.12642360 1.34131400 -0.23091340 1.00000000

-0.05717400 0.43708150 -0.89760300 0.00000000
0.54911770 -0.73709700 -0.39390090 0.00000000
-0.83378740 -0.51541050 -0.19786660 0.00000000
0.19231780 1.25286200 -0.27818150 1.00000000

0.93642820 0.24640170 -0.24977710 0.00000000
-0.32271020 0.88426350 -0.33754420 0.00000000
0.13769740 0.39669150 0.90756560 0.00000000
-0.08538146 1.47180100 -0.06069362 1.00000000

0.99538770 0.07917932 -0.05416524 0.00000000
-0.09422447 0.91301250 -0.39690040 0.00000000
0.01802725 0.40017350 0.91626210 0.00000000
-0.11571620 1.55492200 -0.09242283 1.00000000

0.99538770 0.07917932 -0.05416524 0.00000000
-0.09589738 0.80574880 -0.58444210 0.00000000
-0.00263208 0.58694090 0.80962550 0.00000000
-0.12589060 1.59004300 -0.22805540 1.00000000

0.99538770 0.07917932 -0.05416524 0.00000000
0.09462160 -0.71726140 0.69034990 0.00000000
0.01581085 -0.69229100 -0.72144530 0.00000000
-0.06129404 1.58195800 -0.20202650 1.00000000

0.99538770 0.07917932 -0.05416524 0.00000000
-0.09505612 0.73784950 -0.66823840 0.00000000
-0.01294491 0.67030500 0.74197280 0.00000000
-0.18498440 1.57037100 -0.19353580 1.00000000

0.99538760 0.07924496 -0.05407429 0.00000000
0.09590323 -0.80709800 0.58257680 0.00000000
0.00252298 -0.58507550 -0.81097520 0.00000000
-0.08598465 1.60950400 -0.19404600 1.00000000

0.99538790 0.07914425 -0.05421352 0.00000000
-0.09589732 0.80574640 -0.58444540 0.00000000
-0.00257301 0.58694880 0.80962000 0.00000000
-0.16446230 1.60326100 -0.18977580 1.00000000

0.96355030 0.19556180 -0.18255560 0.00000000
0.26573420 -0.77850970 0.56860180 0.00000000
-0.03092462 -0.59638760 -0.80210050 0.00000000
-0.10688890 1.59487100 -0.23153480 1.00000000

0.97740610 0.18597400 -0.10045340 0.00000000
-0.20955640 0.79047230 -0.57553400 0.00000000
-0.02762854 0.58358110 0.81158460 0.00000000
-0.14224540 1.59261400 -0.23103270 1.00000000

0.98797110 0.11961070 0.09801146 0.00000000
0.07064557 -0.91291780 0.40198300 0.00000000
0.13755780 -0.39022350 -0.91038660 0.00000000
-0.04954972 1.62337900 -0.19655070 1.00000000

0.98748200 0.05299472 -0.14856250 0.00000000
-0.11777280 0.87425520 -0.47096420 0.00000000
0.10492300 0.48256530 0.86955260 0.00000000
-0.20288960 1.61228900 -0.18985970 1.00000000

0.97838820 0.18174090 -0.09862405 0.00000000
0.20491240 -0.78828110 0.58019280 0.00000000
0.02770126 -0.58786300 -0.80848590 0.00000000
-0.08604557 1.60996200 -0.19449580 1.00000000

0.99966190 -0.02439449 -0.00901401 0.00000000
0.01443282 0.80871640 -0.58802180 0.00000000
0.02163431 0.58769270 0.80879490 0.00000000
-0.16446350 1.60327100 -0.18978500 1.00000000

0.99333610 0.09547217 -0.06456420 0.00000000
-0.11525170 0.81941260 -0.56149770 0.00000000
-0.00070253 0.56519710 0.82495560 0.00000000
-0.12045370 1.59218000 -0.12501780 1.00000000

0.95444870 0.25017610 -0.16260210 0.00000000
0.29828110 -0.81367520 0.49896000 0.00000000
-0.00747743 -0.52473280 -0.85123420 0.00000000
-0.10279830 1.50715000 -0.20744890 1.00000000

0.99388560 0.09148037 -0.06182894 0.00000000
-0.11041290 0.82691920 -0.55137430 0.00000000
0.00068757 0.55482970 0.83196370 0.00000000
-0.11791870 1.50666000 -0.20964430 1.00000000

0.99705180 -0.06715696 0.03711370 0.00000000
0.07664528 0.84898350 -0.52283160 0.00000000
0.00360295 0.52413470 0.85162760 0.00000000
-0.13535250 1.50595300 -0.20377100 1.00000000

0.99074260 0.11617860 -0.07022479 0.00000000
0.13491560 -0.78526920 0.60427640 0.00000000
0.01505849 -0.60815670 -0.79367400 0.00000000
-0.09562571 1.52217400 -0.19583820 1.00000000

0.99634810 0.06930903 -0.04986498 0.00000000
-0.08534026 0.78989670 -0.60727290 0.00000000
-0.00270125 0.60931080 0.79292690 0.00000000
-0.14615260 1.51860400 -0.19015010 1.00000000

0.98571720 0.14951860 -0.07749611 0.00000000
0.16437550 -0.75408990 0.63586890 0.00000000
0.03663510 -0.63952540 -0.76789670 0.00000000
-0.10499320 1.53097900 -0.21040710 1.00000000

0.99460520 0.08645828 -0.05732045 0.00000000
-0.10309060 0.76239510 -0.63884740 0.00000000
-0.01153275 0.64131000 0.76719510 0.00000000
-0.12003220 1.52788700 -0.21361130 1.00000000

0.99862650 0.03124009 -0.04205844 0.00000000
-0.05114639 0.75528450 -0.65339820 0.00000000
0.01135397 0.65465210 0.75584510 0.00000000
-0.13796840 1.52949100 -0.20737840 1.00000000

0.99534900 0.07955335 -0.05432779 0.00000000
0.09510806 -0.72182060 0.68551380 0.00000000
0.01531994 -0.68749250 -0.72602980 0.00000000
-0.10626850 1.56108200 -0.21467570 1.00000000

0.99534900 0.07955335 -0.05432779 0.00000000
-0.09510806 0.72182070 -0.68551370 0.00000000
-0.01531991 0.68749240 0.72602980 0.00000000
-0.12321430 1.55176200 -0.23483660 1.00000000

0.99534900 0.07955335 -0.05432779 0.00000000
-0.09510806 0.72182070 -0.68551370 0.00000000
-0.01531991 0.68749240 0.72602980 0.00000000
-0.13914810 1.55787500 -0.21262850 1.00000000

0.99538770 0.07917932 -0.05416524 0.00000000
0.07186675 -0.24143760 0.96775160 0.00000000
0.06354832 -0.96718070 -0.24601450 0.00000000
-0.12013250 1.65405900 -0.02866080 1.00000000

0.99538770 0.07917932 -0.05416524 0.00000000
-0.09487592 0.89609650 -0.43360080 0.00000000
0.01420513 0.43673980 0.89947570 0.00000000
-0.13012370 1.68588300 -0.16574370 1.00000000

0.48450260 -0.84239850 0.23584290 0.00000000
0.49906740 0.04475245 -0.86540690 0.00000000
0.71846290 0.53699330 0.44209640 0.00000000
-0.08410961 1.44109900 0.02092336 1.00000000

0.30732660 -0.65864350 -0.68683280 0.00000000
0.74088280 0.61856560 -0.26166670 0.00000000
0.59719600 -0.42844540 0.67807930 0.00000000
-0.19585070 1.43107900 0.21468810 1.00000000

0.37901930 -0.61162220 -0.69445150 0.00000000
0.34066800 -0.60552080 0.71922890 0.00000000
-0.86040090 -0.50917910 -0.02114385 0.00000000
-0.40443390 1.25693400 0.28835820 1.00000000

0.89919210 0.35517710 0.25554450 0.00000000
0.09327975 -0.72620790 0.68111770 0.00000000
0.42749580 -0.58861830 -0.68613120 0.00000000
-0.48690890 1.40351800 0.11449200 1.00000000

-0.90172930 -0.22367650 -0.36993710 0.00000000
0.42749580 -0.58861830 -0.68613120 0.00000000
-0.06428041 -0.77685100 0.62639510 0.00000000
-0.46755530 1.47651400 0.06720316 1.00000000

0.62145300 -0.42896370 0.65558090 0.00000000
-0.70490840 -0.67133520 0.22894050 0.00000000
0.34190730 -0.60440010 -0.71958330 0.00000000
-0.52308680 1.54905200 0.05042646 1.00000000

-0.36715220 -0.78614440 0.49716840 0.00000000
-0.86840800 0.09820008 -0.48602940 0.00000000
0.33326730 -0.61019180 -0.71874850 0.00000000
-0.48936130 1.58117100 0.03947360 1.00000000

0.64364710 -0.40063100 0.65208410 0.00000000
-0.66393050 -0.71610790 0.21537430 0.00000000
0.38067680 -0.57156350 -0.72691170 0.00000000
-0.50830310 1.52703400 0.02233850 1.00000000

-0.39948650 -0.81148840 0.42649410 0.00000000
-0.83229150 0.12601090 -0.53982620 0.00000000
0.38431980 -0.57062070 -0.72573460 0.00000000
-0.47463770 1.56233700 0.01226180 1.00000000

0.55448460 -0.40668240 0.72605530 0.00000000
-0.71061730 -0.68543150 0.15876670 0.00000000
0.43309360 -0.60398110 -0.66905710 0.00000000
-0.48768100 1.50560000 -0.00249363 1.00000000

-0.31757560 -0.79916190 0.51037840 0.00000000
-0.84104230 -0.01119360 -0.54085360 0.00000000
0.43794250 -0.60101190 -0.66857420 0.00000000
-0.45432310 1.53777600 -0.00994678 1.00000000

0.46423640 -0.44833600 0.76385840 0.00000000
-0.71396300 -0.69979990 0.02317455 0.00000000
0.52415800 -0.55612510 -0.64496790 0.00000000
-0.46832870 1.48547200 -0.02381647 1.00000000

-0.19428020 -0.83125560 0.52083580 0.00000000
-0.82656140 -0.14720270 -0.54325680 0.00000000
0.52825340 -0.53604670 -0.65848520 0.00000000
-0.43756170 1.51493400 -0.02417616 1.00000000

0.24212440 -0.25613670 -0.93582590 0.00000000
-0.82747230 -0.55814820 -0.06132442 0.00000000
-0.50662200 0.78921790 -0.34708720 0.00000000
-0.50481620 1.50462900 0.12340980 1.00000000

-0.54131260 -0.69749390 -0.46955630 0.00000000
-0.58690770 -0.08645767 0.80502450 0.00000000
-0.60209640 0.71135630 -0.36256380 0.00000000
-0.45596660 1.53830700 0.12868430 1.00000000

0.89864050 -0.01517481 -0.43842350 0.00000000
0.34066800 -0.60552080 0.71922890 0.00000000
-0.27638850 -0.79568510 -0.53897570 0.00000000
-0.44936120 1.33677900 0.19376050 1.00000000

0.86516940 -0.43158430 -0.25537660 0.00000000
0.42150240 0.90173640 -0.09595343 0.00000000
0.27169420 -0.02462599 0.96206840 0.00000000
-0.17512360 1.44998700 0.17374910 1.00000000

0.59845690 -0.78484140 -0.16085210 0.00000000
0.74088280 0.61856560 -0.26166670 0.00000000
0.30486430 0.03742360 0.95166040 0.00000000
-0.19585070 1.43107900 0.21468810 1.00000000

0.58455030 -0.78501980 -0.20504910 0.00000000
0.74046530 0.61947070 -0.26070580 0.00000000
0.33168090 0.00056379 0.94339140 0.00000000
-0.28470650 1.35674200 0.24597270 1.00000000

0.54357840 0.01686241 -0.83918910 0.00000000
0.14006820 0.98395660 0.11049950 0.00000000
0.82758890 -0.17760890 0.53249570 0.00000000
-0.10542540 0.98239370 -0.15143170 1.00000000

0.54211730 0.00679734 -0.84027530 0.00000000
0.15618980 0.98172650 0.10871000 0.00000000
0.82565950 -0.19017600 0.53114920 0.00000000
-0.18977460 0.98860390 -0.03585232 1.00000000

0.55048010 0.01823877 -0.83464910 0.00000000
-0.12858320 -0.98597960 -0.10635070 0.00000000
-0.82488660 0.16586580 -0.54041700 0.00000000
-0.07817184 0.97355290 0.13257730 1.00000000

1.00000000 0.00000000 0.00000000 0.00000000
0.00000000 1.00000000 0.00000000 0.00000000
0.00000000 0.00000000 1.00000000 0.00000000
0.00000000 0.00000000 0.00000000 1.00000000

1.00000000 0.00000000 0.00000000 0.00000000
0.00000000 1.00000000 0.00000000 0.00000000
0.00000000 0.00000000 1.00000000 0.00000000
0.00000000 0.00000000 0.00000000 1.00000000

0.99538770 0.07917932 -0.05416524 0.00000000
-0.09487595 0.89609640 -0.43360090 0.00000000
0.01420513 0.43673990 0.89947570 0.00000000
-0.11462110 1.54174600 -0.09155564 1.00000000

0.54380980 0.01685848 -0.83903930 0.00000000
-0.00767394 0.99985630 0.01511597 0.00000000
0.83917350 -0.00178147 0.54386100 0.00000000
-0.00888385 0.84820510 -0.00077947 1.00000000

0.96089350 0.27107180 0.05660272 0.00000000
0.26966520 -0.86949330 -0.41383850 0.00000000
-0.06296426 0.41291840 -0.90858900 0.00000000
0.05890830 0.81937750 -0.11536800 1.00000000

0.96089350 0.27107180 0.05660272 0.00000000
0.24517990 -0.92781760 0.28114300 0.00000000
0.12872690 -0.25627070 -0.95799520 0.00000000
0.16677440 0.47158020 -0.28090340 1.00000000

0.99727030 0.06457692 0.03580156 0.00000000
0.06482366 -0.99788000 -0.00577172 0.00000000
0.03535295 0.00807675 -0.99934230 0.00000000
0.25441910 0.14042310 -0.18284890 1.00000000

0.99732020 0.06456070 0.03441924 0.00000000
0.06339989 -0.99741530 0.03381465 0.00000000
0.03651339 -0.03154185 -0.99883530 0.00000000
0.26601710 0.03756040 -0.32037940 1.00000000

0.52840420 -0.27878180 -0.80191640 0.00000000
0.35377900 0.93093850 -0.09052116 0.00000000
0.77177040 -0.23586940 0.59053890 0.00000000
-0.08522761 0.81490870 0.10701790 1.00000000

0.52840310 -0.27878170 -0.80191720 0.00000000
-0.25807680 0.84710910 -0.46454560 0.00000000
0.80881800 0.45242340 0.37566790 0.00000000
-0.22673940 0.44253420 0.14322690 1.00000000

0.31295770 -0.06870367 -0.94727900 0.00000000
0.02791909 0.99761470 -0.06313065 0.00000000
0.94935670 -0.00668998 0.31412940 0.00000000
-0.13657340 0.13970010 0.30791760 1.00000000

0.31295770 -0.06870367 -0.94727900 0.00000000
0.06103418 0.99677350 -0.05212924 0.00000000
0.94780400 -0.04150212 0.31614120 0.00000000
-0.26956230 0.03667510 0.27145300 1.00000000

0.55542580 0.02320077 -0.83124260 0.00000000
-0.01887441 0.99970490 0.01529108 0.00000000
0.83135200 0.00719615 0.55569970 0.00000000
-0.00993062 0.98459110 0.00128245 1.00000000

0.58070760 -0.00455674 -0.81409960 0.00000000
-0.10639380 0.99098340 -0.08143886 0.00000000
0.80713020 0.13390730 0.57498670 0.00000000
-0.01318701 1.15706900 0.00392061 1.00000000

0.61030700 -0.02290425 -0.79183400 0.00000000
-0.39515870 0.85753290 -0.32937370 0.00000000
0.68656770 0.51391900 0.51430740 0.00000000
-0.03314772 1.34298900 -0.01135828 1.00000000

-0.30133730 0.65815440 -0.68994830 0.00000000
0.60083710 -0.43079290 -0.67335900 0.00000000
-0.74039910 -0.61745470 -0.26562950 0.00000000
-0.01408998 1.43809300 -0.07935325 1.00000000

0.12154750 0.53669730 -0.83497440 0.00000000
0.55030610 -0.73652630 -0.39330950 0.00000000
-0.82606870 -0.41168570 -0.38487080 0.00000000
0.12043710 1.34163900 -0.23011790 1.00000000

0.15055310 0.47145260 -0.86894560 0.00000000
-0.90555550 -0.28686340 -0.31253590 0.00000000
-0.39661460 0.83393160 0.38373840 0.00000000
0.27536940 1.13427900 -0.34085020 1.00000000

0.34893160 0.83459760 -0.42625520 0.00000000
-0.80831720 0.03787517 -0.58752790 0.00000000
-0.47420500 0.54955640 0.68783550 0.00000000
0.05633987 1.06496800 -0.41660400 1.00000000

-0.24188990 -0.78796180 0.56622070 0.00000000
-0.58293080 0.58451350 0.56438990 0.00000000
-0.77568130 -0.19354730 -0.60071510 0.00000000
-0.11928120 1.09955500 -0.39541330 1.00000000

-0.58609740 0.49874730 -0.63854620 0.00000000
-0.72599320 -0.67318460 0.14055940 0.00000000
-0.35975570 0.54596140 0.75663880 0.00000000
-0.09517296 1.09984400 -0.46580510 1.00000000

-0.90254350 -0.40424830 -0.14832040 0.00000000
0.22731930 -0.73984930 0.63320570 0.00000000
-0.36570700 0.53777930 0.75963940 0.00000000
-0.12990710 1.06763600 -0.45908020 1.00000000

-0.55067310 0.53650320 -0.63947160 0.00000000
-0.77528730 -0.61263780 0.15363880 0.00000000
-0.30933680 0.58037870 0.75330690 0.00000000
-0.07772225 1.08014600 -0.49408500 1.00000000

-0.92457030 -0.36949330 -0.09297848 0.00000000
0.22325650 -0.72312700 0.65363910 0.00000000
-0.30875050 0.58357700 0.75107340 0.00000000
-0.11581930 1.04914500 -0.48579550 1.00000000

-0.55548230 0.42325740 -0.71574640 0.00000000
-0.74426220 -0.63693770 0.20095910 0.00000000
-0.37082840 0.64433210 0.66882190 0.00000000
-0.06061305 1.05515700 -0.51825410 1.00000000

-0.92689670 -0.31289950 -0.20726050 0.00000000
0.07442442 -0.69449530 0.71563800 0.00000000
-0.36786410 0.64789690 0.66701260 0.00000000
-0.09555063 1.02525800 -0.50882050 1.00000000

-0.48891870 0.50777010 -0.70931550 0.00000000
-0.84436440 -0.47970520 0.23860410 0.00000000
-0.21910620 0.71557870 0.66327970 0.00000000
-0.04427465 1.03197800 -0.53899410 1.00000000

-0.97514670 -0.07786978 -0.20742680 0.00000000
-0.09592092 -0.69554280 0.71205310 0.00000000
-0.19972150 0.71425250 0.67078700 0.00000000
-0.07985264 1.01115900 -0.52824690 1.00000000

0.21845080 0.07535866 0.97293420 0.00000000
-0.62278780 -0.75680430 0.19845160 0.00000000
0.75127570 -0.64928330 -0.11839190 0.00000000
-0.04191581 1.08942300 -0.39733100 1.00000000

-0.36957050 -0.47299600 0.79980820 0.00000000
-0.85508240 -0.16375510 -0.49195400 0.00000000
0.36366490 -0.86571340 -0.34393130 0.00000000
-0.07861891 1.04449200 -0.38382710 1.00000000

0.05068853 0.65827450 -0.75106950 0.00000000
-0.90555550 -0.28686340 -0.31253590 0.00000000
-0.42118890 0.69597710 0.58156360 0.00000000
0.15614880 1.09658500 -0.38215690 1.00000000

0.14711800 0.03914337 -0.98834420 0.00000000
0.47879380 -0.87716700 0.03652973 0.00000000
-0.86551310 -0.47858730 -0.14778860 0.00000000
0.10111880 1.36396000 -0.20272250 1.00000000

-0.10215950 0.40811780 -0.90719530 0.00000000
0.55030610 -0.73652630 -0.39330950 0.00000000
-0.82868980 -0.53941520 -0.14934660 0.00000000
0.12043710 1.34163900 -0.23011790 1.00000000

-0.05573809 0.43613980 -0.89815100 0.00000000
0.55012530 -0.73727460 -0.39215880 0.00000000
-0.83322010 -0.51595370 -0.19883720 0.00000000
0.18645210 1.25316600 -0.27717700 1.00000000

0.93686340 0.24834450 -0.24619540 0.00000000
-0.32333180 0.88335130 -0.33933300 0.00000000
0.13320560 0.39751140 0.90787730 0.00000000
-0.09242154 1.47161900 -0.06076434 1.00000000

0.99543880 0.07965792 -0.05249974 0.00000000
-0.09400371 0.91285690 -0.39731060 0.00000000
0.01627564 0.40043350 0.91618140 0.00000000
-0.12281470 1.55465400 -0.09266169 1.00000000

0.99543880 0.07965792 -0.05249974 0.00000000
-0.09530558 0.80554090 -0.58482550 0.00000000
-0.00429538 0.58716140 0.80945870 0.00000000
-0.13277650 1.58973300 -0.22832100 1.00000000

0.99543880 0.07965792 -0.05249974 0.00000000
0.09380651 -0.71702520 0.69070660 0.00000000
0.01737666 -0.69248090 -0.72122720 0.00000000
-0.06822018 1.58168800 -0.20218050 1.00000000

0.99543880 0.07965792 -0.05249974 0.00000000
-0.09428871 0.73761900 -0.66860140 0.00000000
-0.01453465 0.67050190 0.74176560 0.00000000
-0.19191900 1.57004200 -0.19389620 1.00000000

0.99543840 0.07972362 -0.05240887 0.00000000
0.09531522 -0.80689060 0.58296040 0.00000000
0.00418764 -0.58529650 -0.81080900 0.00000000
-0.09293798 1.60922300 -0.19424940 1.00000000

0.99543910 0.07962287 -0.05254811 0.00000000
-0.09530555 0.80553880 -0.58482860 0.00000000
-0.00423637 0.58716930 0.80945320 0.00000000
-0.17141960 1.60294300 -0.19011050 1.00000000

0.96376150 0.19598940 -0.18097600 0.00000000
0.26515560 -0.77822220 0.56926560 0.00000000
-0.02926949 -0.59662280 -0.80198800 0.00000000
-0.11377140 1.59457000 -0.23176950 1.00000000

0.97748280 0.18643100 -0.09884781 0.00000000
-0.20897200 0.79021070 -0.57610580 0.00000000
-0.02929336 0.58378990 0.81137630 0.00000000
-0.14912750 1.59229600 -0.23132670 1.00000000

0.98774440 0.12012740 0.09965307 0.00000000
0.07041630 -0.91277260 0.40235320 0.00000000
0.13929430 -0.39040480 -0.91004490 0.00000000
-0.05650574 1.62311600 -0.19669610 1.00000000

0.98770610 0.05344357 -0.14690310 0.00000000
-0.11740730 0.87406770 -0.47140350 0.00000000
0.10320960 0.48285560 0.86959670 0.00000000
-0.20985140 1.61195200 -0.19026200 1.00000000

0.97846400 0.18219890 -0.09701556 0.00000000
0.20431900 -0.78802040 0.58075610 0.00000000
0.02936298 -0.58807080 -0.80827630 0.00000000
-0.09299838 1.60968100 -0.19469930 1.00000000

0.99968760 -0.02390137 -0.00731278 0.00000000
0.01502898 0.80856240 -0.58821880 0.00000000
0.01997197 0.58792500 0.80866890 0.00000000
-0.17142090 1.60295300 -0.19011960 1.00000000

0.99339680 0.09594690 -0.06290665 0.00000000
-0.11470570 0.81920160 -0.56191770 0.00000000
-0.00238109 0.56542280 0.82479790 0.00000000
-0.12751540 1.59190200 -0.12527490 1.00000000

0.95459910 0.25060470 -0.16105290 0.00000000
0.29783790 -0.81339040 0.49968860 0.00000000
-0.00577456 -0.52496970 -0.85110130 0.00000000
-0.10967820 1.50685800 -0.20765260 1.00000000

0.99394360 0.09195614 -0.06016937 0.00000000
-0.10988760 0.82671330 -0.55178800 0.00000000
-0.00099757 0.55505800 0.83181120 0.00000000
-0.12479460 1.50635900 -0.20987350 1.00000000

0.99702070 -0.06665242 0.03882211 0.00000000
0.07711092 0.84887790 -0.52293430 0.00000000
0.00189954 0.52436980 0.85148860 0.00000000
-0.14223800 1.50564500 -0.20402960 1.00000000

0.99080260 0.11665050 -0.06857741 0.00000000
0.13428000 -0.78503650 0.60472010 0.00000000
0.01670521 -0.60836680 -0.79348030 0.00000000
-0.10253270 1.52188800 -0.19603390 1.00000000

0.99639690 0.06978927 -0.04819515 0.00000000
-0.08470193 0.78968780 -0.60763390 0.00000000
-0.00434735 0.60952670 0.79275380 0.00000000
-0.15306750 1.51829500 -0.19043050 1.00000000

0.98577320 0.14998600 -0.07586640 0.00000000
0.16367090 -0.75383410 0.63635410 0.00000000
0.03825369 -0.63971760 -0.76765770 0.00000000
-0.11187990 1.53068400 -0.21062100 1.00000000

0.99465800 0.08693560 -0.05565834 0.00000000
-0.10238510 0.76216890 -0.63923080 0.00000000
-0.01315090 0.64151460 0.76699810 0.00000000
-0.12691190 1.52758500 -0.21384990 1.00000000

0.99868100 0.03172365 -0.04037434 0.00000000
-0.05041274 0.75508010 -0.65369180 0.00000000
0.00974831 0.65486480 0.75568330 0.00000000
-0.14485940 1.52918100 -0.20764780 1.00000000

0.99540020 0.08003190 -0.05266249 0.00000000
0.09430346 -0.72158570 0.68587260 0.00000000
0.01689127 -0.68768390 -0.72581370 0.00000000
-0.11316280 1.56078600 -0.21490010 1.00000000

0.99540020 0.08003190 -0.05266249 0.00000000
-0.09430340 0.72158570 -0.68587250 0.00000000
-0.01689118 0.68768380 0.72581380 0.00000000
-0.13006990 1.55145200 -0.23508710 1.00000000

0.99540020 0.08003190 -0.05266249 0.00000000
-0.09430340 0.72158570 -0.68587250 0.00000000
-0.01689118 0.68768380 0.72581380 0.00000000
-0.14604420 1.55756300 -0.21290770 1.00000000

0.99543880 0.07965792 -0.05249974 0.00000000
0.07034579 -0.24113670 0.96793840 0.00000000
0.06444439 -0.96721660 -0.24564050 0.00000000
-0.12738830 1.65380800 -0.02893449 1.00000000

0.99543880 0.07965792 -0.05249974 0.00000000
-0.09458466 0.89593050 -0.43400730 0.00000000
0.01246390 0.43699340 0.89937840 0.00000000
-0.13716280 1.68558900 -0.16604290 1.00000000

0.48545410 -0.84121140 0.23811340 0.00000000
0.50171620 0.04501057 -0.86386060 0.00000000
0.71597160 0.53882990 0.44389980 0.00000000
-0.09134633 1.44099100 0.02088311 1.00000000

0.30263000 -0.65908150 -0.68849610 0.00000000
0.74482140 0.61425910 -0.26062810 0.00000000
0.59469000 -0.43393290 0.67679130 0.00000000
-0.20368050 1.43091300 0.21430150 1.00000000

0.37508270 -0.61220470 -0.69607380 0.00000000
0.32650330 -0.61552800 0.71730160 0.00000000
-0.86758800 -0.49631750 -0.03098688 0.00000000
-0.41337260 1.25798000 0.28767940 1.00000000

0.89260040 0.35916860 0.27251210 0.00000000
0.08636537 -0.72946580 0.67854360 0.00000000
0.44249980 -0.58213230 -0.68214090 0.00000000
-0.49242050 1.40698600 0.11427970 1.00000000

-0.89403710 -0.22704170 -0.38619990 0.00000000
0.44249980 -0.58213230 -0.68214090 0.00000000
-0.06994508 -0.78075250 0.62091380 0.00000000
-0.47272970 1.48036400 0.06772678 1.00000000

0.61305290 -0.42888790 0.66349230 0.00000000
-0.70448780 -0.67687580 0.21339290 0.00000000
0.35758020 -0.59824320 -0.71710680 0.00000000
-0.52841870 1.55265700 0.05042641 1.00000000

-0.37055530 -0.79115050 0.48659070 0.00000000
-0.86076350 0.09568177 -0.49993140 0.00000000
0.34896320 -0.60409150 -0.71644880 0.00000000
-0.49471320 1.58504100 0.04021728 1.00000000

0.63512740 -0.40040180 0.66052420 0.00000000
-0.66301480 -0.72132190 0.20026580 0.00000000
0.39626380 -0.56513130 -0.72360350 0.00000000
-0.51303300 1.53088900 0.02246784 1.00000000

-0.40154910 -0.81629020 0.41524610 0.00000000
-0.82392620 0.12401430 -0.55296180 0.00000000
0.39988070 -0.56417320 -0.72236030 0.00000000
-0.47942190 1.56645100 0.01315150 1.00000000

0.54478170 -0.40741130 0.73295930 0.00000000
-0.70893820 -0.69061000 0.14305640 0.00000000
0.44790620 -0.59755700 -0.66506090 0.00000000
-0.49186790 1.50972000 -0.00213446 1.00000000

-0.32112690 -0.80394150 0.50055550 0.00000000
-0.83181430 -0.01323277 -0.55489640 0.00000000
0.45272800 -0.59456130 -0.66448070 0.00000000
-0.45858890 1.54214000 -0.00885008 1.00000000

0.45417310 -0.44982370 0.76901640 0.00000000
-0.70993220 -0.70423200 0.00734958 0.00000000
0.53825980 -0.54928720 -0.63918750 0.00000000
-0.47203900 1.48983100 -0.02324198 1.00000000

-0.19782800 -0.83534630 0.51289500 0.00000000
-0.81645890 -0.14913600 -0.55781130 0.00000000
0.54245670 -0.52910820 -0.65252270 0.00000000
-0.44145210 1.51948000 -0.02292368 1.00000000

0.25927940 -0.24937440 -0.93305270 0.00000000
-0.82288460 -0.56279530 -0.07824862 0.00000000
-0.50560440 0.78808280 -0.35112760 0.00000000
-0.51109550 1.50793500 0.12345750 1.00000000

-0.52910020 -0.69809650 -0.48240480 0.00000000
-0.59971800 -0.09455796 0.79460540 0.00000000
-0.60032650 0.70973260 -0.36863040 0.00000000
-0.46254890 1.54187700 0.12973490 1.00000000

0.90182850 -0.02436785 -0.43140730 0.00000000
0.32650330 -0.61552800 0.71730160 0.00000000
-0.28302210 -0.78773860 -0.54714420 0.00000000
-0.45643380 1.33914400 0.19333580 1.00000000

0.86266610 -0.43661510 -0.25529380 0.00000000
0.42706110 0.89923660 -0.09482870 0.00000000
0.27097300 -0.02722065 0.96220210 0.00000000
-0.18239490 1.45028400 0.17240980 1.00000000

0.59372170 -0.78834460 -0.16126850 0.00000000
0.74482140 0.61425910 -0.26062810 0.00000000
0.30452520 0.03462425 0.95187480 0.00000000
-0.20368050 1.43091300 0.21430150 1.00000000

0.57987150 -0.78839550 -0.20538230 0.00000000
0.74441040 0.61516450 -0.25966500 0.00000000
0.33106250 -0.00231654 0.94360610 0.00000000
-0.29300980 1.35709300 0.24546140 1.00000000

0.54380980 0.01685848 -0.83903930 0.00000000
0.13908640 0.98416070 0.10992090 0.00000000
0.82760260 -0.17647500 0.53285150 0.00000000
-0.11162430 0.98224270 -0.15061380 1.00000000

0.54228250 0.00626807 -0.84017290 0.00000000
0.15604720 0.98182260 0.10804420 0.00000000
0.82557800 -0.18969710 0.53144720 0.00000000
-0.19601360 0.98844430 -0.03506324 1.00000000

0.55102390 0.01834065 -0.83428800 0.00000000
-0.12746960 -0.98617600 -0.10586980 0.00000000
-0.82469650 0.16468310 -0.54106860 0.00000000
-0.08447706 0.97363940 0.13336910 1.00000000

1.00000000 0.00000000 0.00000000 0.00000000
0.00000000 1.00000000 0.00000000 0.00000000
0.00000000 0.00000000 1.00000000 0.00000000
0.00000000 0.00000000 0.00000000 1.00000000

1.00000000 0.00000000 0.00000000 0.00000000
0.00000000 1.00000000 0.00000000 0.00000000
0.00000000 0.00000000 1.00000000 0.00000000
0.00000000 0.00000000 0.00000000 1.00000000

0.99543880 0.07965792 -0.05249974 0.00000000
-0.09458466 0.89593040 -0.43400740 0.00000000
0.01246390 0.43699340 0.89937840 0.00000000
-0.12171460 1.54147900 -0.09178901 1.00000000

0.54406060 0.01685560 -0.83887660 0.00000000
-0.00873252 0.99985780 0.01442666 0.00000000
0.83900050 -0.00052347 0.54413040 0.00000000
-0.01502780 0.84824990 0.00020742 1.00000000

0.96066160 0.27219280 0.05513889 0.00000000
0.26990910 -0.86829220 -0.41619500 0.00000000
-0.06540874 0.41470500 -0.90760220 0.00000000
0.05283142 0.81941520 -0.11433960 1.00000000

0.96066160 0.27219280 0.05513889 0.00000000
0.24665220 -0.92745410 0.28105520 0.00000000
0.12763990 -0.25639890 -0.95810640 0.00000000
0.16079500 0.47209830 -0.28081750 1.00000000

0.99688270 0.07058132 0.03525770 0.00000000
0.07096681 -0.99743080 -0.00979984 0.00000000
0.03447524 0.01227132 -0.99933030 0.00000000
0.24896190 0.14107040 -0.18279460 1.00000000

0.99693140 0.07057090 0.03387526 0.00000000
0.06957293 -0.99713220 0.02978919 0.00000000
0.03588024 -0.02734105 -0.99898220 0.00000000
0.26107980 0.03882933 -0.32074310 1.00000000

0.52642040 -0.27822430 -0.80341320 0.00000000
0.35544070 0.93042210 -0.08931245 0.00000000
0.77236230 -0.23854980 0.58868550 0.00000000
-0.09137098 0.81494710 0.10800320 1.00000000

0.52641930 -0.27822420 -0.80341400 0.00000000
-0.25833130 0.84792880 -0.46290570 0.00000000
0.81002950 0.45122950 0.37449200 0.00000000
-0.23354750 0.44277920 0.14372870 1.00000000

0.31300930 -0.06866075 -0.94726500 0.00000000
0.02776306 0.99761870 -0.06313667 0.00000000
0.94934420 -0.00653659 0.31417010 0.00000000
-0.14329340 0.13965560 0.30783770 1.00000000

0.31300930 -0.06866075 -0.94726500 0.00000000
0.06087774 0.99678280 -0.05213384 0.00000000
0.94779700 -0.04134897 0.31618210 0.00000000
-0.27626430 0.03660905 0.27136820 1.00000000

0.55622050 0.02283106 -0.83072110 0.00000000
-0.02113801 0.99968790 0.01332160 0.00000000
0.83076590 0.01015005 0.55652950 0.00000000
-0.01621896 0.98463610 0.00217531 1.00000000

0.58257120 -0.00457008 -0.81276680 0.00000000
-0.10832900 0.99062580 -0.08321774 0.00000000
0.80552820 0.13652650 0.57661510 0.00000000
-0.01986589 1.15711100 0.00447367 1.00000000

0.61309180 -0.02229647 -0.78969690 0.00000000
-0.39591450 0.85634400 -0.33155180 0.00000000
0.68364470 0.51592420 0.51619010 0.00000000
-0.04018966 1.34296400 -0.01113896 1.00000000

-0.30069080 0.65667450 -0.69163840 0.00000000
0.60533760 -0.42898890 -0.67047370 0.00000000
-0.73698820 -0.62028000 -0.26851680 0.00000000
-0.02110743 1.43804600 -0.07915785 1.00000000

0.12388660 0.53631300 -0.83487740 0.00000000
0.55152830 -0.73664560 -0.39136950 0.00000000
-0.82490540 -0.41197310 -0.38705240 0.00000000
0.11442730 1.34199600 -0.22927650 1.00000000

0.15299800 0.47105590 -0.86873350 0.00000000
-0.90511690 -0.28607380 -0.31452420 0.00000000
-0.39668030 0.83442690 0.38259180 0.00000000
0.26970380 1.13460200 -0.33946260 1.00000000

0.35233830 0.83293160 -0.42671150 0.00000000
-0.80753460 0.04012978 -0.58845350 0.00000000
-0.47301770 0.55191900 0.68676030 0.00000000
0.05078072 1.06548200 -0.41569740 1.00000000

-0.24528630 -0.78653170 0.56674740 0.00000000
-0.58148420 0.58713450 0.56316020 0.00000000
-0.77570030 -0.19141940 -0.60137180 0.00000000
-0.12474040 1.10071000 -0.39473440 1.00000000

-0.58363590 0.50016430 -0.63969150 0.00000000
-0.72851530 -0.67047930 0.14043930 0.00000000
-0.35865720 0.54799040 0.75569280 0.00000000
-0.10055430 1.10084200 -0.46510000 1.00000000

-0.90380000 -0.40121460 -0.14890490 0.00000000
0.22401590 -0.74000540 0.63419940 0.00000000
-0.36464060 0.53983240 0.75869520 0.00000000
-0.13540900 1.06876400 -0.45838090 1.00000000

-0.54807750 0.53779410 -0.64061590 0.00000000
-0.77761010 -0.60974620 0.15340350 0.00000000
-0.30811360 0.58222650 0.75238200 0.00000000
-0.08314209 1.08105500 -0.49334070 1.00000000

-0.92576470 -0.36632630 -0.09362239 0.00000000
0.21998970 -0.72324850 0.65461160 0.00000000
-0.30751360 0.58542040 0.75014560 0.00000000
-0.12135730 1.05019700 -0.48506190 1.00000000

-0.55320240 0.42448870 -0.71678200 0.00000000
-0.74672270 -0.63410720 0.20078230 0.00000000
-0.36928670 0.64631060 0.66776490 0.00000000
-0.06609463 1.05598100 -0.51746590 1.00000000

-0.92776640 -0.30984020 -0.20796380 0.00000000
0.07119182 -0.69402970 0.71641810 0.00000000
-0.36630790 0.64986320 0.66595530 0.00000000
-0.10114770 1.02621400 -0.50804070 1.00000000

-0.48634830 0.50877290 -0.71036300 0.00000000
-0.84631120 -0.47648500 0.23815910 0.00000000
-0.21730840 0.71701640 0.66231770 0.00000000
-0.04981535 1.03272400 -0.53816460 1.00000000

-0.97518730 -0.07464219 -0.20841950 0.00000000
-0.09915227 -0.69448050 0.71264700 0.00000000
-0.19793650 0.71562950 0.66984730 0.00000000
-0.08547833 1.01204100 -0.52743560 1.00000000

0.21764930 0.07557165 0.97309710 0.00000000
-0.62566900 -0.75440370 0.19852880 0.00000000
0.74911120 -0.65204650 -0.11691260 0.00000000
-0.04740912 1.09030300 -0.39655690 1.00000000

-0.37211150 -0.47088200 0.79987730 0.00000000
-0.85511510 -0.16123770 -0.49272810 0.00000000
0.36098710 -0.86733690 -0.34265970 0.00000000
-0.08428525 1.04551500 -0.38304810 1.00000000

0.05337486 0.65746490 -0.75159210 0.00000000
-0.90511690 -0.28607380 -0.31452420 0.00000000
-0.42179950 0.69706640 0.57981350 0.00000000
0.15054120 1.09701200 -0.38103100 1.00000000

0.14909560 0.03811659 -0.98808780 0.00000000
0.47922970 -0.87684520 0.03848711 0.00000000
-0.86493330 -0.47925930 -0.14900050 0.00000000
0.09489775 1.36427900 -0.20198820 1.00000000

-0.10056250 0.40704060 -0.90785750 0.00000000
0.55152830 -0.73664560 -0.39136950 0.00000000
-0.82807250 -0.54006620 -0.15041550 0.00000000
0.11442730 1.34199600 -0.22927650 1.00000000

-0.05417016 0.43510380 -0.89874920 0.00000000
0.55134420 -0.73739310 -0.39021890 0.00000000
-0.83251740 -0.51665850 -0.19994740 0.00000000
0.18058860 1.25350800 -0.27610280 1.00000000

0.93731450 0.25048000 -0.24228350 0.00000000
-0.32400900 0.88235200 -0.34128120 0.00000000
0.12829520 0.39838980 0.90819930 0.00000000
-0.09957685 1.47141600 -0.06087172 1.00000000

0.99548900 0.08026087 -0.05059543 0.00000000
-0.09380071 0.91267990 -0.39776470 0.00000000
0.01425257 0.40071630 0.91609130 0.00000000
-0.13003370 1.55435700 -0.09295220 1.00000000

0.99548900 0.08026087 -0.05059543 0.00000000
-0.09467275 0.80530730 -0.58524970 0.00000000
-0.00622785 0.58739950 0.80927310 0.00000000
-0.13975450 1.58939000 -0.22864100 1.00000000

0.99548900 0.08026087 -0.05059543 0.00000000
0.09291360 -0.71676110 0.69110120 0.00000000
0.01920360 -0.69268450 -0.72098520 0.00000000
-0.07524395 1.58139200 -0.20237310 1.00000000

0.99548900 0.08026087 -0.05059543 0.00000000
-0.09345138 0.73736130 -0.66900310 0.00000000
-0.01638770 0.67071330 0.74153550 0.00000000
-0.19895130 1.56967100 -0.19432490 1.00000000

0.99548840 0.08032657 -0.05050445 0.00000000
0.09468685 -0.80665770 0.58338500 0.00000000
0.00612167 -0.58553500 -0.81062420 0.00000000
-0.09999412 1.60891400 -0.19449820 1.00000000

0.99548940 0.08022578 -0.05064374 0.00000000
-0.09467268 0.80530490 -0.58525280 0.00000000
-0.00616872 0.58740750 0.80926790 0.00000000
-0.17847970 1.60258700 -0.19050940 1.00000000

0.96398810 0.19653440 -0.17916750 0.00000000
0.26453540 -0.77788760 0.57001050 0.00000000
-0.02734560 -0.59687950 -0.80186490 0.00000000
-0.12074580 1.59423700 -0.23205420 1.00000000

0.97755640 0.18700890 -0.09701017 0.00000000
-0.20834630 0.78990910 -0.57674560 0.00000000
-0.03122741 0.58401320 0.81114350 0.00000000
-0.15610120 1.59194100 -0.23167920 1.00000000

0.98747460 0.12077090 0.10153010 0.00000000
0.07020348 -0.91260880 0.40276160 0.00000000
0.14129910 -0.39058910 -0.90965670 0.00000000
-0.06356585 1.62282900 -0.19687850 1.00000000

0.98795550 0.05401365 -0.14500570 0.00000000
-0.11703670 0.87385400 -0.47189120 0.00000000
0.10122540 0.48317850 0.86965060 0.00000000
-0.21691660 1.61157100 -0.19073800 1.00000000

0.97853660 0.18277800 -0.09517461 0.00000000
0.20368290 -0.78772040 0.58138610 0.00000000
0.03129351 -0.58829320 -0.80804200 0.00000000
-0.10005400 1.60937200 -0.19494830 1.00000000

0.99971450 -0.02328230 -0.00536928 0.00000000
0.01566628 0.80839620 -0.58843010 0.00000000
0.01804066 0.58817800 0.80853020 0.00000000
-0.17848100 1.60259600 -0.19051850 1.00000000

0.99345680 0.09654549 -0.06101131 0.00000000
-0.11412560 0.81896280 -0.56238350 0.00000000
-0.00432962 0.56566670 0.82462260 0.00000000
-0.13469430 1.59159200 -0.12558560 1.00000000

0.95475350 0.25115000 -0.15927860 0.00000000
0.29737430 -0.81305640 0.50050750 0.00000000
-0.00380004 -0.52522660 -0.85095390 0.00000000
-0.11664480 1.50653500 -0.20790320 1.00000000

0.99400090 0.09255589 -0.05827162 0.00000000
-0.10933180 0.82648040 -0.55224680 0.00000000
-0.00295344 0.55530470 0.83164160 0.00000000
-0.13175650 1.50602600 -0.21015320 1.00000000

0.99698480 -0.06602127 0.04077289 0.00000000
0.07759662 0.84877000 -0.52303760 0.00000000
-0.00007525 0.52462450 0.85133370 0.00000000
-0.14921080 1.50530300 -0.20434280 1.00000000

0.99086090 0.11724580 -0.06669301 0.00000000
0.13359580 -0.78477300 0.60521360 0.00000000
0.01861984 -0.60859250 -0.79326440 0.00000000
-0.10953120 1.52157300 -0.19627510 1.00000000

0.99644480 0.07039415 -0.04628602 0.00000000
-0.08401510 0.78945420 -0.60803270 0.00000000
-0.00626117 0.60975970 0.79256170 0.00000000
-0.16007440 1.51794900 -0.19076860 1.00000000

0.98582470 0.15057600 -0.07400173 0.00000000
0.16290600 -0.75354270 0.63689500 0.00000000
0.04013756 -0.63992230 -0.76739080 0.00000000
-0.11885550 1.53035900 -0.21088290 1.00000000

0.99470970 0.08753714 -0.05375776 0.00000000
-0.10162000 0.76191460 -0.63965570 0.00000000
-0.01503482 0.64173450 0.76677950 0.00000000
-0.13387940 1.52724900 -0.21414000 1.00000000

0.99873730 0.03233225 -0.03844938 0.00000000
-0.04961529 0.75485380 -0.65401380 0.00000000
