MeshAnim
1
35
83
30
0.74545310 0.03277160 -0.66575200 0.00000000
-0.08392824 0.99545630 -0.04497450 0.00000000
0.66125320 0.08940177 0.74481650 0.00000000
0.00959507 0.85779880 -0.01478975 1.00000000

0.97644590 0.21574350 -0.00286400 0.00000000
0.19465090 -0.88655290 -0.41968460 0.00000000
-0.09308329 0.40924180 -0.90766550 0.00000000
0.10743660 0.83072630 -0.10562720 1.00000000

0.97644590 0.21574350 -0.00286400 0.00000000
0.20903210 -0.94261430 0.26035350 0.00000000
0.05346996 -0.25481980 -0.96550920 0.00000000
0.18529700 0.47610520 -0.27350100 1.00000000

0.99760330 0.05889735 0.03631422 0.00000000
0.05900377 -0.99825610 -0.00186477 0.00000000
0.03614113 0.00400297 -0.99933870 0.00000000
0.25989540 0.13967900 -0.18287070 1.00000000

0.99738090 0.06481757 0.03209606 0.00000000
0.06361129 -0.99727840 0.03727744 0.00000000
0.03442493 -0.03513813 -0.99878940 0.00000000
0.27099510 0.03621894 -0.31999360 1.00000000

0.49434600 -0.31101620 -0.81172100 0.00000000
0.28978140 0.93934940 -0.18343820 0.00000000
0.81954180 -0.14453970 0.55449020 0.00000000
-0.09014444 0.82203970 0.07082921 1.00000000

0.49434500 -0.31101620 -0.81172160 0.00000000
-0.21895700 0.85914050 -0.46253160 0.00000000
0.84123770 0.40638230 0.35661260 0.00000000
-0.20605720 0.44630090 0.14420500 1.00000000

0.31290840 -0.06881984 -0.94728670 0.00000000
0.02798232 0.99760650 -0.06323239 0.00000000
0.94937110 -0.00672131 0.31408520 0.00000000
-0.12990160 0.13928170 0.30822020 1.00000000

0.31360260 -0.09056035 -0.94522610 0.00000000
-0.10028830 0.98671540 -0.12780850 0.00000000
0.94424370 0.13487620 0.30035430 0.00000000
-0.26289910 0.03626180 0.27177230 1.00000000

0.57906170 -0.14417400 -0.80243470 0.00000000
-0.03832328 0.97833830 -0.20343400 0.00000000
0.81438260 0.14855280 0.56099300 0.00000000
-0.00185309 0.99358460 -0.02092438 1.00000000

0.59661470 -0.11057880 -0.79487310 0.00000000
-0.08586688 0.97598020 -0.20022340 0.00000000
0.79792090 0.18770950 0.57278910 0.00000000
-0.00846497 1.16237600 -0.05602267 1.00000000

0.60176470 -0.43093190 -0.67244100 0.00000000
-0.26372810 0.68750670 -0.67659590 0.00000000
0.75387440 0.58449300 0.30006840 0.00000000
-0.02457459 1.34548200 -0.09358692 1.00000000

-0.08516020 0.76633820 -0.63676830 0.00000000
0.66236450 -0.43388300 -0.61075290 0.00000000
-0.74432620 -0.47378450 -0.47064550 0.00000000
0.00843150 1.40027100 -0.19328630 1.00000000

0.33183030 0.42266640 -0.84335160 0.00000000
0.37490820 -0.87945950 -0.29324910 0.00000000
-0.86564020 -0.21887050 -0.45029230 0.00000000
0.15673450 1.30312500 -0.33003350 1.00000000

0.33854120 0.39377370 -0.85459480 0.00000000
-0.27076540 -0.82904160 -0.48926100 0.00000000
-0.90115270 0.39702960 -0.17404450 0.00000000
0.26228580 1.05552300 -0.41259500 1.00000000

0.45170590 0.24857890 -0.85683750 0.00000000
-0.49543340 -0.72881810 -0.47262060 0.00000000
-0.74196200 0.63799120 -0.20605710 0.00000000
0.19684590 0.85504470 -0.53109650 1.00000000

-0.35881250 -0.11824460 0.92589000 0.00000000
-0.74196200 0.63799130 -0.20605700 0.00000000
-0.56634450 -0.76091100 -0.31665220 0.00000000
0.08656960 0.75893220 -0.55292550 1.00000000

-0.58010090 -0.59734210 -0.55377400 0.00000000
-0.42698080 -0.35596470 0.83125000 0.00000000
-0.69366470 0.71865980 -0.04855803 0.00000000
0.07751507 0.77953790 -0.61265700 1.00000000

-0.10156210 -0.05230618 0.99345340 0.00000000
0.71703000 0.68838040 0.10954680 0.00000000
-0.68960370 0.72346140 -0.03240815 0.00000000
0.05708677 0.76250730 -0.57288690 1.00000000

-0.51551590 -0.73920600 -0.43337990 0.00000000
-0.43005090 -0.21425860 0.87701170 0.00000000
-0.74114780 0.63848880 -0.20744260 0.00000000
0.10601520 0.75408050 -0.60700670 1.00000000

-0.10396020 0.20252160 0.97374390 0.00000000
0.66360170 0.74338200 -0.08376205 0.00000000
-0.74082740 0.63747020 -0.21167590 0.00000000
0.08506208 0.74413870 -0.56292390 1.00000000

-0.49765100 -0.85720580 -0.13244570 0.00000000
-0.29541400 0.02393625 0.95506970 0.00000000
-0.81552080 0.51441740 -0.26514240 0.00000000
0.13277380 0.72881690 -0.59487960 1.00000000

-0.13553360 0.28801140 0.94798760 0.00000000
0.56207380 0.81029460 -0.16581880 0.00000000
-0.81590680 0.51036470 -0.27170570 0.00000000
0.11890640 0.72994060 -0.55004610 1.00000000

-0.54780560 -0.83200440 0.08762571 0.00000000
-0.24753890 0.26124550 0.93299290 0.00000000
-0.79914580 0.48940760 -0.34906520 0.00000000
0.15732930 0.70683600 -0.58270550 1.00000000

0.03727376 0.65022440 0.75882750 0.00000000
0.62571090 0.57688780 -0.52505890 0.00000000
-0.77916400 0.49437720 -0.38534960 0.00000000
0.14720330 0.71864090 -0.54304650 1.00000000

-0.49312240 0.52101400 -0.69668860 0.00000000
-0.76819130 -0.63663870 0.06762612 0.00000000
-0.40830480 0.56853790 0.71417930 0.00000000
0.09829278 0.84600570 -0.55989410 1.00000000

-0.81879890 -0.55234930 -0.15645930 0.00000000
0.42102250 -0.76303830 0.49042100 0.00000000
-0.39026790 0.33568300 0.85732610 0.00000000
0.05169762 0.80900260 -0.55707600 1.00000000

0.42124330 0.35496270 -0.83459910 0.00000000
-0.27076540 -0.82904160 -0.48926100 0.00000000
-0.86558680 0.43207850 -0.25311660 0.00000000
0.22668920 0.94642030 -0.47717090 1.00000000

0.26110800 -0.06891029 -0.96284690 0.00000000
0.22128110 -0.96661530 0.12918770 0.00000000
-0.93960500 -0.24679180 -0.23714240 0.00000000
0.14776340 1.31115600 -0.31746380 1.00000000

0.11145830 0.35678630 -0.92751310 0.00000000
0.37490820 -0.87945950 -0.29324910 0.00000000
-0.92033770 -0.31504720 -0.23178510 0.00000000
0.15673450 1.30312500 -0.33003350 1.00000000

0.16211190 0.37228200 -0.91385230 0.00000000
0.37443580 -0.88004680 -0.29208790 0.00000000
-0.91297200 -0.29482810 -0.28206170 0.00000000
0.20166680 1.19751900 -0.36508410 1.00000000

0.93192120 -0.12237090 -0.34139160 0.00000000
-0.18449130 0.65047500 -0.73678030 0.00000000
0.31222710 0.74960480 0.58361520 0.00000000
-0.06413399 1.44860800 -0.19507730 1.00000000

0.99375000 0.08745363 -0.06937659 0.00000000
-0.09187177 0.99375840 -0.06327498 0.00000000
0.06340981 0.06925327 0.99558190 0.00000000
-0.08147607 1.50975300 -0.26433470 1.00000000

0.99375000 0.08745363 -0.06937659 0.00000000
-0.10334750 0.95568900 -0.27564090 0.00000000
0.04219663 0.28108780 0.95875390 0.00000000
-0.09645652 1.58842200 -0.37974670 1.00000000

0.99375000 0.08745363 -0.06937659 0.00000000
0.10817300 -0.90788550 0.40502250 0.00000000
-0.02756518 -0.40999560 -0.91167100 0.00000000
-0.03102955 1.57172400 -0.36087720 1.00000000

0.99375000 0.08745363 -0.06937659 0.00000000
-0.10729080 0.91985760 -0.37729410 0.00000000
0.03082076 0.38237930 0.92349120 0.00000000
-0.15448000 1.55861900 -0.35118570 1.00000000

0.99375440 0.08748277 -0.06927621 0.00000000
0.10325010 -0.95633360 0.27343370 0.00000000
-0.04233047 -0.27887850 -0.95939300 0.00000000
-0.05481371 1.59512300 -0.34302060 1.00000000

0.99374760 0.08743796 -0.06942984 0.00000000
-0.10334760 0.95568810 -0.27564410 0.00000000
0.04225150 0.28109600 0.95874910 0.00000000
-0.13316220 1.58822900 -0.33755090 1.00000000

0.95906360 0.24035160 -0.14976100 0.00000000
0.27291300 -0.92562010 0.26219510 0.00000000
-0.07560268 -0.29233350 -0.95332350 0.00000000
-0.07751884 1.59403700 -0.38226090 1.00000000

0.97605620 0.20368420 -0.07633469 0.00000000
-0.21683430 0.93891560 -0.26724590 0.00000000
0.01723793 0.27739900 0.96060010 0.00000000
-0.11286380 1.59193100 -0.38094850 1.00000000

0.99335610 0.07449105 0.08771983 0.00000000
0.06852631 -0.99524980 0.06915440 0.00000000
0.09245458 -0.06268375 -0.99374210 0.00000000
-0.01823849 1.60884000 -0.34237240 1.00000000

0.98147850 0.09452092 -0.16663100 0.00000000
-0.11919510 0.98224040 -0.14490130 0.00000000
0.14997540 0.16207910 0.97531410 0.00000000
-0.17137110 1.59696500 -0.33286950 1.00000000

0.97702640 0.19907750 -0.07607603 0.00000000
0.21242910 -0.93839070 0.27257430 0.00000000
-0.01712567 -0.28247280 -0.95912240 0.00000000
-0.05488365 1.59570600 -0.34328740 1.00000000

0.99776890 -0.02528836 -0.06179011 0.00000000
0.00678273 0.95909710 -0.28299600 0.00000000
0.06641901 0.28194540 0.95712860 0.00000000
-0.13316370 1.58824100 -0.33755630 1.00000000

0.99160550 0.10630260 -0.07360983 0.00000000
-0.12147140 0.96096060 -0.24859490 0.00000000
0.04430977 0.25544960 0.96580640 0.00000000
-0.08678464 1.55581600 -0.28230860 1.00000000

0.95188650 0.28514580 -0.11226870 0.00000000
0.30187970 -0.93553870 0.18340130 0.00000000
-0.05273548 -0.20846870 -0.97660610 0.00000000
-0.07422132 1.50330100 -0.38917750 1.00000000

0.99218520 0.10162140 -0.07239828 0.00000000
-0.11607350 0.96460690 -0.23677070 0.00000000
0.04577482 0.24332380 0.96886440 0.00000000
-0.08942548 1.50365600 -0.39072540 1.00000000

0.99617790 -0.08103987 -0.03259370 0.00000000
0.07239918 0.97480990 -0.21096000 0.00000000
0.04886883 0.20779390 0.97695110 0.00000000
-0.10661630 1.50111200 -0.38464790 1.00000000

0.98920190 0.12772120 -0.07188022 0.00000000
0.14354660 -0.94326510 0.29940860 0.00000000
-0.02956125 -0.30649360 -0.95141360 0.00000000
-0.06628006 1.51351600 -0.37353960 1.00000000

0.99468540 0.07670752 -0.06868097 0.00000000
-0.09405115 0.94836520 -0.30291580 0.00000000
0.04189873 0.30776540 0.95053940 0.00000000
-0.11659510 1.50851300 -0.36710210 1.00000000

0.98455830 0.16159370 -0.06732270 0.00000000
0.17489220 -0.92465870 0.33825920 0.00000000
-0.00758985 -0.34481000 -0.93864190 0.00000000
-0.07605372 1.52675100 -0.38387640 1.00000000

0.99298640 0.09537347 -0.06987116 0.00000000
-0.11362430 0.93315460 -0.34104560 0.00000000
0.03267369 0.34659270 0.93744660 0.00000000
-0.09127010 1.52499500 -0.38724890 1.00000000

0.99651120 0.03821556 -0.07419574 0.00000000
-0.06247005 0.93106420 -0.35946750 0.00000000
0.05534363 0.36284840 0.93020330 0.00000000
-0.10890150 1.52450900 -0.38003590 1.00000000

0.99371220 0.08786073 -0.06940243 0.00000000
0.10837000 -0.91055910 0.39892140 0.00000000
-0.02814549 -0.40393410 -0.91435500 0.00000000
-0.07689413 1.55654600 -0.37774710 1.00000000

0.99371220 0.08786073 -0.06940243 0.00000000
-0.10836990 0.91055910 -0.39892130 0.00000000
0.02814546 0.40393400 0.91435500 0.00000000
-0.09483174 1.55462600 -0.39907880 1.00000000

0.99371220 0.08786073 -0.06940243 0.00000000
-0.10836990 0.91055910 -0.39892130 0.00000000
0.02814546 0.40393400 0.91435500 0.00000000
-0.10972100 1.55301400 -0.37541090 1.00000000

0.99375000 0.08745363 -0.06937659 0.00000000
0.10634400 -0.55268600 0.82657670 0.00000000
0.03394380 -0.82878820 -0.55853210 0.00000000
-0.08128984 1.58175400 -0.17090460 1.00000000

0.99375000 0.08745363 -0.06937659 0.00000000
-0.09435902 0.99014840 -0.10345300 0.00000000
0.05964559 0.10935270 0.99221180 0.00000000
-0.09621289 1.65780300 -0.28879480 1.00000000

0.47542230 -0.80958130 0.34431320 0.00000000
0.41079700 -0.14179880 -0.90063270 0.00000000
0.77795850 0.56962360 0.26515920 0.00000000
-0.06774367 1.45482000 -0.10816310 1.00000000

-0.13716240 -0.75371560 -0.64272800 0.00000000
0.52439790 0.49522240 -0.69264840 0.00000000
0.84035310 -0.43205050 0.32732110 0.00000000
-0.15972100 1.48656900 0.09348860 1.00000000

-0.09454146 -0.72731730 -0.67975830 0.00000000
0.93320940 -0.30252680 0.19390150 0.00000000
-0.34667310 -0.61602500 0.70734080 0.00000000
-0.30735520 1.34714900 0.28849400 1.00000000

0.10036020 -0.34913450 -0.93168280 0.00000000
0.89088620 -0.38540210 0.24038930 0.00000000
-0.44300080 -0.85414890 0.27236020 0.00000000
-0.53308790 1.42045700 0.24170530 1.00000000

-0.25671650 0.40428160 0.87786870 0.00000000
-0.40408190 -0.87000810 0.28249550 0.00000000
0.87796070 -0.28220920 0.38670830 0.00000000
-0.62529840 1.47213700 0.15375610 1.00000000

0.76794430 -0.63901840 0.04378542 0.00000000
0.12814440 0.22025630 0.96698810 0.00000000
-0.62756720 -0.73698230 0.25103150 0.00000000
-0.64351790 1.52716800 0.18682960 1.00000000

0.42426540 -0.08057514 0.90194590 0.00000000
-0.67808200 0.63187920 0.37541090 0.00000000
-0.60016970 -0.77086710 0.21344800 0.00000000
-0.64964900 1.51663000 0.14056510 1.00000000

0.80618520 -0.58835070 -0.06252080 0.00000000
0.18594940 0.15163590 0.97078810 0.00000000
-0.56168340 -0.79426080 0.23165010 0.00000000
-0.66233860 1.49551300 0.19849370 1.00000000

0.41011270 -0.05705422 0.91024850 0.00000000
-0.73866870 0.56462320 0.36819780 0.00000000
-0.53495460 -0.82337450 0.18941510 0.00000000
-0.67080850 1.48742900 0.15007880 1.00000000

0.89074070 -0.44423030 -0.09612691 0.00000000
0.19629600 0.18524020 0.96288840 0.00000000
-0.40993760 -0.87655310 0.25220170 0.00000000
-0.67840820 1.46083100 0.20483880 1.00000000

0.61349750 -0.08092465 0.78553950 0.00000000
-0.68851050 0.43235160 0.58225890 0.00000000
-0.38674850 -0.89806640 0.20952930 0.00000000
-0.68762300 1.45213600 0.15963830 1.00000000

0.88923440 -0.40640550 -0.20999250 0.00000000
0.25276970 0.05392154 0.96602280 0.00000000
-0.38127400 -0.91210030 0.15067590 0.00000000
-0.69162820 1.42874000 0.21028490 1.00000000

0.72449710 -0.19985780 0.65966730 0.00000000
-0.59350430 0.30579010 0.74447640 0.00000000
-0.35050920 -0.93088630 0.10292750 0.00000000
-0.70167340 1.42614100 0.16896850 1.00000000

-0.87265660 -0.37506900 -0.31271980 0.00000000
-0.30106760 -0.09097493 0.94925360 0.00000000
-0.38448520 0.92252220 -0.03353126 0.00000000
-0.55676170 1.50091200 0.18641920 1.00000000

-0.25053780 -0.12369140 0.96017270 0.00000000
0.88897290 0.36334150 0.27876590 0.00000000
-0.38335160 0.92340890 0.01892759 0.00000000
-0.53732130 1.50697900 0.13044130 1.00000000

-0.00110331 -0.54202470 -0.84036200 0.00000000
0.93320940 -0.30252680 0.19390150 0.00000000
-0.35933150 -0.78401960 0.50615620 0.00000000
-0.43023400 1.38711200 0.26307450 1.00000000

0.61477460 -0.55060840 -0.56469680 0.00000000
0.33541960 0.83053210 -0.44464640 0.00000000
0.71382490 0.08394688 0.69527480 0.00000000
-0.13822070 1.48524000 0.05921702 1.00000000

0.42360410 -0.85739110 -0.29230130 0.00000000
0.52439790 0.49522240 -0.69264840 0.00000000
0.73862460 0.14012640 0.65939220 0.00000000
-0.15972100 1.48656900 0.09348860 1.00000000

0.39196160 -0.86208630 -0.32120590 0.00000000
0.52459950 0.49625910 -0.69175320 0.00000000
0.75575230 0.10263620 0.64676460 0.00000000
-0.22267290 1.42701800 0.17649900 1.00000000

0.74606030 0.05889829 -0.66326850 0.00000000
0.02556673 0.99281220 0.11691990 0.00000000
0.66538750 -0.10418690 0.73919180 0.00000000
-0.05883185 0.97708680 -0.19384310 1.00000000

0.74542230 0.03184873 -0.66583130 0.00000000
0.03437655 0.99569210 0.08611278 0.00000000
0.66570560 -0.08707939 0.74111630 0.00000000
-0.17123820 0.98025120 -0.10514840 1.00000000

0.56812180 -0.00685519 -0.82291600 0.00000000
-0.08579385 -0.99500990 -0.05094127 0.00000000
-0.81846030 0.09954200 -0.56587490 0.00000000
-0.09475958 0.99482600 0.09508439 1.00000000

1.00000000 0.00000000 0.00000000 0.00000000
0.00000000 1.00000000 0.00000000 0.00000000
0.00000000 0.00000000 1.00000000 0.00000000
0.00000000 0.00000000 0.00000000 1.00000000

1.00000000 0.00000000 0.00000000 0.00000000
0.00000000 1.00000000 0.00000000 0.00000000
0.00000000 0.00000000 1.00000000 0.00000000
0.00000000 0.00000000 0.00000000 1.00000000

0.99375000 0.08745363 -0.06937659 0.00000000
-0.09435908 0.99014840 -0.10345310 0.00000000
0.05964568 0.10935280 0.99221180 0.00000000
-0.08061267 1.49704500 -0.26798390 1.00000000

0.74475040 0.03083563 -0.66663030 0.00000000
-0.08305767 0.99544780 -0.04674551 0.00000000
0.66215430 0.09018250 0.74392130 0.00000000
0.01010276 0.85795860 -0.02583285 1.00000000

0.97658840 0.21510940 -0.00181693 0.00000000
0.19442330 -0.88622590 -0.42048000 0.00000000
-0.09205952 0.41028260 -0.90730010 0.00000000
0.10781930 0.83062570 -0.11672680 1.00000000

0.97658840 0.21510940 -0.00181693 0.00000000
0.20813640 -0.94272950 0.26065390 0.00000000
0.05435619 -0.25492970 -0.96543070 0.00000000
0.18558860 0.47613530 -0.28491880 1.00000000

0.99760570 0.05887941 0.03628102 0.00000000
0.05898747 -0.99825710 -0.00191289 0.00000000
0.03610510 0.00404844 -0.99933980 0.00000000
0.25986980 0.13966780 -0.19418120 1.00000000

0.99738300 0.06479984 0.03206322 0.00000000
0.06359641 -0.99728110 0.03722930 0.00000000
0.03438830 -0.03509271 -0.99879230 0.00000000
0.27096280 0.03621393 -0.33130930 1.00000000

0.49370380 -0.31109660 -0.81208100 0.00000000
0.29009740 0.93924970 -0.18344870 0.00000000
0.81981710 -0.14501330 0.55395950 0.00000000
-0.08957553 0.82245220 0.05996236 1.00000000

0.49370290 -0.31109660 -0.81208160 0.00000000
-0.21770990 0.85987190 -0.46176050 0.00000000
0.84193830 0.40477060 0.35679230 0.00000000
-0.20561470 0.44675330 0.13334240 1.00000000

0.31400080 -0.07002750 -0.94683670 0.00000000
0.02880011 0.99751990 -0.06422500 0.00000000
0.94898580 -0.00710225 0.31523890 0.00000000
-0.12990510 0.13947710 0.29708250 1.00000000

0.31467630 -0.09176635 -0.94475270 0.00000000
-0.09940054 0.98665740 -0.12894480 0.00000000
0.94398000 0.13448480 0.30135610 0.00000000
-0.26293490 0.03651839 0.26057990 1.00000000

0.57795160 -0.14577240 -0.80294600 0.00000000
-0.03855123 0.97794130 -0.20529100 0.00000000
0.81516000 0.14960280 0.55958310 0.00000000
-0.00122665 0.99374330 -0.03220906 1.00000000

0.59521450 -0.11214880 -0.79570230 0.00000000
-0.08563022 0.97572260 -0.20157600 0.00000000
0.79899130 0.18811710 0.57116090 0.00000000
-0.00787786 1.16246700 -0.06762773 1.00000000

0.59991250 -0.43246930 -0.67310860 0.00000000
-0.26419550 0.68704080 -0.67688660 0.00000000
0.75518580 0.58390500 0.29790790 0.00000000
-0.02394307 1.34552400 -0.10544570 1.00000000

-0.08563724 0.76652840 -0.63647500 0.00000000
0.65998630 -0.43491860 -0.61258790 0.00000000
-0.74638090 -0.47252520 -0.46865300 0.00000000
0.00893610 1.40015500 -0.20527370 1.00000000

0.32934080 0.41997050 -0.84567110 0.00000000
0.37163170 -0.88100260 -0.29278730 0.00000000
-0.86800050 -0.21785150 -0.44622430 0.00000000
0.15670660 1.30277700 -0.34243170 1.00000000

0.33593750 0.39103650 -0.85687600 0.00000000
-0.27346550 -0.83006510 -0.48601320 0.00000000
-0.90131190 0.39759590 -0.17191510 0.00000000
0.26133550 1.05474100 -0.42486320 1.00000000

0.44706420 0.24602700 -0.86000250 0.00000000
-0.49936740 -0.72902030 -0.46814740 0.00000000
-0.74213620 0.63874910 -0.20306110 0.00000000
0.19524180 0.85401400 -0.54257930 1.00000000

-0.35355820 -0.11569630 0.92823020 0.00000000
-0.74213620 0.63874900 -0.20306100 0.00000000
-0.56941260 -0.76066700 -0.31169720 0.00000000
0.08468546 0.75803350 -0.56355570 1.00000000

-0.58429930 -0.59758080 -0.54908310 0.00000000
-0.42266180 -0.35350670 0.83449980 0.00000000
-0.69278550 0.71967380 -0.04602087 0.00000000
0.07531340 0.77852680 -0.62327680 1.00000000

-0.09581000 -0.05002998 0.99414160 0.00000000
0.71876300 0.68745300 0.10386660 0.00000000
-0.68862200 0.72450360 -0.02990526 0.00000000
0.05509172 0.76161380 -0.58335130 1.00000000

-0.51923560 -0.73929230 -0.42876740 0.00000000
-0.42523610 -0.21169890 0.87997590 0.00000000
-0.74132920 0.63924220 -0.20445220 0.00000000
0.10380540 0.75303550 -0.61773950 1.00000000

-0.09791571 0.20475900 0.97390250 0.00000000
0.66428870 0.74212970 -0.08924246 0.00000000
-0.74103530 0.63821420 -0.20868520 0.00000000
0.08309558 0.74322140 -0.57351330 1.00000000

-0.49979290 -0.85668090 -0.12769200 0.00000000
-0.28976170 0.02644358 0.95673350 0.00000000
-0.81623860 0.51516870 -0.26144950 0.00000000
0.13059430 0.72775460 -0.60571570 1.00000000

-0.12950270 0.29024460 0.94814930 0.00000000
0.56238810 0.80903150 -0.17084470 0.00000000
-0.81666960 0.51110280 -0.26800190 0.00000000
0.11699210 0.72899590 -0.56080400 1.00000000

-0.54861390 -0.83093050 0.09261578 0.00000000
-0.24163700 0.26362790 0.93386940 0.00000000
-0.80039660 0.48995420 -0.34541340 0.00000000
0.15518560 0.70575980 -0.59363900 1.00000000

0.04277074 0.65177530 0.75720530 0.00000000
0.62354020 0.57475920 -0.52995250 0.00000000
-0.78062050 0.49481430 -0.38182510 0.00000000
0.14531160 0.71766560 -0.55394670 1.00000000

-0.49636960 0.52032730 -0.69489330 0.00000000
-0.76880000 -0.63525240 0.07349274 0.00000000
-0.40319230 0.57071360 0.71534740 0.00000000
0.09650709 0.84507300 -0.57077880 1.00000000

-0.82058740 -0.55135770 -0.15047130 0.00000000
0.42267210 -0.76267290 0.48956990 0.00000000
-0.38468830 0.33813470 0.85888280 0.00000000
0.04987000 0.80815140 -0.56760820 1.00000000

0.41791970 0.35255680 -0.83728530 0.00000000
-0.27346550 -0.83006510 -0.48601320 0.00000000
-0.86634870 0.43208310 -0.25048850 0.00000000
0.22538290 0.94550250 -0.48901180 1.00000000

0.25764520 -0.07148278 -0.96359180 0.00000000
0.21922140 -0.96692910 0.13034580 0.00000000
-0.94104270 -0.24482310 -0.23345410 0.00000000
0.14790630 1.31071700 -0.32998590 1.00000000

0.10921650 0.35467260 -0.92858980 0.00000000
0.37163170 -0.88100260 -0.29278730 0.00000000
-0.92193380 -0.31311620 -0.22802750 0.00000000
0.15670660 1.30277700 -0.34243170 1.00000000

0.15994350 0.37005960 -0.91513600 0.00000000
0.37116270 -0.88158650 -0.29162270 0.00000000
-0.91468930 -0.29302130 -0.27835640 0.00000000
0.20124620 1.19698600 -0.37742640 1.00000000

0.93129830 -0.12345420 -0.34269880 0.00000000
-0.18513030 0.64982550 -0.73719300 0.00000000
0.31370400 0.74999060 0.58232620 0.00000000
-0.06357259 1.44858000 -0.20697970 1.00000000

0.99390260 0.08551679 -0.06960359 0.00000000
-0.08995346 0.99393120 -0.06331819 0.00000000
0.06376642 0.06919313 0.99556320 0.00000000
-0.08097474 1.50966400 -0.27627590 1.00000000

0.99390260 0.08551679 -0.06960359 0.00000000
-0.10155040 0.95587060 -0.27567890 0.00000000
0.04295689 0.28106640 0.95872630 0.00000000
-0.09582794 1.58835500 -0.39168960 1.00000000

0.99390260 0.08551679 -0.06960359 0.00000000
0.10649780 -0.90806820 0.40505640 0.00000000
-0.02856573 -0.40999930 -0.91163860 0.00000000
-0.03042935 1.57153100 -0.37283360 1.00000000

0.99390260 0.08551679 -0.06960359 0.00000000
-0.10558610 0.92004040 -0.37732900 0.00000000
0.03177020 0.38237740 0.92345990 0.00000000
-0.15390280 1.55866700 -0.36311380 1.00000000

0.99390710 0.08554593 -0.06950343 0.00000000
0.10145130 -0.95651510 0.27347180 0.00000000
-0.04308665 -0.27885680 -0.95936580 0.00000000
-0.05416395 1.59497700 -0.35497320 1.00000000

0.99390000 0.08550110 -0.06965700 0.00000000
-0.10155050 0.95586970 -0.27568220 0.00000000
0.04301196 0.28107420 0.95872170 0.00000000
-0.13252450 1.58823500 -0.34948560 1.00000000

0.95949550 0.23847680 -0.14999020 0.00000000
0.27117120 -0.92613220 0.26219350 0.00000000
-0.07638365 -0.29224650 -0.95328770 0.00000000
-0.07687993 1.59393200 -0.39420840 1.00000000

0.97643330 0.20178110 -0.07656547 0.00000000
-0.21506780 0.93931840 -0.26725770 0.00000000
0.01799157 0.27742610 0.96057850 0.00000000
-0.11222860 1.59189500 -0.39288810 1.00000000

0.99351860 0.07256497 0.08749363 0.00000000
0.06660634 -0.99537680 0.06920278 0.00000000
0.09211090 -0.06292655 -0.99375860 0.00000000
-0.01756202 1.60862200 -0.35433400 1.00000000

0.98162310 0.09260177 -0.16685600 0.00000000
-0.11731720 0.98246100 -0.14493760 0.00000000
0.15050790 0.16184930 0.97527030 0.00000000
-0.17071530 1.59704700 -0.34479620 1.00000000

0.97739460 0.19717260 -0.07630652 0.00000000
0.21066480 -0.93878470 0.27258690 0.00000000
-0.01788872 -0.28250010 -0.95910040 0.00000000
-0.05423282 1.59556000 -0.35524000 1.00000000

0.99770390 -0.02723227 -0.06201088 0.00000000
0.00858454 0.95906420 -0.28305880 0.00000000
0.06718066 0.28187660 0.95709570 0.00000000
-0.13252590 1.58824700 -0.34949100 1.00000000

0.99179390 0.10436970 -0.07383770 0.00000000
-0.11965810 0.96117910 -0.24862950 0.00000000
0.04502186 0.25542440 0.96578020 0.00000000
-0.08619774 1.55573600 -0.29425160 1.00000000

0.95241400 0.28328730 -0.11249910 0.00000000
0.30010090 -0.93611220 0.18339390 0.00000000
-0.05335855 -0.20842790 -0.97658100 0.00000000
-0.07376043 1.50319000 -0.40111990 1.00000000

0.99236480 0.09968739 -0.07262588 0.00000000
-0.11425050 0.96481590 -0.23680660 0.00000000
0.04646403 0.24329610 0.96883850 0.00000000
-0.08896418 1.50357400 -0.40266440 1.00000000

0.99601100 -0.08297873 -0.03281072 0.00000000
0.07424749 0.97465380 -0.21103850 0.00000000
0.04949063 0.20776060 0.97692690 0.00000000
-0.10615850 1.50106400 -0.39658300 1.00000000

0.98943240 0.12579300 -0.07210904 0.00000000
0.14177890 -0.94352340 0.29943690 0.00000000
-0.03036928 -0.30649610 -0.95138720 0.00000000
-0.06579579 1.51339000 -0.38548450 1.00000000

0.99481730 0.07476893 -0.06890765 0.00000000
-0.09227444 0.94852700 -0.30295550 0.00000000
0.04270908 0.30774380 0.95051010 0.00000000
-0.11611900 1.50848600 -0.37903540 1.00000000

0.98485570 0.15967480 -0.06755254 0.00000000
0.17316930 -0.92497560 0.33827950 0.00000000
-0.00846976 -0.34485440 -0.93861800 0.00000000
-0.07554601 1.52664300 -0.39581990 1.00000000

0.99315430 0.09343804 -0.07009858 0.00000000
-0.11188570 0.93335200 -0.34108000 0.00000000
0.03355682 0.34658820 0.93741690 0.00000000
-0.09076652 1.52491700 -0.39918890 1.00000000

0.99656700 0.03627316 -0.07442036 0.00000000
-0.06073976 0.93116100 -0.35951320 0.00000000
0.05625653 0.36279920 0.93016760 0.00000000
-0.10839720 1.52446600 -0.39197190 1.00000000

0.99386560 0.08592391 -0.06962970 0.00000000
0.10668810 -0.91074260 0.39895550 0.00000000
-0.02913478 -0.40393670 -0.91432290 0.00000000
-0.07632710 1.55644100 -0.38969240 1.00000000

0.99386560 0.08592391 -0.06962970 0.00000000
-0.10668810 0.91074260 -0.39895530 0.00000000
0.02913478 0.40393660 0.91432290 0.00000000
-0.09427321 1.55455400 -0.41101990 1.00000000

0.99386560 0.08592391 -0.06962970 0.00000000
-0.10668810 0.91074260 -0.39895530 0.00000000
0.02913478 0.40393660 0.91432290 0.00000000
-0.10916030 1.55297200 -0.38734860 1.00000000

0.99390260 0.08551679 -0.06960359 0.00000000
0.10545360 -0.55283940 0.82658840 0.00000000
0.03220749 -0.82888820 -0.55848650 0.00000000
-0.08062766 1.58167100 -0.18285050 1.00000000

0.99390260 0.08551679 -0.06960359 0.00000000
-0.09245664 0.99032350 -0.10349540 0.00000000
0.06007943 0.10929970 0.99219160 0.00000000
-0.09542911 1.65774100 -0.30074230 1.00000000

0.47433920 -0.80966310 0.34561250 0.00000000
0.40964280 -0.14449680 -0.90072950 0.00000000
0.77922720 0.56882900 0.26313200 0.00000000
-0.06700460 1.45489900 -0.12006600 1.00000000

-0.13783180 -0.75466820 -0.64146580 0.00000000
0.52378310 0.49413850 -0.69388650 0.00000000
0.84062680 -0.43162860 0.32717440 0.00000000
-0.15872350 1.48725100 0.08160741 1.00000000

-0.09524378 -0.72832920 -0.67857580 0.00000000
0.93275990 -0.30339020 0.19471410 0.00000000
-0.34768920 -0.61440300 0.70825220 0.00000000
-0.30618470 1.34813700 0.27696140 1.00000000

0.09984916 -0.35059410 -0.93118940 0.00000000
0.88986810 -0.38723530 0.24121300 0.00000000
-0.44515730 -0.85272070 0.27331750 0.00000000
-0.53180850 1.42165400 0.22997580 1.00000000

-0.25605280 0.40604790 0.87724700 0.00000000
-0.40628050 -0.86866060 0.28348740 0.00000000
0.87713930 -0.28382020 0.38739220 0.00000000
-0.62386280 1.47344100 0.14192620 1.00000000

0.76638470 -0.64081130 0.04489678 0.00000000
0.12833130 0.22121150 0.96674530 0.00000000
-0.62943300 -0.73513710 0.25176920 0.00000000
-0.64196120 1.52855800 0.17492100 1.00000000

0.42374860 -0.08041838 0.90220300 0.00000000
-0.67668930 0.63400380 0.37434080 0.00000000
-0.60210390 -0.76913730 0.21424010 0.00000000
-0.64810120 1.51797500 0.12866820 1.00000000

0.80478550 -0.59037510 -0.06146193 0.00000000
0.18596910 0.15245680 0.97065570 0.00000000
-0.56368060 -0.79259970 0.23248650 0.00000000
-0.66086240 1.49696500 0.18661980 1.00000000

0.40964970 -0.05685257 0.91046960 0.00000000
-0.73743530 0.56688480 0.36719380 0.00000000
-0.53700720 -0.82183310 0.19029910 0.00000000
-0.66933450 1.48883800 0.13821250 1.00000000

0.88970050 -0.44650320 -0.09522602 0.00000000
0.19639950 0.18602570 0.96271590 0.00000000
-0.41214130 -0.87523110 0.25320010 0.00000000
-0.67701770 1.46233000 0.19300440 1.00000000

0.61302060 -0.08137668 0.78586490 0.00000000
-0.68767270 0.43477280 0.58144570 0.00000000
-0.38898880 -0.89685610 0.21056410 0.00000000
-0.68623750 1.45359800 0.14781210 1.00000000

0.88832590 -0.40882390 -0.20914160 0.00000000
0.25255510 0.05457523 0.96604220 0.00000000
-0.38352720 -0.91097990 0.15173120 0.00000000
-0.69031720 1.43027800 0.19848770 1.00000000

0.72377790 -0.20074180 0.66018830 0.00000000
-0.59302990 0.30819460 0.74386270 0.00000000
-0.35279080 -0.92990260 0.10401850 0.00000000
-0.70035390 1.42764900 0.15717120 1.00000000

-0.87344780 -0.37337150 -0.31254260 0.00000000
-0.30162430 -0.08900641 0.94926340 0.00000000
-0.38224630 0.92340230 -0.03487547 0.00000000
-0.55526840 1.50209300 0.17457620 1.00000000

-0.25117760 -0.12183040 0.96024360 0.00000000
0.88974780 0.36156020 0.27860990 0.00000000
-0.38112910 0.92435490 0.01758261 0.00000000
-0.53579370 1.50804000 0.11859740 1.00000000

-0.00151712 -0.54342340 -0.83945730 0.00000000
0.93275990 -0.30339020 0.19471410 0.00000000
-0.36049530 -0.78271670 0.50734380 0.00000000
-0.42900420 1.38821400 0.25143470 1.00000000

0.61419530 -0.55150660 -0.56445080 0.00000000
0.33506700 0.82983580 -0.44620960 0.00000000
0.71448890 0.08493101 0.69447270 0.00000000
-0.13735950 1.48580100 0.04751501 1.00000000

0.42325730 -0.85786400 -0.29141450 0.00000000
0.52378310 0.49413850 -0.69388650 0.00000000
0.73925950 0.14105460 0.65848250 0.00000000
-0.15872350 1.48725100 0.08160741 1.00000000

0.39158720 -0.86260010 -0.32028190 0.00000000
0.52398570 0.49517650 -0.69299300 0.00000000
0.75637200 0.10354400 0.64589480 0.00000000
-0.22160180 1.42783000 0.16476660 1.00000000

0.74538450 0.05696635 -0.66419640 0.00000000
0.02661281 0.99300510 0.11503320 0.00000000
0.66610350 -0.10342010 0.73865450 0.00000000
-0.05841078 0.97697480 -0.20503390 1.00000000

0.74471870 0.02991264 -0.66670790 0.00000000
0.03539139 0.99581920 0.08421110 0.00000000
0.66643950 -0.08630931 0.74054650 0.00000000
-0.17071650 0.98040920 -0.11622190 1.00000000

0.56720980 -0.00892085 -0.82352510 0.00000000
-0.08676933 -0.99502350 -0.04898451 0.00000000
-0.81898980 0.09924123 -0.56516120 0.00000000
-0.09399937 0.99526640 0.08392716 1.00000000

1.00000000 0.00000000 0.00000000 0.00000000
0.00000000 1.00000000 0.00000000 0.00000000
0.00000000 0.00000000 1.00000000 0.00000000
0.00000000 0.00000000 0.00000000 1.00000000

1.00000000 0.00000000 0.00000000 0.00000000
0.00000000 1.00000000 0.00000000 0.00000000
0.00000000 0.00000000 1.00000000 0.00000000
0.00000000 0.00000000 0.00000000 1.00000000

0.99390260 0.08551679 -0.06960359 0.00000000
-0.09245668 0.99032340 -0.10349550 0.00000000
0.06007951 0.10929970 0.99219150 0.00000000
-0.08013687 1.49695400 -0.27992450 1.00000000

0.74402980 0.02885120 -0.66752320 0.00000000
-0.08216532 0.99543510 -0.04855853 0.00000000
0.66307500 0.09097625 0.74300400 0.00000000
0.01064075 0.85812810 -0.03718691 1.00000000

0.97673050 0.21446910 -0.00075093 0.00000000
0.19419630 -0.88588010 -0.42131310 0.00000000
-0.09102398 0.41136350 -0.90691520 0.00000000
0.10822910 0.83052830 -0.12813790 1.00000000

0.97673050 0.21446910 -0.00075093 0.00000000
0.20723170 -0.94285660 0.26091570 0.00000000
0.05525026 -0.25500000 -0.96536150 0.00000000
0.18590760 0.47617630 -0.29666320 1.00000000

0.99760800 0.05885250 0.03625754 0.00000000
0.05896360 -0.99825830 -0.00200003 0.00000000
0.03607661 0.00413315 -0.99934050 0.00000000
0.25986850 0.13966340 -0.20583220 1.00000000

0.99738560 0.06477331 0.03204012 0.00000000
0.06357373 -0.99728580 0.03714199 0.00000000
0.03435883 -0.03500800 -0.99879630 0.00000000
0.27095510 0.03622109 -0.34296940 1.00000000

0.49305670 -0.31117750 -0.81244300 0.00000000
0.29042400 0.93914770 -0.18345420 0.00000000
0.82009080 -0.14549960 0.55342650 0.00000000
-0.08897473 0.82288090 0.04878791 1.00000000

0.49305580 -0.31117750 -0.81244360 0.00000000
-0.21644420 0.86060910 -0.46098130 0.00000000
0.84264330 0.40313820 0.35697580 0.00000000
-0.20514460 0.44722270 0.12217010 1.00000000

0.31510620 -0.07127578 -0.94637620 0.00000000
0.02962450 0.99742870 -0.06525698 0.00000000
0.94859390 -0.00747306 0.31640750 0.00000000
-0.12988740 0.13968740 0.28563220 1.00000000

0.31576290 -0.09301291 -0.94426820 0.00000000
-0.09850487 0.98659270 -0.13012200 0.00000000
0.94371100 0.13410280 0.30236720 0.00000000
-0.26294950 0.03678900 0.24907690 1.00000000

0.57681640 -0.14742130 -0.80346110 0.00000000
-0.03876011 0.97753320 -0.20718700 0.00000000
0.81595370 0.15065110 0.55814330 0.00000000
-0.00056694 0.99391100 -0.04381043 1.00000000

0.59379040 -0.11377020 -0.79653580 0.00000000
-0.08537408 0.97545620 -0.20296910 0.00000000
0.80007760 0.18852460 0.56950350 0.00000000
-0.00725419 1.16256400 -0.07955621 1.00000000

0.59803090 -0.43405180 -0.67376420 0.00000000
-0.26466040 0.68655160 -0.67720140 0.00000000
0.75651430 0.58330610 0.29570280 0.00000000
-0.02327135 1.34557100 -0.11763560 1.00000000

-0.08610535 0.76670270 -0.63620220 0.00000000
0.65756860 -0.43599240 -0.61442180 0.00000000
-0.74845810 -0.47125160 -0.46661830 0.00000000
0.00947976 1.40003800 -0.21759490 1.00000000

0.32679110 0.41717780 -0.84803900 0.00000000
0.36828820 -0.88258320 -0.29225160 0.00000000
-0.87038600 -0.21681750 -0.44206210 0.00000000
0.15670900 1.30242000 -0.35516360 1.00000000

0.33327140 0.38820170 -0.85920290 0.00000000
-0.27621780 -0.83111460 -0.48265160 0.00000000
-0.90146230 0.39818110 -0.16975860 0.00000000
0.26039650 1.05393900 -0.43744420 1.00000000

0.44229540 0.24337900 -0.86321580 0.00000000
-0.50338090 -0.72921590 -0.46352130 0.00000000
-0.74228230 0.63953970 -0.20001650 0.00000000
0.19363670 0.85295810 -0.55434770 1.00000000

-0.34816480 -0.11305450 0.93059130 0.00000000
-0.74228240 0.63953970 -0.20001640 0.00000000
-0.57253720 -0.76039990 -0.30658350 0.00000000
0.08279710 0.75711660 -0.57444650 1.00000000

-0.58857940 -0.59781350 -0.54423670 0.00000000
-0.41822500 -0.35095550 0.83780550 0.00000000
-0.69185440 0.72072850 -0.04345557 0.00000000
0.07310034 0.77749360 -0.63415560 1.00000000

-0.08991668 -0.04767409 0.99480780 0.00000000
0.72051420 0.68647730 0.09802243 0.00000000
-0.68758620 0.72558690 -0.02737591 0.00000000
0.05309091 0.76070260 -0.59407190 1.00000000

-0.52302910 -0.73936770 -0.42399990 0.00000000
-0.42029060 -0.20904330 0.88298170 0.00000000
-0.74148270 0.64002840 -0.20141370 0.00000000
0.10158270 0.75196680 -0.62873300 1.00000000

-0.09172091 0.20707280 0.97401630 0.00000000
0.66497110 0.74081870 -0.09487683 0.00000000
-0.74121600 0.63899050 -0.20564620 0.00000000
0.08112278 0.74228510 -0.58436150 1.00000000

-0.50197220 -0.85612350 -0.12278700 0.00000000
-0.28396230 0.02904105 0.95839570 0.00000000
-0.81693920 0.51595500 -0.25768470 0.00000000
0.12840150 0.72666790 -0.61681430 1.00000000

-0.12332030 0.29255410 0.94826390 0.00000000
0.56269290 0.80771050 -0.17601370 0.00000000
-0.81741640 0.51187530 -0.26422520 0.00000000
0.11507150 0.72803120 -0.57182460 1.00000000

-0.54942540 -0.82980510 0.09775224 0.00000000
-0.23558240 0.26609350 0.93471680 0.00000000
-0.80164380 0.49052860 -0.34168600 0.00000000
0.15302810 0.70465890 -0.60483670 1.00000000

0.04840231 0.65337340 0.75548710 0.00000000
0.62129700 0.57254340 -0.53496180 0.00000000
-0.78207910 0.49527520 -0.37822650 0.00000000
0.14341270 0.71666860 -0.56511220 1.00000000

-0.49967270 0.51962110 -0.69305220 0.00000000
-0.76939770 -0.63380180 0.07951781 0.00000000
-0.39793840 0.57296570 0.71648830 0.00000000
0.09471949 0.84412010 -0.58193370 1.00000000

-0.82239070 -0.55031510 -0.14431640 0.00000000
0.42434060 -0.76229600 0.48871310 0.00000000
-0.37895800 0.34067370 0.86042570 0.00000000
0.04804114 0.80728350 -0.57840110 1.00000000

0.41453410 0.35005140 -0.84001520 0.00000000
-0.27621780 -0.83111460 -0.48265160 0.00000000
-0.86710170 0.43210270 -0.24783500 0.00000000
0.22408100 0.94456220 -0.50115050 1.00000000

0.25409590 -0.07415548 -0.96433210 0.00000000
0.21712880 -0.96723280 0.13159060 0.00000000
-0.94249170 -0.24282080 -0.22966860 0.00000000
0.14808490 1.31026200 -0.34285040 1.00000000

0.10691140 0.35246530 -0.92969800 0.00000000
0.36828820 -0.88258320 -0.29225160 0.00000000
-0.92354420 -0.31115170 -0.22416690 0.00000000
0.15670900 1.30242000 -0.35516360 1.00000000

0.15771250 0.36774190 -0.91645660 0.00000000
0.36782290 -0.88316320 -0.29108360 0.00000000
-0.91642430 -0.29118600 -0.27454980 0.00000000
0.20084770 1.19644000 -0.39009360 1.00000000

0.93066130 -0.12457950 -0.34401970 0.00000000
-0.18576950 0.64914770 -0.73762930 0.00000000
0.31521300 0.75039130 0.58099360 0.00000000
-0.06297060 1.44855400 -0.21921680 1.00000000

0.99405590 0.08352557 -0.06982934 0.00000000
-0.08798264 0.99410280 -0.06339190 0.00000000
0.06412265 0.06915893 0.99554270 0.00000000
-0.08043285 1.50957400 -0.28855400 1.00000000

0.99405590 0.08352557 -0.06982934 0.00000000
-0.09970208 0.95604560 -0.27574660 0.00000000
0.04372799 0.28106980 0.95869060 0.00000000
-0.09515419 1.58828400 -0.40397180 1.00000000

0.99405590 0.08352557 -0.06982934 0.00000000
0.10477330 -0.90824110 0.40511860 0.00000000
-0.02958402 -0.41002680 -0.91159370 0.00000000
-0.02978518 1.57133100 -0.38512860 1.00000000

0.99405590 0.08352557 -0.06982934 0.00000000
-0.10383170 0.92021410 -0.37739240 0.00000000
0.03273591 0.38239970 0.92341700 0.00000000
-0.15328200 1.55871400 -0.37538050 1.00000000

0.99406060 0.08355477 -0.06972897 0.00000000
0.09960124 -0.95669010 0.27353950 0.00000000
-0.04385349 -0.27885990 -0.95933010 0.00000000
-0.05346901 1.59482600 -0.36726510 1.00000000

0.99405370 0.08350995 -0.06988248 0.00000000
-0.09970224 0.95604470 -0.27574980 0.00000000
0.04378298 0.28107750 0.95868580 0.00000000
-0.13184170 1.58824200 -0.36175980 1.00000000

0.95993710 0.23654650 -0.15022260 0.00000000
0.26937890 -0.92664730 0.26222120 0.00000000
-0.07717577 -0.29218260 -0.95324360 0.00000000
-0.07619562 1.59382300 -0.40649520 1.00000000

0.97681750 0.19982390 -0.07679802 0.00000000
-0.21325050 0.93972100 -0.26729900 0.00000000
0.01875588 0.27747950 0.96054840 0.00000000
-0.11154800 1.59185700 -0.40516700 1.00000000

0.99368060 0.07058926 0.08726937 0.00000000
0.06463402 -0.99550130 0.06928182 0.00000000
0.09176731 -0.06320344 -0.99377290 0.00000000
-0.01683974 1.60839900 -0.36663530 1.00000000

0.98176950 0.09062593 -0.16707950 0.00000000
-0.11538710 0.98267970 -0.14500430 0.00000000
0.15104440 0.16163980 0.97522210 0.00000000
-0.17001380 1.59712900 -0.35706280 1.00000000

0.97776960 0.19521350 -0.07653907 0.00000000
0.20884980 -0.93917780 0.27262910 0.00000000
-0.01866287 -0.28255360 -0.95906990 0.00000000
-0.05353678 1.59541000 -0.36753200 1.00000000

0.99763390 -0.02923014 -0.06222665 0.00000000
0.01043735 0.95901860 -0.28315090 0.00000000
0.06795308 0.28183160 0.95705460 0.00000000
-0.13184310 1.58825300 -0.36176520 1.00000000

0.99198410 0.10238230 -0.07406467 0.00000000
-0.11779330 0.96139290 -0.24869360 0.00000000
0.04574335 0.25542440 0.96574630 0.00000000
-0.08556778 1.55565500 -0.30653290 1.00000000

0.95295310 0.28137450 -0.11273420 0.00000000
0.29827150 -0.93669250 0.18341620 0.00000000
-0.05398846 -0.20841230 -0.97654960 0.00000000
-0.07325884 1.50307400 -0.41339890 1.00000000

0.99254600 0.09769894 -0.07285255 0.00000000
-0.11237590 0.96501980 -0.23687230 0.00000000
0.04716209 0.24329360 0.96880540 0.00000000
-0.08846209 1.50348900 -0.41494020 1.00000000

0.99583610 -0.08497033 -0.03302076 0.00000000
0.07614693 0.97448380 -0.21114660 0.00000000
0.05011943 0.20775290 0.97689650 0.00000000
-0.10566010 1.50101300 -0.40885480 1.00000000

0.98966570 0.12381050 -0.07233733 0.00000000
0.13996050 -0.94377640 0.29949460 0.00000000
-0.03118968 -0.30652390 -0.95135180 0.00000000
-0.06527039 1.51326000 -0.39776620 1.00000000

0.99494940 0.07277605 -0.06913236 0.00000000
-0.09044689 0.94868110 -0.30302460 0.00000000
0.04353166 0.30774690 0.95047190 0.00000000
-0.11560190 1.50845700 -0.39130570 1.00000000

0.98515770 0.15770170 -0.06778312 0.00000000
0.17139640 -0.92528770 0.33832840 0.00000000
-0.00936395 -0.34492470 -0.93858370 0.00000000
-0.07499639 1.52653100 -0.40810080 1.00000000

0.99332360 0.09144832 -0.07032478 0.00000000
-0.11009670 0.93354160 -0.34114330 0.00000000
0.03445417 0.34660830 0.93737710 0.00000000
-0.09022107 1.52483500 -0.41146630 1.00000000

0.99662130 0.03427628 -0.07464185 0.00000000
-0.05895922 0.93124700 -0.35958740 0.00000000
0.05718461 0.36277330 0.93012120 0.00000000
