MeshAnim
1
34
83
30
0.74545310 0.03277160 -0.66575200 0.00000000
-0.08392824 0.99545630 -0.04497450 0.00000000
0.66125320 0.08940177 0.74481650 0.00000000
0.00959507 0.85779880 -0.01478975 1.00000000

0.97644590 0.21574350 -0.00286400 0.00000000
0.19465090 -0.88655290 -0.41968460 0.00000000
-0.09308329 0.40924180 -0.90766550 0.00000000
0.10743660 0.83072630 -0.10562720 1.00000000

0.97644590 0.21574350 -0.00286400 0.00000000
0.20903210 -0.94261430 0.26035350 0.00000000
0.05346996 -0.25481980 -0.96550920 0.00000000
0.18529700 0.47610520 -0.27350100 1.00000000

0.99760330 0.05889735 0.03631422 0.00000000
0.05900377 -0.99825610 -0.00186477 0.00000000
0.03614113 0.00400297 -0.99933870 0.00000000
0.25989540 0.13967900 -0.18287070 1.00000000

0.99738090 0.06481757 0.03209606 0.00000000
0.06361129 -0.99727840 0.03727744 0.00000000
0.03442493 -0.03513813 -0.99878940 0.00000000
0.27099510 0.03621894 -0.31999360 1.00000000

0.49434600 -0.31101620 -0.81172100 0.00000000
0.28978140 0.93934940 -0.18343820 0.00000000
0.81954180 -0.14453970 0.55449020 0.00000000
-0.09014444 0.82203970 0.07082921 1.00000000

0.49434500 -0.31101620 -0.81172160 0.00000000
-0.21895700 0.85914050 -0.46253160 0.00000000
0.84123770 0.40638230 0.35661260 0.00000000
-0.20605720 0.44630090 0.14420500 1.00000000

0.31290840 -0.06881984 -0.94728670 0.00000000
0.02798232 0.99760650 -0.06323239 0.00000000
0.94937110 -0.00672131 0.31408520 0.00000000
-0.12990160 0.13928170 0.30822020 1.00000000

0.31360260 -0.09056035 -0.94522610 0.00000000
-0.10028830 0.98671540 -0.12780850 0.00000000
0.94424370 0.13487620 0.30035430 0.00000000
-0.26289910 0.03626180 0.27177230 1.00000000

0.57906170 -0.14417400 -0.80243470 0.00000000
-0.03832328 0.97833830 -0.20343400 0.00000000
0.81438260 0.14855280 0.56099300 0.00000000
-0.00185309 0.99358460 -0.02092438 1.00000000

0.59661470 -0.11057880 -0.79487310 0.00000000
-0.08586688 0.97598020 -0.20022340 0.00000000
0.79792090 0.18770950 0.57278910 0.00000000
-0.00846497 1.16237600 -0.05602267 1.00000000

0.60176470 -0.43093190 -0.67244100 0.00000000
-0.26372810 0.68750670 -0.67659590 0.00000000
0.75387440 0.58449300 0.30006840 0.00000000
-0.02457459 1.34548200 -0.09358692 1.00000000

-0.08516020 0.76633820 -0.63676830 0.00000000
0.66236450 -0.43388300 -0.61075290 0.00000000
-0.74432620 -0.47378450 -0.47064550 0.00000000
0.00843150 1.40027100 -0.19328630 1.00000000

0.33183030 0.42266640 -0.84335160 0.00000000
0.37490820 -0.87945950 -0.29324910 0.00000000
-0.86564020 -0.21887050 -0.45029230 0.00000000
0.15673450 1.30312500 -0.33003350 1.00000000

0.33854120 0.39377370 -0.85459480 0.00000000
-0.27076540 -0.82904160 -0.48926100 0.00000000
-0.90115270 0.39702960 -0.17404450 0.00000000
0.26228580 1.05552300 -0.41259500 1.00000000

0.45170590 0.24857890 -0.85683750 0.00000000
-0.49543340 -0.72881810 -0.47262060 0.00000000
-0.74196200 0.63799120 -0.20605710 0.00000000
0.19684590 0.85504470 -0.53109650 1.00000000

-0.35881250 -0.11824460 0.92589000 0.00000000
-0.74196200 0.63799130 -0.20605700 0.00000000
-0.56634450 -0.76091100 -0.31665220 0.00000000
0.08656960 0.75893220 -0.55292550 1.00000000

-0.58010090 -0.59734210 -0.55377400 0.00000000
-0.42698080 -0.35596470 0.83125000 0.00000000
-0.69366470 0.71865980 -0.04855803 0.00000000
0.07751507 0.77953790 -0.61265700 1.00000000

-0.10156210 -0.05230618 0.99345340 0.00000000
0.71703000 0.68838040 0.10954680 0.00000000
-0.68960370 0.72346140 -0.03240815 0.00000000
0.05708677 0.76250730 -0.57288690 1.00000000

-0.51551590 -0.73920600 -0.43337990 0.00000000
-0.43005090 -0.21425860 0.87701170 0.00000000
-0.74114780 0.63848880 -0.20744260 0.00000000
0.10601520 0.75408050 -0.60700670 1.00000000

-0.10396020 0.20252160 0.97374390 0.00000000
0.66360170 0.74338200 -0.08376205 0.00000000
-0.74082740 0.63747020 -0.21167590 0.00000000
0.08506208 0.74413870 -0.56292390 1.00000000

-0.49765100 -0.85720580 -0.13244570 0.00000000
-0.29541400 0.02393625 0.95506970 0.00000000
-0.81552080 0.51441740 -0.26514240 0.00000000
0.13277380 0.72881690 -0.59487960 1.00000000

-0.13553360 0.28801140 0.94798760 0.00000000
0.56207380 0.81029460 -0.16581880 0.00000000
-0.81590680 0.51036470 -0.27170570 0.00000000
0.11890640 0.72994060 -0.55004610 1.00000000

-0.54780560 -0.83200440 0.08762571 0.00000000
-0.24753890 0.26124550 0.93299290 0.00000000
-0.79914580 0.48940760 -0.34906520 0.00000000
0.15732930 0.70683600 -0.58270550 1.00000000

0.03727376 0.65022440 0.75882750 0.00000000
0.62571090 0.57688780 -0.52505890 0.00000000
-0.77916400 0.49437720 -0.38534960 0.00000000
0.14720330 0.71864090 -0.54304650 1.00000000

-0.49312240 0.52101400 -0.69668860 0.00000000
-0.76819130 -0.63663870 0.06762612 0.00000000
-0.40830480 0.56853790 0.71417930 0.00000000
0.09829278 0.84600570 -0.55989410 1.00000000

-0.81879890 -0.55234930 -0.15645930 0.00000000
0.42102250 -0.76303830 0.49042100 0.00000000
-0.39026790 0.33568300 0.85732610 0.00000000
0.05169762 0.80900260 -0.55707600 1.00000000

0.42124330 0.35496270 -0.83459910 0.00000000
-0.27076540 -0.82904160 -0.48926100 0.00000000
-0.86558680 0.43207850 -0.25311660 0.00000000
0.22668920 0.94642030 -0.47717090 1.00000000

0.26110800 -0.06891029 -0.96284690 0.00000000
0.22128110 -0.96661530 0.12918770 0.00000000
-0.93960500 -0.24679180 -0.23714240 0.00000000
0.14776340 1.31115600 -0.31746380 1.00000000

0.11145830 0.35678630 -0.92751310 0.00000000
0.37490820 -0.87945950 -0.29324910 0.00000000
-0.92033770 -0.31504720 -0.23178510 0.00000000
0.15673450 1.30312500 -0.33003350 1.00000000

0.16211190 0.37228200 -0.91385230 0.00000000
0.37443580 -0.88004680 -0.29208790 0.00000000
-0.91297200 -0.29482810 -0.28206170 0.00000000
0.20166680 1.19751900 -0.36508410 1.00000000

0.93192120 -0.12237090 -0.34139160 0.00000000
-0.18449130 0.65047500 -0.73678030 0.00000000
0.31222710 0.74960480 0.58361520 0.00000000
-0.06413399 1.44860800 -0.19507730 1.00000000

0.99375000 0.08745363 -0.06937659 0.00000000
-0.09187177 0.99375840 -0.06327498 0.00000000
0.06340981 0.06925327 0.99558190 0.00000000
-0.08147607 1.50975300 -0.26433470 1.00000000

0.99375000 0.08745363 -0.06937659 0.00000000
-0.10334750 0.95568900 -0.27564090 0.00000000
0.04219663 0.28108780 0.95875390 0.00000000
-0.09645652 1.58842200 -0.37974670 1.00000000

0.99375000 0.08745363 -0.06937659 0.00000000
0.10817300 -0.90788550 0.40502250 0.00000000
-0.02756518 -0.40999560 -0.91167100 0.00000000
-0.03102955 1.57172400 -0.36087720 1.00000000

0.99375000 0.08745363 -0.06937659 0.00000000
-0.10729080 0.91985760 -0.37729410 0.00000000
0.03082076 0.38237930 0.92349120 0.00000000
-0.15448000 1.55861900 -0.35118570 1.00000000

0.99375440 0.08748277 -0.06927621 0.00000000
0.10325010 -0.95633360 0.27343370 0.00000000
-0.04233047 -0.27887850 -0.95939300 0.00000000
-0.05481371 1.59512300 -0.34302060 1.00000000

0.99374760 0.08743796 -0.06942984 0.00000000
-0.10334760 0.95568810 -0.27564410 0.00000000
0.04225150 0.28109600 0.95874910 0.00000000
-0.13316220 1.58822900 -0.33755090 1.00000000

0.95906360 0.24035160 -0.14976100 0.00000000
0.27291300 -0.92562010 0.26219510 0.00000000
-0.07560268 -0.29233350 -0.95332350 0.00000000
-0.07751884 1.59403700 -0.38226090 1.00000000

0.97605620 0.20368420 -0.07633469 0.00000000
-0.21683430 0.93891560 -0.26724590 0.00000000
0.01723793 0.27739900 0.96060010 0.00000000
-0.11286380 1.59193100 -0.38094850 1.00000000

0.99335610 0.07449105 0.08771983 0.00000000
0.06852631 -0.99524980 0.06915440 0.00000000
0.09245458 -0.06268375 -0.99374210 0.00000000
-0.01823849 1.60884000 -0.34237240 1.00000000

0.98147850 0.09452092 -0.16663100 0.00000000
-0.11919510 0.98224040 -0.14490130 0.00000000
0.14997540 0.16207910 0.97531410 0.00000000
-0.17137110 1.59696500 -0.33286950 1.00000000

0.97702640 0.19907750 -0.07607603 0.00000000
0.21242910 -0.93839070 0.27257430 0.00000000
-0.01712567 -0.28247280 -0.95912240 0.00000000
-0.05488365 1.59570600 -0.34328740 1.00000000

0.99776890 -0.02528836 -0.06179011 0.00000000
0.00678273 0.95909710 -0.28299600 0.00000000
0.06641901 0.28194540 0.95712860 0.00000000
-0.13316370 1.58824100 -0.33755630 1.00000000

0.99160550 0.10630260 -0.07360983 0.00000000
-0.12147140 0.96096060 -0.24859490 0.00000000
0.04430977 0.25544960 0.96580640 0.00000000
-0.08678464 1.55581600 -0.28230860 1.00000000

0.95188650 0.28514580 -0.11226870 0.00000000
0.30187970 -0.93553870 0.18340130 0.00000000
-0.05273548 -0.20846870 -0.97660610 0.00000000
-0.07422132 1.50330100 -0.38917750 1.00000000

0.99218520 0.10162140 -0.07239828 0.00000000
-0.11607350 0.96460690 -0.23677070 0.00000000
0.04577482 0.24332380 0.96886440 0.00000000
-0.08942548 1.50365600 -0.39072540 1.00000000

0.99617790 -0.08103987 -0.03259370 0.00000000
0.07239918 0.97480990 -0.21096000 0.00000000
0.04886883 0.20779390 0.97695110 0.00000000
-0.10661630 1.50111200 -0.38464790 1.00000000

0.98920190 0.12772120 -0.07188022 0.00000000
0.14354660 -0.94326510 0.29940860 0.00000000
-0.02956125 -0.30649360 -0.95141360 0.00000000
-0.06628006 1.51351600 -0.37353960 1.00000000

0.99468540 0.07670752 -0.06868097 0.00000000
-0.09405115 0.94836520 -0.30291580 0.00000000
0.04189873 0.30776540 0.95053940 0.00000000
-0.11659510 1.50851300 -0.36710210 1.00000000

0.98455830 0.16159370 -0.06732270 0.00000000
0.17489220 -0.92465870 0.33825920 0.00000000
-0.00758985 -0.34481000 -0.93864190 0.00000000
-0.07605372 1.52675100 -0.38387640 1.00000000

0.99298640 0.09537347 -0.06987116 0.00000000
-0.11362430 0.93315460 -0.34104560 0.00000000
0.03267369 0.34659270 0.93744660 0.00000000
-0.09127010 1.52499500 -0.38724890 1.00000000

0.99651120 0.03821556 -0.07419574 0.00000000
-0.06247005 0.93106420 -0.35946750 0.00000000
0.05534363 0.36284840 0.93020330 0.00000000
-0.10890150 1.52450900 -0.38003590 1.00000000

0.99371220 0.08786073 -0.06940243 0.00000000
0.10837000 -0.91055910 0.39892140 0.00000000
-0.02814549 -0.40393410 -0.91435500 0.00000000
-0.07689413 1.55654600 -0.37774710 1.00000000

0.99371220 0.08786073 -0.06940243 0.00000000
-0.10836990 0.91055910 -0.39892130 0.00000000
0.02814546 0.40393400 0.91435500 0.00000000
-0.09483174 1.55462600 -0.39907880 1.00000000

0.99371220 0.08786073 -0.06940243 0.00000000
-0.10836990 0.91055910 -0.39892130 0.00000000
0.02814546 0.40393400 0.91435500 0.00000000
-0.10972100 1.55301400 -0.37541090 1.00000000

0.99375000 0.08745363 -0.06937659 0.00000000
0.10634400 -0.55268600 0.82657670 0.00000000
0.03394380 -0.82878820 -0.55853210 0.00000000
-0.08128984 1.58175400 -0.17090460 1.00000000

0.99375000 0.08745363 -0.06937659 0.00000000
-0.09435902 0.99014840 -0.10345300 0.00000000
0.05964559 0.10935270 0.99221180 0.00000000
-0.09621289 1.65780300 -0.28879480 1.00000000

0.47542230 -0.80958130 0.34431320 0.00000000
0.41079700 -0.14179880 -0.90063270 0.00000000
0.77795850 0.56962360 0.26515920 0.00000000
-0.06774367 1.45482000 -0.10816310 1.00000000

-0.13716240 -0.75371560 -0.64272800 0.00000000
0.52439790 0.49522240 -0.69264840 0.00000000
0.84035310 -0.43205050 0.32732110 0.00000000
-0.15972100 1.48656900 0.09348860 1.00000000

-0.09454146 -0.72731730 -0.67975830 0.00000000
0.93320940 -0.30252680 0.19390150 0.00000000
-0.34667310 -0.61602500 0.70734080 0.00000000
-0.30735520 1.34714900 0.28849400 1.00000000

0.10036020 -0.34913450 -0.93168280 0.00000000
0.89088620 -0.38540210 0.24038930 0.00000000
-0.44300080 -0.85414890 0.27236020 0.00000000
-0.53308790 1.42045700 0.24170530 1.00000000

-0.25671650 0.40428160 0.87786870 0.00000000
-0.40408190 -0.87000810 0.28249550 0.00000000
0.87796070 -0.28220920 0.38670830 0.00000000
-0.62529840 1.47213700 0.15375610 1.00000000

0.76794430 -0.63901840 0.04378542 0.00000000
0.12814440 0.22025630 0.96698810 0.00000000
-0.62756720 -0.73698230 0.25103150 0.00000000
-0.64351790 1.52716800 0.18682960 1.00000000

0.42426540 -0.08057514 0.90194590 0.00000000
-0.67808200 0.63187920 0.37541090 0.00000000
-0.60016970 -0.77086710 0.21344800 0.00000000
-0.64964900 1.51663000 0.14056510 1.00000000

0.80618520 -0.58835070 -0.06252080 0.00000000
0.18594940 0.15163590 0.97078810 0.00000000
-0.56168340 -0.79426080 0.23165010 0.00000000
-0.66233860 1.49551300 0.19849370 1.00000000

0.41011270 -0.05705422 0.91024850 0.00000000
-0.73866870 0.56462320 0.36819780 0.00000000
-0.53495460 -0.82337450 0.18941510 0.00000000
-0.67080850 1.48742900 0.15007880 1.00000000

0.89074070 -0.44423030 -0.09612691 0.00000000
0.19629600 0.18524020 0.96288840 0.00000000
-0.40993760 -0.87655310 0.25220170 0.00000000
-0.67840820 1.46083100 0.20483880 1.00000000

0.61349750 -0.08092465 0.78553950 0.00000000
-0.68851050 0.43235160 0.58225890 0.00000000
-0.38674850 -0.89806640 0.20952930 0.00000000
-0.68762300 1.45213600 0.15963830 1.00000000

0.88923440 -0.40640550 -0.20999250 0.00000000
0.25276970 0.05392154 0.96602280 0.00000000
-0.38127400 -0.91210030 0.15067590 0.00000000
-0.69162820 1.42874000 0.21028490 1.00000000

0.72449710 -0.19985780 0.65966730 0.00000000
-0.59350430 0.30579010 0.74447640 0.00000000
-0.35050920 -0.93088630 0.10292750 0.00000000
-0.70167340 1.42614100 0.16896850 1.00000000

-0.87265660 -0.37506900 -0.31271980 0.00000000
-0.30106760 -0.09097493 0.94925360 0.00000000
-0.38448520 0.92252220 -0.03353126 0.00000000
-0.55676170 1.50091200 0.18641920 1.00000000

-0.25053780 -0.12369140 0.96017270 0.00000000
0.88897290 0.36334150 0.27876590 0.00000000
-0.38335160 0.92340890 0.01892759 0.00000000
-0.53732130 1.50697900 0.13044130 1.00000000

-0.00110331 -0.54202470 -0.84036200 0.00000000
0.93320940 -0.30252680 0.19390150 0.00000000
-0.35933150 -0.78401960 0.50615620 0.00000000
-0.43023400 1.38711200 0.26307450 1.00000000

0.61477460 -0.55060840 -0.56469680 0.00000000
0.33541960 0.83053210 -0.44464640 0.00000000
0.71382490 0.08394688 0.69527480 0.00000000
-0.13822070 1.48524000 0.05921702 1.00000000

0.42360410 -0.85739110 -0.29230130 0.00000000
0.52439790 0.49522240 -0.69264840 0.00000000
0.73862460 0.14012640 0.65939220 0.00000000
-0.15972100 1.48656900 0.09348860 1.00000000

0.39196160 -0.86208630 -0.32120590 0.00000000
0.52459950 0.49625910 -0.69175320 0.00000000
0.75575230 0.10263620 0.64676460 0.00000000
-0.22267290 1.42701800 0.17649900 1.00000000

0.74606030 0.05889829 -0.66326850 0.00000000
0.02556673 0.99281220 0.11691990 0.00000000
0.66538750 -0.10418690 0.73919180 0.00000000
-0.05883185 0.97708680 -0.19384310 1.00000000

0.74542230 0.03184873 -0.66583130 0.00000000
0.03437655 0.99569210 0.08611278 0.00000000
0.66570560 -0.08707939 0.74111630 0.00000000
-0.17123820 0.98025120 -0.10514840 1.00000000

0.56812180 -0.00685519 -0.82291600 0.00000000
-0.08579385 -0.99500990 -0.05094127 0.00000000
-0.81846030 0.09954200 -0.56587490 0.00000000
-0.09475958 0.99482600 0.09508439 1.00000000

1.00000000 0.00000000 0.00000000 0.00000000
0.00000000 1.00000000 0.00000000 0.00000000
0.00000000 0.00000000 1.00000000 0.00000000
0.00000000 0.00000000 0.00000000 1.00000000

1.00000000 0.00000000 0.00000000 0.00000000
0.00000000 1.00000000 0.00000000 0.00000000
0.00000000 0.00000000 1.00000000 0.00000000
0.00000000 0.00000000 0.00000000 1.00000000

0.99375000 0.08745363 -0.06937659 0.00000000
-0.09435908 0.99014840 -0.10345310 0.00000000
0.05964568 0.10935280 0.99221180 0.00000000
-0.08061267 1.49704500 -0.26798390 1.00000000

0.74560650 0.03310001 -0.66556380 0.00000000
-0.08491287 0.99534330 -0.04562405 0.00000000
0.66095440 0.09053253 0.74494510 0.00000000
0.00330114 0.85784240 -0.01382878 1.00000000

0.97619340 0.21685640 -0.00443977 0.00000000
0.19478010 -0.88545350 -0.42193930 0.00000000
-0.09543151 0.41102950 -0.90661310 0.00000000
0.10119530 0.83081090 -0.10462180 1.00000000

0.97619340 0.21685640 -0.00443977 0.00000000
0.21052590 -0.94237230 0.26002550 0.00000000
0.05220425 -0.25476990 -0.96559150 0.00000000
0.17910730 0.47662960 -0.27339740 1.00000000

0.99726300 0.06473057 0.03572860 0.00000000
0.06498144 -0.99786900 -0.00590454 0.00000000
0.03527033 0.00821005 -0.99934390 0.00000000
0.25423510 0.14028970 -0.18288410 1.00000000

0.99700140 0.07066614 0.03153428 0.00000000
0.06961620 -0.99701990 0.03323746 0.00000000
0.03378898 -0.03094258 -0.99894990 0.00000000
0.26583830 0.03744650 -0.32042870 1.00000000

0.49217580 -0.31052980 -0.81322460 0.00000000
0.29180770 0.93901050 -0.18195470 0.00000000
0.82012880 -0.14775150 0.55277320 0.00000000
-0.09642650 0.82203730 0.07178473 1.00000000

0.49217480 -0.31052980 -0.81322520 0.00000000
-0.21955930 0.85972140 -0.46116460 0.00000000
0.84235240 0.40552480 0.35495360 0.00000000
-0.21314980 0.44643410 0.14456710 1.00000000

0.31294510 -0.06872551 -0.94728150 0.00000000
0.02791822 0.99761330 -0.06315403 0.00000000
0.94936080 -0.00668266 0.31411680 0.00000000
-0.13678210 0.13920970 0.30809890 1.00000000

0.31364050 -0.09046610 -0.94522230 0.00000000
-0.10034950 0.98671870 -0.12773530 0.00000000
0.94422440 0.13491560 0.30039670 0.00000000
-0.26977140 0.03618389 0.27163850 1.00000000

0.58015440 -0.14471880 -0.80154690 0.00000000
-0.03998467 0.97784220 -0.20548950 0.00000000
0.81352450 0.15126520 0.56151290 0.00000000
-0.00828133 0.99361280 -0.02005202 1.00000000

0.59860770 -0.11075510 -0.79334860 0.00000000
-0.08733420 0.97546800 -0.20207630 0.00000000
0.79626720 0.19025090 0.57425000 0.00000000
-0.01517985 1.16231900 -0.05550493 1.00000000

0.60497480 -0.43029710 -0.66996250 0.00000000
-0.26326310 0.68598840 -0.67831590 0.00000000
0.75146380 0.58674040 0.30172430 0.00000000
-0.03156475 1.34532800 -0.09341680 1.00000000

-0.08531594 0.76524560 -0.63806000 0.00000000
0.66649040 -0.43218970 -0.60745600 0.00000000
-0.74061580 -0.47708650 -0.47315610 0.00000000
0.00162429 1.40007200 -0.19308050 1.00000000

0.33405870 0.42248730 -0.84256100 0.00000000
0.37628770 -0.87936800 -0.29175280 0.00000000
-0.86418310 -0.21958280 -0.45273740 0.00000000
0.15085110 1.30330500 -0.32908950 1.00000000

0.34081990 0.39359330 -0.85377160 0.00000000
-0.26990910 -0.82894670 -0.48989480 0.00000000
-0.90055040 0.39740660 -0.17628700 0.00000000
0.25679080 1.05572900 -0.41122960 1.00000000

0.45581500 0.24781280 -0.85488100 0.00000000
-0.49552010 -0.72720460 -0.47500900 0.00000000
-0.73938660 0.64012700 -0.20867450 0.00000000
0.19155830 0.85527350 -0.52988430 1.00000000

-0.36284390 -0.11777020 0.92437780 0.00000000
-0.73938670 0.64012700 -0.20867460 0.00000000
-0.56714340 -0.75918910 -0.31934390 0.00000000
0.08110873 0.75947420 -0.55220890 1.00000000

-0.57950250 -0.59545380 -0.55642780 0.00000000
-0.43128040 -0.35525170 0.82933320 0.00000000
-0.69150130 0.72057690 -0.05093831 0.00000000
0.07235014 0.78013730 -0.61196470 1.00000000

-0.10568780 -0.05257128 0.99300890 0.00000000
0.71846010 0.68636070 0.11280410 0.00000000
-0.68749210 0.72535900 -0.03476951 0.00000000
0.05171612 0.76314090 -0.57228620 1.00000000

-0.51578780 -0.73755930 -0.43585480 0.00000000
-0.43414740 -0.21356270 0.87516100 0.00000000
-0.73856540 0.64062290 -0.21005650 0.00000000
0.10075790 0.75459900 -0.60621430 1.00000000

-0.10731170 0.20227290 0.97343190 0.00000000
0.66595770 0.74161330 -0.08068672 0.00000000
-0.73823080 0.63960580 -0.21428900 0.00000000
0.07960100 0.74469050 -0.56222130 1.00000000

-0.49945210 -0.85577180 -0.13491720 0.00000000
-0.29917550 0.02422097 0.95389070 0.00000000
-0.81304480 0.51678670 -0.26812310 0.00000000
0.12739870 0.72925590 -0.59399400 1.00000000

-0.13854840 0.28786260 0.94759690 0.00000000
0.56494230 0.80884770 -0.16311270 0.00000000
-0.81341550 0.51273860 -0.27469020 0.00000000
0.11335460 0.73039290 -0.54921600 1.00000000

-0.55041990 -0.83055360 0.08496527 0.00000000
-0.25056510 0.26141080 0.93213820 0.00000000
-0.79640140 0.49177800 -0.35199340 0.00000000
0.15184500 0.70720130 -0.58173390 1.00000000

0.03600365 0.64970570 0.75933280 0.00000000
0.62938270 0.57546410 -0.52222450 0.00000000
-0.77626110 0.49671300 -0.38819470 0.00000000
0.14159220 0.71901230 -0.54210930 1.00000000

-0.48890120 0.52273880 -0.69836940 0.00000000
-0.77018990 -0.63457620 0.06419122 0.00000000
-0.40961340 0.56926040 0.71285320 0.00000000
0.09309724 0.84651940 -0.55908180 1.00000000

-0.81966820 -0.55002640 -0.16004820 0.00000000
0.41696940 -0.76445270 0.49167960 0.00000000
-0.39278600 0.33627890 0.85594140 0.00000000
0.04639046 0.80964210 -0.55647110 1.00000000

0.42434710 0.35430190 -0.83330640 0.00000000
-0.26990910 -0.82894670 -0.48989480 0.00000000
-0.86433730 0.43280230 -0.25613180 0.00000000
0.22130740 0.94663860 -0.47588890 1.00000000

0.26288900 -0.06957004 -0.96231470 0.00000000
0.22199560 -0.96627500 0.13050190 0.00000000
-0.93893950 -0.24793710 -0.23857850 0.00000000
0.14180510 1.31132600 -0.31659250 1.00000000

0.11275820 0.35602160 -0.92764990 0.00000000
0.37628770 -0.87936800 -0.29175280 0.00000000
-0.91961570 -0.31616570 -0.23312250 0.00000000
0.15085110 1.30330500 -0.32908950 1.00000000

0.16338450 0.37158420 -0.91390960 0.00000000
0.37581230 -0.87995540 -0.29059270 0.00000000
-0.91217910 -0.29598010 -0.28341700 0.00000000
0.19594860 1.19771000 -0.36396070 1.00000000

0.93360200 -0.11988030 -0.33766230 0.00000000
-0.18364280 0.64909990 -0.73820360 0.00000000
0.30767270 0.75119780 0.58398590 0.00000000
-0.07105438 1.44822700 -0.19516520 1.00000000

0.99386070 0.08759281 -0.06758937 0.00000000
-0.09190516 0.99373660 -0.06357193 0.00000000
0.06159747 0.06939346 0.99568610 0.00000000
-0.08831675 1.50924200 -0.26455640 1.00000000

0.99386070 0.08759281 -0.06758937 0.00000000
-0.10299070 0.95563750 -0.27595310 0.00000000
0.04041946 0.28122000 0.95879190 0.00000000
-0.10310000 1.58789500 -0.38000570 1.00000000

0.99386070 0.08759281 -0.06758937 0.00000000
0.10757510 -0.90781610 0.40533700 0.00000000
-0.02585405 -0.41011940 -0.91166560 0.00000000
-0.03770481 1.57120800 -0.36101550 1.00000000

0.99386070 0.08759281 -0.06758937 0.00000000
-0.10674480 0.91979210 -0.37760860 0.00000000
0.02909237 0.38250510 0.92349530 0.00000000
-0.16117050 1.55808700 -0.35154580 1.00000000

0.99386500 0.08762196 -0.06748909 0.00000000
0.10289750 -0.95628210 0.27374580 0.00000000
-0.04055241 -0.27901070 -0.95943150 0.00000000
-0.06152470 1.59460600 -0.34320510 1.00000000

0.99385830 0.08757713 -0.06764269 0.00000000
-0.10299090 0.95563660 -0.27595640 0.00000000
0.04047436 0.28122820 0.95878710 0.00000000
-0.13988190 1.58770100 -0.33787630 1.00000000

0.95929720 0.24047510 -0.14805650 0.00000000
0.27257590 -0.92554490 0.26281030 0.00000000
-0.07383373 -0.29246970 -0.95342030 0.00000000
-0.08415858 1.59351100 -0.38248630 1.00000000

0.97616230 0.20381990 -0.07459474 0.00000000
-0.21649020 0.93884830 -0.26776150 0.00000000
0.01545805 0.27752770 0.96059320 0.00000000
-0.11950560 1.59140100 -0.38123770 1.00000000

0.99318440 0.07465073 0.08950776 0.00000000
0.06854925 -0.99523050 0.06940906 0.00000000
0.09426230 -0.06280032 -0.99356490 0.00000000
-0.02495276 1.60832800 -0.34249260 1.00000000

0.98176430 0.09464552 -0.16486690 0.00000000
-0.11907890 0.98220370 -0.14524600 0.00000000
0.14818590 0.16222950 0.97556280 0.00000000
-0.17810060 1.59643200 -0.33326520 1.00000000

0.97713290 0.19921330 -0.07433379 0.00000000
0.21207530 -0.93832330 0.27308170 0.00000000
-0.01534757 -0.28260140 -0.95911460 0.00000000
-0.06159423 1.59518900 -0.34347220 1.00000000

0.99788270 -0.02514752 -0.05998078 0.00000000
0.00715199 0.95906100 -0.28310940 0.00000000
0.06464472 0.28208090 0.95721030 0.00000000
-0.13988340 1.58771300 -0.33788170 1.00000000

0.99172130 0.10644100 -0.07182905 0.00000000
-0.12116450 0.96090980 -0.24894070 0.00000000
0.04252368 0.25558290 0.96585140 0.00000000
-0.09359960 1.55530300 -0.28254600 1.00000000

0.95204540 0.28527310 -0.11058300 0.00000000
0.30168660 -0.93546970 0.18407040 0.00000000
-0.05093691 -0.20860480 -0.97667280 0.00000000
-0.08083510 1.50277500 -0.38938500 1.00000000

0.99229940 0.10175990 -0.07061589 0.00000000
-0.11578860 0.96455870 -0.23710730 0.00000000
0.04398522 0.24345790 0.96891370 0.00000000
-0.09603643 1.50312800 -0.39096050 1.00000000

0.99624710 -0.08089546 -0.03077993 0.00000000
0.07263565 0.97479310 -0.21095690 0.00000000
0.04706973 0.20792940 0.97701070 0.00000000
-0.11323780 1.50058200 -0.38491380 1.00000000

0.98931130 0.12785950 -0.07010654 0.00000000
0.14314500 -0.94320430 0.29979190 0.00000000
-0.02779356 -0.30662300 -0.95142520 0.00000000
-0.07292365 1.51299300 -0.37373410 1.00000000

0.99479660 0.07684692 -0.06689051 0.00000000
-0.09364403 0.94831140 -0.30321020 0.00000000
0.04013228 0.30789640 0.95057320 0.00000000
-0.12324950 1.50798400 -0.36738700 1.00000000

0.98465440 0.16173180 -0.06556195 0.00000000
0.17441750 -0.92458820 0.33869680 0.00000000
-0.00583980 -0.34493440 -0.93860870 0.00000000
-0.08268055 1.52622500 -0.38409030 1.00000000

0.99309700 0.09551245 -0.06808639 0.00000000
-0.11314590 0.93309280 -0.34137350 0.00000000
0.03092548 0.34672060 0.93745860 0.00000000
-0.09789054 1.52446700 -0.38749010 1.00000000

0.99663820 0.03835461 -0.07239699 0.00000000
-0.06195807 0.93100790 -0.35970230 0.00000000
0.05360600 0.36297870 0.93025420 0.00000000
-0.11553490 1.52397900 -0.38030900 1.00000000

0.99382290 0.08799987 -0.06761554 0.00000000
0.10778340 -0.91049060 0.39923660 0.00000000
-0.02643037 -0.40405830 -0.91435150 0.00000000
-0.08353646 1.55602200 -0.37796650 1.00000000

0.99382290 0.08799987 -0.06761554 0.00000000
-0.10778340 0.91049060 -0.39923650 0.00000000
0.02643043 0.40405820 0.91435150 0.00000000
-0.10143520 1.55409500 -0.39933030 1.00000000

0.99382290 0.08799987 -0.06761554 0.00000000
-0.10778340 0.91049060 -0.39923650 0.00000000
0.02643043 0.40405820 0.91435150 0.00000000
-0.11636700 1.55248400 -0.37568920 1.00000000

0.99386070 0.08759281 -0.06758937 0.00000000
0.10493020 -0.55256180 0.82684060 0.00000000
0.03507796 -0.82885640 -0.55836060 0.00000000
-0.08831030 1.58125600 -0.17113560 1.00000000

0.99386070 0.08759281 -0.06758937 0.00000000
-0.09431919 0.99012070 -0.10375380 0.00000000
0.05783358 0.10949190 0.99230380 0.00000000
-0.10303130 1.65728800 -0.28906260 1.00000000

0.47631960 -0.80796190 0.34686790 0.00000000
0.41402300 -0.14192890 -0.89913340 0.00000000
0.77569610 0.57188620 0.26691130 0.00000000
-0.07495723 1.45454100 -0.10827100 1.00000000

-0.13457100 -0.75628760 -0.64024970 0.00000000
0.52596550 0.49307630 -0.69299070 0.00000000
0.83979210 -0.43000580 0.33142750 0.00000000
-0.16765690 1.48631900 0.09304506 1.00000000

-0.09186631 -0.72999030 -0.67725530 0.00000000
0.93322600 -0.30036090 0.19716130 0.00000000
-0.34734680 -0.61391990 0.70883890 0.00000000
-0.31573240 1.34750300 0.28814680 1.00000000

0.10295730 -0.35143060 -0.93053540 0.00000000
0.89136020 -0.38258770 0.24311280 0.00000000
-0.44144870 -0.85447250 0.27386110 0.00000000
-0.54146960 1.42028800 0.24056900 1.00000000

-0.25934480 0.40605210 0.87627740 0.00000000
-0.40251070 -0.87021010 0.28411260 0.00000000
0.87790980 -0.27902770 0.38912470 0.00000000
-0.63363890 1.47150400 0.15230620 1.00000000

0.76940160 -0.63703600 0.04697230 0.00000000
0.12579110 0.22320270 0.96662160 0.00000000
-0.62625710 -0.73781140 0.25186590 0.00000000
-0.65205360 1.52658000 0.18519500 1.00000000

0.42275950 -0.07708757 0.90295730 0.00000000
-0.68031190 0.63125790 0.37241000 0.00000000
-0.59870700 -0.77173260 0.21442670 0.00000000
-0.65807200 1.51590200 0.13894800 1.00000000

0.80772020 -0.58656630 -0.05940011 0.00000000
0.18375410 0.15473290 0.97071740 0.00000000
-0.56019870 -0.79498310 0.23276480 0.00000000
-0.67081960 1.49491200 0.19691010 1.00000000

0.40853440 -0.05357851 0.91116910 0.00000000
-0.74072230 0.56383600 0.36526680 0.00000000
-0.53332020 -0.82414700 0.19065960 0.00000000
-0.67917870 1.48667600 0.14850180 1.00000000

0.89199040 -0.44233370 -0.09324110 0.00000000
0.19403440 0.18834040 0.96274520 0.00000000
-0.40829360 -0.87685170 0.25382580 0.00000000
-0.68681720 1.46020900 0.20331960 1.00000000

0.61221070 -0.07729662 0.78690760 0.00000000
-0.69064800 0.43227060 0.57978220 0.00000000
-0.38497220 -0.89842510 0.21125590 0.00000000
-0.69592600 1.45136800 0.15812610 1.00000000

0.89060720 -0.40482350 -0.20721220 0.00000000
0.25081910 0.05716785 0.96634450 0.00000000
-0.37935300 -0.91260620 0.15245160 0.00000000
-0.69997000 1.42810100 0.20882880 1.00000000

0.72373410 -0.19630370 0.66156930 0.00000000
-0.59564210 0.30638210 0.74252320 0.00000000
-0.34845310 -0.93144790 0.10481250 0.00000000
-0.70993100 1.42536500 0.16750070 1.00000000

-0.87115790 -0.37803160 -0.31333100 0.00000000
-0.30263410 -0.08911377 0.94893180 0.00000000
-0.38664830 0.92149390 -0.03677310 0.00000000
-0.56523360 1.50053400 0.18501920 1.00000000

-0.25204610 -0.12167810 0.96003530 0.00000000
0.88756640 0.36625100 0.27944000 0.00000000
-0.38561550 0.92252640 0.01568517 0.00000000
-0.54570250 1.50649500 0.12906150 1.00000000

0.00185940 -0.54470750 -0.83862400 0.00000000
0.93322600 -0.30036090 0.19716130 0.00000000
-0.35928520 -0.78299250 0.50777670 0.00000000
-0.43861390 1.38718200 0.26229760 1.00000000

0.61694350 -0.55217370 -0.56078960 0.00000000
0.33594690 0.82914920 -0.44682350 0.00000000
0.71170240 0.08726946 0.69703930 0.00000000
-0.14589320 1.48504900 0.05855233 1.00000000

0.42526110 -0.85809730 -0.28778840 0.00000000
0.52596550 0.49307630 -0.69299070 0.00000000
0.73655490 0.14333530 0.66101570 0.00000000
-0.16765690 1.48631900 0.09304506 1.00000000

0.39370810 -0.86293240 -0.31676740 0.00000000
0.52616350 0.49411660 -0.69209890 0.00000000
0.75375460 0.10581340 0.64858130 0.00000000
-0.23079650 1.42702500 0.17609690 1.00000000

0.74619790 0.06021354 -0.66299550 0.00000000
0.02426176 0.99277990 0.11747120 0.00000000
0.66528200 -0.10374220 0.73934940 0.00000000
-0.06519505 0.97694930 -0.19297630 1.00000000

0.74556750 0.03189833 -0.66566620 0.00000000
0.03379642 0.99575880 0.08556924 0.00000000
0.66557260 -0.08629476 0.74132740 0.00000000
-0.17762940 0.98005680 -0.10431500 1.00000000

0.56895640 -0.00706112 -0.82233730 0.00000000
-0.08484361 -0.99513130 -0.05015654 0.00000000
-0.81797940 0.09830694 -0.56678550 0.00000000
-0.10123420 0.99489190 0.09589919 1.00000000

1.00000000 0.00000000 0.00000000 0.00000000
0.00000000 1.00000000 0.00000000 0.00000000
0.00000000 0.00000000 1.00000000 0.00000000
0.00000000 0.00000000 0.00000000 1.00000000

1.00000000 0.00000000 0.00000000 0.00000000
0.00000000 1.00000000 0.00000000 0.00000000
0.00000000 0.00000000 1.00000000 0.00000000
0.00000000 0.00000000 0.00000000 1.00000000

0.99386070 0.08759281 -0.06758937 0.00000000
-0.09431914 0.99012070 -0.10375390 0.00000000
0.05783352 0.10949190 0.99230380 0.00000000
-0.08744483 1.49653400 -0.26820230 1.00000000

0.74577260 0.03346075 -0.66535970 0.00000000
-0.08599051 0.99521800 -0.04633377 0.00000000
0.66062760 0.09176908 0.74508360 0.00000000
-0.00302480 0.85788870 -0.01281056 1.00000000

0.97591840 0.21805360 -0.00600690 0.00000000
0.19496880 -0.88428900 -0.42428820 0.00000000
-0.09782949 0.41289950 -0.90550740 0.00000000
0.09492657 0.83090220 -0.10355520 1.00000000

0.97591840 0.21805360 -0.00600690 0.00000000
0.21209340 -0.94208650 0.25978790 0.00000000
0.05098855 -0.25480580 -0.96564710 0.00000000
0.17291410 0.47718670 -0.27327050 1.00000000

0.99686430 0.07091483 0.03510824 0.00000000
0.07130811 -0.99740350 -0.01007786 0.00000000
0.03430232 0.01254973 -0.99933280 0.00000000
0.24859780 0.14094860 -0.18284190 1.00000000

0.99656130 0.07686585 0.03093860 0.00000000
0.07597321 -0.99668630 0.02906317 0.00000000
0.03306994 -0.02661272 -0.99909880 0.00000000
0.26072750 0.03874850 -0.32081980 1.00000000

0.49000330 -0.31001720 -0.81473060 0.00000000
0.29390110 0.93865540 -0.18041140 0.00000000
0.82068190 -0.15104810 0.55105870 0.00000000
-0.10273920 0.82203300 0.07279722 1.00000000

0.49000240 -0.31001720 -0.81473120 0.00000000
-0.22027750 0.86025700 -0.45982150 0.00000000
0.84343080 0.40478060 0.35323830 0.00000000
-0.22029990 0.44657180 0.14496230 1.00000000

0.31298040 -0.06871004 -0.94727090 0.00000000
0.02773783 0.99761550 -0.06319714 0.00000000
0.94935440 -0.00649583 0.31414010 0.00000000
-0.14367870 0.13915840 0.30801930 1.00000000

0.31367990 -0.09045046 -0.94521090 0.00000000
-0.10052630 0.98669480 -0.12778110 0.00000000
0.94419240 0.13510090 0.30041380 0.00000000
-0.27664840 0.03610647 0.27156030 1.00000000

0.58135070 -0.14530550 -0.80057320 0.00000000
-0.04180255 0.97729130 -0.20773590 0.00000000
0.81257840 0.15423340 0.56207500 0.00000000
-0.01475427 0.99364200 -0.01913061 1.00000000

0.60078520 -0.11093260 -0.79167620 0.00000000
-0.08893973 0.97490120 -0.20410120 0.00000000
0.79444750 0.19303240 0.57583990 0.00000000
-0.02196642 1.16225300 -0.05497109 1.00000000

0.60847880 -0.42958130 -0.66724320 0.00000000
-0.26275100 0.68432680 -0.68019030 0.00000000
0.74880940 0.58920010 0.30352540 0.00000000
-0.03865254 1.34515600 -0.09326285 1.00000000

-0.08548641 0.76405010 -0.63946840 0.00000000
0.67098400 -0.43030490 -0.60383640 0.00000000
-0.73652760 -0.48069280 -0.47588010 0.00000000
-0.00526399 1.39985100 -0.19288650 1.00000000

0.33648410 0.42231010 -0.84168440 0.00000000
0.37792080 -0.87922660 -0.29006330 0.00000000
-0.86252800 -0.22048830 -0.45544560 0.00000000
0.14496890 1.30350600 -0.32808510 1.00000000

0.34330420 0.39341570 -0.85285770 0.00000000
-0.26883640 -0.82889210 -0.49057620 0.00000000
-0.89992740 0.39769620 -0.17879770 0.00000000
0.25136840 1.05597000 -0.40974960 1.00000000

0.46031310 0.24701280 -0.85269950 0.00000000
-0.49547500 -0.72550960 -0.47764050 0.00000000
-0.73662520 0.64235550 -0.21157300 0.00000000
0.18639580 0.85552760 -0.52856900 1.00000000

-0.36728170 -0.11727680 0.92268670 0.00000000
-0.73662520 0.64235550 -0.21157300 0.00000000
-0.56788030 -0.75738080 -0.32231440 0.00000000
0.07577387 0.76005700 -0.55144130 1.00000000

-0.57871900 -0.59347210 -0.55935260 0.00000000
-0.43597160 -0.35450620 0.82719660 0.00000000
-0.68921200 0.72257640 -0.05357748 0.00000000
0.06733983 0.78078010 -0.61122300 1.00000000

-0.11024810 -0.05285185 0.99249820 0.00000000
0.71990490 0.68424220 0.11640500 0.00000000
-0.68526110 0.72733740 -0.03738818 0.00000000
0.04648139 0.76381920 -0.57164690 1.00000000

-0.51594630 -0.73582930 -0.43858300 0.00000000
-0.43863840 -0.21283650 0.87309620 0.00000000
-0.73579630 0.64285020 -0.21295090 0.00000000
0.09564886 0.75515750 -0.60536180 1.00000000

-0.11105890 0.20200740 0.97306660 0.00000000
0.66842040 0.73975800 -0.07728398 0.00000000
-0.73544580 0.64183450 -0.21718260 0.00000000
0.07426860 0.74528350 -0.56146920 1.00000000

-0.50128440 -0.85426440 -0.13764670 0.00000000
-0.30334050 0.02451494 0.95256690 0.00000000
-0.81036960 0.51926090 -0.27142190 0.00000000
0.12216260 0.72973130 -0.59303860 1.00000000

-0.14193620 0.28770100 0.94714430 0.00000000
0.56796430 0.80732840 -0.16011750 0.00000000
-0.81072260 0.51521770 -0.27799300 0.00000000
0.10792320 0.73088200 -0.54832260 1.00000000

-0.55315670 -0.82902970 0.08202249 0.00000000
-0.25395830 0.26157780 0.93117250 0.00000000
-0.79342500 0.49425410 -0.35523240 0.00000000
0.14649130 0.70759990 -0.58068310 1.00000000

0.03448078 0.64915530 0.75987440 0.00000000
0.63333420 0.57397270 -0.51907920 0.00000000
-0.77311000 0.49915260 -0.39134100 0.00000000
0.13609640 0.71941690 -0.54109730 1.00000000

-0.48430190 0.52454070 -0.70022070 0.00000000
-0.77227280 -0.63241420 0.06038985 0.00000000
-0.41115270 0.57000850 0.71136760 0.00000000
0.08804093 0.84707150 -0.55820890 1.00000000

-0.82051320 -0.54759210 -0.16401650 0.00000000
0.41260050 -0.76592710 0.49306890 0.00000000
-0.39562530 0.33689600 0.85438970 0.00000000
0.04121803 0.81032620 -0.55582770 1.00000000

0.42773520 0.35360880 -0.83186740 0.00000000
-0.26883640 -0.82889210 -0.49057620 0.00000000
-0.86300040 0.43347320 -0.25948360 0.00000000
0.21602660 0.94688680 -0.47449850 1.00000000

0.26489560 -0.07028570 -0.96171220 0.00000000
0.22288980 -0.96586800 0.13198270 0.00000000
-0.93816340 -0.24931740 -0.24018820 0.00000000
0.13584090 1.31151600 -0.31566740 1.00000000

0.11418520 0.35516940 -0.92780190 0.00000000
0.37792080 -0.87922660 -0.29006330 0.00000000
-0.91876980 -0.31751460 -0.23462070 0.00000000
0.14496890 1.30350600 -0.32808510 1.00000000

0.16477900 0.37081200 -0.91397290 0.00000000
0.37744210 -0.87981370 -0.28890450 0.00000000
-0.91125490 -0.29736630 -0.28493480 0.00000000
0.19026200 1.19792800 -0.36275370 1.00000000

0.93541600 -0.11713350 -0.33358140 0.00000000
-0.18271250 0.64759760 -0.73975230 0.00000000
0.30267630 0.75292560 0.58437150 0.00000000
-0.07806536 1.44780600 -0.19529240 1.00000000

0.99397090 0.08787903 -0.06556797 0.00000000
-0.09207124 0.99369900 -0.06391580 0.00000000
0.05953783 0.06956740 0.99579890 0.00000000
-0.09524025 1.50868000 -0.26482920 1.00000000

0.99397090 0.08787903 -0.06556797 0.00000000
-0.10271050 0.95556350 -0.27631330 0.00000000
0.03837222 0.28138190 0.95882860 0.00000000
-0.10981060 1.58730900 -0.38032080 1.00000000

0.99397090 0.08787903 -0.06556797 0.00000000
0.10701560 -0.90772060 0.40569880 0.00000000
-0.02386492 -0.41026960 -0.91165220 0.00000000
-0.04444939 1.57064600 -0.36119420 1.00000000

0.99397090 0.08787903 -0.06556797 0.00000000
-0.10624580 0.91970100 -0.37797060 0.00000000
0.02708715 0.38265810 0.92349290 0.00000000
-0.16793040 1.55748900 -0.35197520 1.00000000

0.99397480 0.08790818 -0.06546769 0.00000000
0.10262190 -0.95620860 0.27410580 0.00000000
-0.03850466 -0.27917270 -0.95946870 0.00000000
-0.06831268 1.59403900 -0.34343620 1.00000000

0.99396860 0.08786333 -0.06562126 0.00000000
-0.10271060 0.95556250 -0.27631650 0.00000000
0.03842700 0.28139000 0.95882370 0.00000000
-0.14667860 1.58711100 -0.33826680 1.00000000

0.95952650 0.24073850 -0.14612960 0.00000000
0.27231330 -0.92542240 0.26351300 0.00000000
-0.07179391 -0.29264080 -0.95352350 0.00000000
-0.09086580 1.59293200 -0.38276350 1.00000000

0.97625210 0.20409970 -0.07262781 0.00000000
-0.21622150 0.93874170 -0.26835150 0.00000000
0.01340833 0.27768240 0.96057930 0.00000000
-0.12621460 1.59081000 -0.38158690 1.00000000

0.99297690 0.07496133 0.09152946 0.00000000
0.06870383 -0.99519910 0.06970535 0.00000000
0.09631526 -0.06292739 -0.99335980 0.00000000
-0.03174641 1.60777200 -0.34265090 1.00000000

0.98207150 0.09491291 -0.16287100 0.00000000
-0.11907420 0.98214510 -0.14564360 0.00000000
0.14613960 0.16242610 0.97583870 0.00000000
-0.18490920 1.59583200 -0.33373530 1.00000000

0.97722340 0.19949350 -0.07236403 0.00000000
0.21179550 -0.93821720 0.27366250 0.00000000
-0.01329923 -0.28275580 -0.95909980 0.00000000
-0.06838188 1.59462200 -0.34370350 1.00000000

0.99801090 -0.02485893 -0.05793351 0.00000000
0.00744560 0.95901880 -0.28324460 0.00000000
0.06260046 0.28224990 0.95729630 0.00000000
-0.14668000 1.58712300 -0.33827220 1.00000000

0.99183430 0.10672590 -0.06981498 0.00000000
-0.12094110 0.96083470 -0.24933910 0.00000000
0.04046977 0.25574650 0.96589640 0.00000000
-0.10050000 1.55473500 -0.28283670 1.00000000

0.95218470 0.28554010 -0.10867830 0.00000000
0.30158810 -0.93535080 0.18483440 0.00000000
-0.04887444 -0.20877260 -0.97674200 0.00000000
-0.08750109 1.50219500 -0.38964110 1.00000000

0.99241160 0.10204530 -0.06859982 0.00000000
-0.11559060 0.96448680 -0.23749510 0.00000000
0.04192841 0.24362230 0.96896340 0.00000000
-0.10269930 1.50254300 -0.39124780 1.00000000

0.99633210 -0.08060271 -0.02872738 0.00000000
0.07277665 0.97478160 -0.21096050 0.00000000
0.04500696 0.20809620 0.97707250 0.00000000
-0.11991230 1.49999300 -0.38523600 1.00000000

0.98941470 0.12814390 -0.06810075 0.00000000
0.14281220 -0.94311460 0.30023240 0.00000000
-0.02575392 -0.30677980 -0.95143200 0.00000000
-0.07962476 1.51241900 -0.37397570 1.00000000

0.99490840 0.07713354 -0.06486574 0.00000000
-0.09330585 0.94823590 -0.30355000 0.00000000
0.03809392 0.30805680 0.95060500 0.00000000
-0.12996200 1.50739500 -0.36773090 1.00000000

0.98473830 0.16201560 -0.06357104 0.00000000
0.17399940 -0.92448320 0.33919830 0.00000000
-0.00381479 -0.34508280 -0.93856450 0.00000000
-0.08936439 1.52564500 -0.38435390 1.00000000

0.99320570 0.09579834 -0.06606779 0.00000000
-0.11272500 0.93300560 -0.34175070 0.00000000
0.02890241 0.34687640 0.93746540 0.00000000
-0.10456680 1.52388200 -0.38778460 1.00000000

0.99677280 0.03864083 -0.07036227 0.00000000
-0.06149913 0.93093300 -0.35997450 0.00000000
0.05159268 0.36314000 0.93030510 0.00000000
