MeshAnim
1
35
83
30
0.77101240 -0.00988551 -0.63674350 0.00000000
-0.01891703 0.99908270 -0.03841688 0.00000000
0.63653920 0.04166519 0.77011810 0.00000000
0.01032645 0.85408100 0.04811063 1.00000000

0.97236630 0.18394360 0.14376550 0.00000000
0.23164280 -0.83685500 -0.49599960 0.00000000
0.02907485 0.51559560 -0.85633890 0.00000000
0.10966790 0.82149950 -0.03922234 1.00000000

0.97236630 0.18394360 0.14376550 0.00000000
0.16069370 -0.97404740 0.15940330 0.00000000
0.16935560 -0.13189620 -0.97668960 0.00000000
0.20232500 0.48675760 -0.23762220 1.00000000

0.99760340 0.05889732 0.03631416 0.00000000
0.05900383 -0.99825630 -0.00186488 0.00000000
0.03614095 0.00400311 -0.99933900 0.00000000
0.25995640 0.13940350 -0.18298610 1.00000000

0.99738090 0.06481755 0.03209594 0.00000000
0.06361136 -0.99727850 0.03727733 0.00000000
0.03442481 -0.03513809 -0.99878970 0.00000000
0.27105600 0.03594345 -0.32010910 1.00000000

0.57979820 -0.23556970 -0.77996230 0.00000000
0.33255590 0.94234160 -0.03740160 0.00000000
0.74380160 -0.23769560 0.62470790 0.00000000
-0.09468763 0.82411920 0.12954540 1.00000000

0.57979700 -0.23556960 -0.77996310 0.00000000
-0.26730000 0.84931110 -0.45521580 0.00000000
0.76966630 0.47241690 0.42946030 0.00000000
-0.22771020 0.44718350 0.14450660 1.00000000

0.31513070 -0.07407252 -0.94615330 0.00000000
-0.00302946 0.99686600 -0.07905173 0.00000000
0.94904350 0.02777798 0.31391870 0.00000000
-0.13417130 0.14352040 0.30575400 1.00000000

0.31649990 -0.09574551 -0.94374820 0.00000000
-0.13088360 0.98096980 -0.14341540 0.00000000
0.93951990 0.16891210 0.29794530 0.00000000
-0.26389270 0.03585064 0.27097710 1.00000000

0.78026340 -0.01236926 -0.62532880 0.00000000
-0.00303020 0.99971800 -0.02355581 0.00000000
0.62544380 0.02027461 0.78000580 0.00000000
0.00774607 0.99036140 0.04287035 1.00000000

0.80547570 -0.03618786 -0.59152300 0.00000000
-0.04353755 0.99182340 -0.11996220 0.00000000
0.59102760 0.12238010 0.79731400 0.00000000
0.00722327 1.16284200 0.03880629 1.00000000

0.71129170 -0.09696772 -0.69617630 0.00000000
-0.32024930 0.83695880 -0.44377940 0.00000000
0.62570320 0.53860660 0.56426810 0.00000000
-0.00094487 1.34892000 0.01629999 1.00000000

-0.32170690 0.42489180 -0.84615110 0.00000000
0.62375110 -0.57723390 -0.52700610 0.00000000
-0.71234770 -0.69732920 -0.07932657 0.00000000
0.03008453 1.43801800 -0.05532300 1.00000000

-0.04335034 -0.17190070 -0.98415990 0.00000000
-0.21430970 -0.96055470 0.17721760 0.00000000
-0.97580330 0.21859750 0.00480029 0.00000000
0.16974200 1.30877600 -0.17331940 1.00000000

-0.06753865 -0.22583870 -0.97182070 0.00000000
-0.99708360 -0.01941628 0.07380655 0.00000000
-0.03553753 0.97397130 -0.22386870 0.00000000
0.10940550 1.03834200 -0.12342640 1.00000000

0.52760840 -0.84584330 0.07860473 0.00000000
-0.84717930 -0.53073430 -0.02466819 0.00000000
0.06258342 -0.05357721 -0.99660060 0.00000000
-0.13180280 1.03360600 -0.10574100 1.00000000

-0.37248180 0.92515410 -0.07312696 0.00000000
0.06258342 -0.05357721 -0.99660060 0.00000000
-0.92592680 -0.37579200 -0.03794289 0.00000000
-0.21881400 1.01564300 -0.11249370 1.00000000

-0.84085850 -0.54125260 -0.00163844 0.00000000
-0.52756070 0.82025670 -0.22104080 0.00000000
0.12098280 -0.18499980 -0.97526320 0.00000000
-0.25905830 0.95185890 -0.16670500 1.00000000

-0.98750830 0.08500710 -0.13267040 0.00000000
0.10702770 0.97981630 -0.16883530 0.00000000
0.11564040 -0.18092570 -0.97667470 0.00000000
-0.28429870 0.99110290 -0.17728030 1.00000000

-0.71701330 -0.68966030 0.10129450 0.00000000
-0.69231190 0.68764000 -0.21875950 0.00000000
0.08121538 -0.22698090 -0.97050700 0.00000000
-0.26206590 0.95154710 -0.12819360 1.00000000

-0.97661130 0.17613710 -0.12331310 0.00000000
0.19925770 0.95690460 -0.21125810 0.00000000
0.08078817 -0.23088820 -0.96962060 0.00000000
-0.29585750 0.98644240 -0.13922090 1.00000000

-0.83690730 -0.54213240 0.07535675 0.00000000
-0.53756740 0.78822390 -0.29954130 0.00000000
0.10299300 -0.29119750 -0.95110270 0.00000000
-0.26640390 0.95779120 -0.09019975 1.00000000

-0.99124930 0.04656920 -0.12351690 0.00000000
0.08051714 0.95478400 -0.28618960 0.00000000
0.10460420 -0.29363050 -0.95017840 0.00000000
-0.29163870 0.99479250 -0.10426100 1.00000000

-0.79500280 -0.60545560 -0.03733918 0.00000000
-0.53497840 0.72881660 -0.42734640 0.00000000
0.28595240 -0.31976600 -0.90331670 0.00000000
-0.26950420 0.96472410 -0.05589722 1.00000000

-0.95462640 -0.15693100 -0.25310270 0.00000000
-0.06021038 0.93404610 -0.35204080 0.00000000
0.29165550 -0.32082810 -0.90111400 0.00000000
-0.29164700 0.99624170 -0.07409247 1.00000000

0.79842030 -0.21117710 -0.56385230 0.00000000
-0.47089510 -0.80259260 -0.36620060 0.00000000
-0.37521060 0.55789720 -0.74024860 0.00000000
-0.19734650 1.01173000 -0.18222070 1.00000000

0.04799938 -0.82831680 -0.55820020 0.00000000
-0.94521920 -0.21831990 0.24268710 0.00000000
-0.32288800 0.51597280 -0.79342040 0.00000000
-0.22399960 0.96357540 -0.20500310 1.00000000

-0.02264309 -0.84828600 -0.52905400 0.00000000
-0.99708360 -0.01941628 0.07380655 0.00000000
-0.07288131 0.52918220 -0.84537240 0.00000000
-0.02190582 1.03574600 -0.11387590 1.00000000

-0.46959120 -0.48971530 -0.73461750 0.00000000
-0.07270309 -0.80779080 0.58496870 0.00000000
-0.87988540 0.32810520 0.34372760 0.00000000
0.16700750 1.31144400 -0.18012010 1.00000000

-0.41340900 -0.07518168 -0.90743640 0.00000000
-0.21430970 -0.96055470 0.17721760 0.00000000
-0.88496580 0.26773580 0.38098970 0.00000000
0.16974200 1.30877600 -0.17331940 1.00000000

-0.36484760 -0.09090978 -0.92661830 0.00000000
-0.21426370 -0.96031250 0.17857980 0.00000000
-0.90607790 0.26369520 0.33088900 0.00000000
0.14403040 1.19353800 -0.15188980 1.00000000

0.91871530 0.25860470 -0.29847230 0.00000000
-0.38590520 0.74843070 -0.53937790 0.00000000
0.08390021 0.61071690 0.78739180 0.00000000
-0.04898229 1.47446400 -0.05026702 1.00000000

0.98864390 0.14720620 0.03022322 0.00000000
-0.13325940 0.95173890 -0.27646850 0.00000000
-0.06946233 0.26930140 0.96054770 0.00000000
-0.08525743 1.54481600 -0.10096860 1.00000000

0.98864390 0.14720620 0.03022322 0.00000000
-0.11522930 0.87168160 -0.47633340 0.00000000
-0.09646419 0.46744150 0.87874530 0.00000000
-0.08916311 1.59775000 -0.23103000 1.00000000

0.98864390 0.14720620 0.03022322 0.00000000
0.10085000 -0.79901980 0.59278750 0.00000000
0.11141090 -0.58300780 -0.80479190 0.00000000
-0.02596271 1.59012700 -0.20164980 1.00000000

0.98864390 0.14720620 0.03022322 0.00000000
-0.10416990 0.81626870 -0.56820240 0.00000000
-0.10831320 0.55860150 0.82233360 0.00000000
-0.14880380 1.56986300 -0.20390100 1.00000000

0.98862540 0.14729600 0.03039268 0.00000000
0.11545210 -0.87276060 0.47429970 0.00000000
0.09638810 -0.46539580 -0.87983890 0.00000000
-0.05301348 1.61472000 -0.19187600 1.00000000

0.98865390 0.14715830 0.03013304 0.00000000
-0.11522810 0.87167610 -0.47634340 0.00000000
-0.09636405 0.46746660 0.87874290 0.00000000
-0.13095940 1.60311500 -0.19425900 1.00000000

0.95692490 0.27811320 -0.08335450 0.00000000
0.28336240 -0.83207830 0.47681420 0.00000000
0.06325081 -0.47989470 -0.87504300 0.00000000
-0.07036901 1.60417700 -0.23242410 1.00000000

0.96611970 0.25808220 -0.00249127 0.00000000
-0.22784950 0.84833160 -0.47793110 0.00000000
-0.12123210 0.46230620 0.87839390 0.00000000
-0.10543400 1.59969500 -0.23482810 1.00000000

0.96859770 0.16556220 0.18549280 0.00000000
0.10945580 -0.95380660 0.27977200 0.00000000
0.22324390 -0.25068330 -0.94197680 0.00000000
-0.01757325 1.63103100 -0.18981070 1.00000000

0.98870890 0.13395650 -0.06715977 0.00000000
-0.14917760 0.92227190 -0.35659590 0.00000000
0.01417118 0.36258820 0.93184180 0.00000000
-0.16984680 1.60967800 -0.19595140 1.00000000

0.96728100 0.25370480 -0.00117984 0.00000000
0.22277130 -0.84709980 0.48248810 0.00000000
0.12141000 -0.46696450 -0.87590180 0.00000000
-0.05307783 1.61523200 -0.19226320 1.00000000

0.99736760 0.03882583 0.06123972 0.00000000
-0.00538902 0.88192000 -0.47136820 0.00000000
-0.07230988 0.46979730 0.87980790 0.00000000
-0.13096080 1.60312500 -0.19426690 1.00000000

0.98611070 0.16462820 0.02198508 0.00000000
-0.13694250 0.88080400 -0.45324520 0.00000000
-0.09398156 0.44393910 0.89111480 0.00000000
-0.09052926 1.58587900 -0.12852110 1.00000000

0.94269470 0.32875800 -0.05696693 0.00000000
0.32274080 -0.85514840 0.40565930 0.00000000
0.08464867 -0.40079830 -0.91224730 0.00000000
-0.06160173 1.51438200 -0.22010790 1.00000000

0.98676590 0.16033660 0.02419227 0.00000000
-0.13331120 0.88711490 -0.44187720 0.00000000
-0.09231043 0.43280410 0.89674930 0.00000000
-0.07647630 1.51326900 -0.22345390 1.00000000

0.99484750 -0.01001069 0.10088600 0.00000000
0.04947825 0.91649820 -0.39696700 0.00000000
-0.08848807 0.39991330 0.91227140 0.00000000
-0.09415708 1.51067900 -0.21902540 1.00000000

0.98241930 0.18572050 0.01898310 0.00000000
0.15133430 -0.85178890 0.50155120 0.00000000
0.10931780 -0.48986070 -0.86491970 0.00000000
-0.05627833 1.52806000 -0.20608870 1.00000000

0.99002610 0.13691240 0.03321695 0.00000000
-0.10212430 0.85983800 -0.50024930 0.00000000
-0.09705165 0.49186750 0.86524420 0.00000000
-0.10668390 1.52062300 -0.20465860 1.00000000

0.97551130 0.21937320 0.01590779 0.00000000
0.17640730 -0.82354470 0.53912420 0.00000000
0.13137020 -0.52311540 -0.84207610 0.00000000
-0.06529256 1.53820900 -0.21999080 1.00000000

0.98754970 0.15479070 0.02802551 0.00000000
-0.11580460 0.83594880 -0.53645030 0.00000000
-0.10646550 0.52652570 0.84346650 0.00000000
-0.07983612 1.53467100 -0.22467720 1.00000000

0.99450190 0.09834182 0.03598386 0.00000000
-0.06265815 0.83414840 -0.54796970 0.00000000
-0.08390430 0.54270210 0.83572390 0.00000000
-0.09820457 1.53428300 -0.21961970 1.00000000

0.98858920 0.14759610 0.03010991 0.00000000
0.10196980 -0.80282400 0.58743170 0.00000000
0.11087560 -0.57765830 -0.80871340 0.00000000
-0.06843036 1.56847700 -0.22025810 1.00000000

0.98858920 0.14759610 0.03010991 0.00000000
-0.10196970 0.80282400 -0.58743150 0.00000000
-0.11087560 0.57765810 0.80871370 0.00000000
-0.08333807 1.56102100 -0.24267810 1.00000000

0.98858920 0.14759610 0.03010991 0.00000000
-0.10196970 0.80282400 -0.58743150 0.00000000
-0.11087560 0.57765810 0.80871370 0.00000000
-0.10106160 1.56299400 -0.22108090 1.00000000

0.98864390 0.14720620 0.03022322 0.00000000
0.02649042 -0.36868270 0.92917790 0.00000000
0.14792360 -0.91782550 -0.36839540 0.00000000
-0.10081070 1.63366700 -0.02496279 1.00000000

0.98864390 0.14720620 0.03022322 0.00000000
-0.13034380 0.94007960 -0.31505670 0.00000000
-0.07479042 0.30753950 0.94859150 0.00000000
-0.10420600 1.68355500 -0.15688710 1.00000000

0.46907310 -0.83572750 0.28553430 0.00000000
0.36810760 -0.10887440 -0.92338690 0.00000000
0.80278720 0.53824320 0.25656750 0.00000000
-0.05995528 1.45029200 0.03280450 1.00000000

0.80835860 -0.33246270 0.48582390 0.00000000
0.58171160 0.57780480 -0.57249730 0.00000000
-0.09037754 0.74539250 0.66047110 0.00000000
-0.14237450 1.47466900 0.23955090 1.00000000

0.80836860 -0.33246610 0.48580520 0.00000000
-0.19422180 0.62841400 0.75324240 0.00000000
-0.55571440 -0.70325140 0.44341790 0.00000000
-0.30614780 1.31199900 0.40072710 1.00000000

0.97687320 0.14256540 -0.15935610 0.00000000
0.02317885 0.67028050 0.74174610 0.00000000
0.21256040 -0.72828530 0.65147430 0.00000000
-0.25930360 1.16003900 0.21842960 1.00000000

-0.97499330 -0.20232670 0.09193540 0.00000000
0.21256040 -0.72828530 0.65147430 0.00000000
-0.06485552 0.65472490 0.75308000 0.00000000
-0.21786270 1.09416200 0.11539740 1.00000000

0.96143030 0.27504920 0.00029960 0.00000000
-0.13871220 0.48392460 0.86404650 0.00000000
0.23751010 -0.83076180 0.50341210 0.00000000
-0.27227220 1.09972300 0.06747528 1.00000000

0.01853710 0.49346290 0.86956940 0.00000000
-0.95687000 -0.24344060 0.15854590 0.00000000
0.28992470 -0.83500380 0.46766700 0.00000000
-0.26563540 1.07657100 0.02613627 1.00000000

0.16469830 0.73764870 0.65478960 0.00000000
-0.94160200 -0.08009006 0.32706510 0.00000000
0.29370100 -0.67041800 0.68138040 0.00000000
-0.26578360 1.07022200 0.09155486 1.00000000

-0.82530580 0.18067260 0.53500310 0.00000000
-0.48038380 -0.72264310 -0.49700990 0.00000000
0.29681990 -0.66719160 0.68319340 0.00000000
-0.21874350 1.07493900 0.07586604 1.00000000

0.30583520 0.71962390 0.62338320 0.00000000
-0.88934910 -0.01781236 0.45688220 0.00000000
0.33988700 -0.69413570 0.63454900 0.00000000
-0.25311430 1.04324400 0.11631410 1.00000000

-0.71295600 0.27272300 0.64600020 0.00000000
-0.57498310 -0.75469090 -0.31596910 0.00000000
0.40135830 -0.59671120 0.69487240 0.00000000
-0.21136620 1.04408000 0.09486633 1.00000000

0.18665690 0.72400380 0.66406180 0.00000000
-0.86619880 -0.19763930 0.45895410 0.00000000
0.46352880 -0.66087620 0.59024020 0.00000000
-0.24099120 1.01989300 0.13959650 1.00000000

-0.59810760 0.43305210 0.67433940 0.00000000
-0.61551180 -0.78708810 -0.04047236 0.00000000
0.51323760 -0.43927050 0.73731170 0.00000000
-0.20396050 1.02890700 0.12056430 1.00000000

0.37792160 -0.91964820 -0.10687870 0.00000000
-0.88356170 -0.39273900 0.25509790 0.00000000
-0.27657560 -0.00197317 -0.96099020 0.00000000
-0.26046000 1.16882600 0.12209180 1.00000000

-0.95875020 -0.28285250 -0.02815023 0.00000000
-0.24878230 0.78709210 0.56444120 0.00000000
-0.13749660 0.54816130 -0.82499340 0.00000000
-0.21399320 1.19079100 0.10599920 1.00000000

0.96793630 -0.00192840 0.25118870 0.00000000
-0.19422180 0.62841400 0.75324240 0.00000000
-0.15930310 -0.77787690 0.60789010 0.00000000
-0.28070800 1.22929900 0.30144980 1.00000000

0.97985960 -0.19802420 0.02572420 0.00000000
0.17441090 0.78596160 -0.59316550 0.00000000
0.09724286 0.58570540 0.80466960 0.00000000
-0.12001510 1.47424400 0.20041120 1.00000000

0.80538770 -0.50767490 0.30596890 0.00000000
0.58171160 0.57780480 -0.57249730 0.00000000
0.11385220 0.63906790 0.76067730 0.00000000
-0.14237450 1.47466900 0.23955090 1.00000000

0.80327750 -0.52172740 0.28730790 0.00000000
0.58059080 0.57827540 -0.57315980 0.00000000
0.13289000 0.62721450 0.76742580 0.00000000
-0.21204540 1.40527600 0.30833010 1.00000000

0.77331670 0.01805620 -0.63376290 0.00000000
0.08325434 0.98804710 0.12973680 0.00000000
0.62853010 -0.15309110 0.76257000 0.00000000
-0.04349023 0.97879110 -0.13223120 1.00000000

0.77028700 -0.01740932 -0.63745970 0.00000000
0.10443310 0.98957540 0.09916800 0.00000000
0.62908790 -0.14295970 0.76407520 0.00000000
-0.15878870 0.98845650 -0.04782279 1.00000000

0.77671390 -0.00824630 -0.62979950 0.00000000
-0.08365928 -0.99240560 -0.09018053 0.00000000
-0.62427290 0.12273310 -0.77150510 0.00000000
-0.10334720 0.98408060 0.14675890 1.00000000

1.00000000 0.00000000 0.00000000 0.00000000
0.00000000 1.00000000 0.00000000 0.00000000
0.00000000 0.00000000 1.00000000 0.00000000
0.00000000 0.00000000 0.00000000 1.00000000

1.00000000 0.00000000 0.00000000 0.00000000
0.00000000 1.00000000 0.00000000 0.00000000
0.00000000 0.00000000 1.00000000 0.00000000
0.00000000 0.00000000 0.00000000 1.00000000

0.98864390 0.14720620 0.03022322 0.00000000
-0.13034370 0.94007950 -0.31505680 0.00000000
-0.07479042 0.30753960 0.94859150 0.00000000
-0.08328522 1.53174000 -0.10180150 1.00000000

0.77336880 0.00217374 -0.63395260 0.00000000
-0.02740289 0.99917410 -0.03000318 0.00000000
0.63336380 0.04057565 0.77278970 0.00000000
0.00574041 0.85425570 0.04973631 1.00000000

0.97110320 0.18726170 0.14795850 0.00000000
0.23636420 -0.84041920 -0.48767600 0.00000000
0.03302395 0.50855580 -0.86039570 0.00000000
0.10567500 0.82327540 -0.03750263 1.00000000

0.97110320 0.18726170 0.14795850 0.00000000
0.16642740 -0.97569480 0.14255430 0.00000000
0.17105710 -0.11381060 -0.97866580 0.00000000
0.20022060 0.48710780 -0.23257300 1.00000000

0.99750640 0.06008871 0.03701922 0.00000000
0.06023311 -0.99818060 -0.00279608 0.00000000
0.03678373 0.00501888 -0.99931070 0.00000000
0.25989880 0.13920660 -0.18394470 1.00000000

0.99727920 0.06601277 0.03280661 0.00000000
0.06481412 -0.99723540 0.03635006 0.00000000
0.03511533 -0.03412490 -0.99880060 0.00000000
0.27121450 0.03589368 -0.32116090 1.00000000

0.58366900 -0.22928030 -0.77894870 0.00000000
0.33055760 0.94330980 -0.02997129 0.00000000
0.74166170 -0.23999400 0.62637110 0.00000000
-0.09930517 0.82269880 0.13052540 1.00000000

0.58366800 -0.22928010 -0.77894950 0.00000000
-0.27693540 0.84557980 -0.45640050 0.00000000
0.76330760 0.48210510 0.43004200 0.00000000
-0.23152850 0.44537570 0.14251440 1.00000000

0.31522260 -0.07389107 -0.94613680 0.00000000
-0.00207458 0.99690820 -0.07854740 0.00000000
0.94901540 0.02672271 0.31409470 0.00000000
-0.13454220 0.14302070 0.30418270 1.00000000

0.31657100 -0.09556656 -0.94374240 0.00000000
-0.12993250 0.98116530 -0.14294100 0.00000000
0.93962780 0.16787380 0.29819120 0.00000000
-0.26435930 0.03549117 0.26932910 1.00000000

0.78306000 -0.00823925 -0.62189140 0.00000000
-0.00805490 0.99969400 -0.02338703 0.00000000
0.62189390 0.02332273 0.78275410 0.00000000
0.00200250 0.99054850 0.04564371 1.00000000

0.81007550 -0.03037745 -0.58553810 0.00000000
-0.05040529 0.99135180 -0.12116520 0.00000000
0.58415500 0.12766710 0.80153860 0.00000000
0.00061278 1.16302500 0.04160873 1.00000000

0.71898700 -0.09026957 -0.68913640 0.00000000
-0.32496410 0.83281330 -0.44813000 0.00000000
0.61437450 0.54614430 0.56944760 0.00000000
-0.00884382 1.34901400 0.01887675 1.00000000

-0.31495730 0.42043010 -0.85090580 0.00000000
0.63607230 -0.57190380 -0.51801390 0.00000000
-0.70442470 -0.70438980 -0.08729881 0.00000000
0.02191228 1.43834000 -0.05258034 1.00000000

-0.01709458 -0.16288230 -0.98649750 0.00000000
-0.21893600 -0.96208830 0.16264580 0.00000000
-0.97558970 0.21876020 -0.01921433 0.00000000
0.16432850 1.31029100 -0.16856330 1.00000000

-0.04143429 -0.21657890 -0.97538550 0.00000000
-0.99840930 -0.02839106 0.04871625 0.00000000
-0.03824322 0.97585250 -0.21505790 0.00000000
0.10268960 1.03942600 -0.12277290 1.00000000

0.53198990 -0.84366630 0.07221334 0.00000000
-0.84426520 -0.53502550 -0.03105322 0.00000000
0.06483433 -0.04444737 -0.99690580 0.00000000
-0.13883490 1.03252100 -0.11115750 1.00000000

-0.37730270 0.92375520 -0.06572388 0.00000000
0.06483430 -0.04444732 -0.99690570 0.00000000
-0.92381800 -0.38039630 -0.04312110 0.00000000
-0.22573490 1.01415200 -0.11824370 1.00000000

-0.83793340 -0.54571260 -0.00810441 0.00000000
-0.53152390 0.81933770 -0.21486910 0.00000000
0.12389690 -0.17573840 -0.97660950 0.00000000
-0.26552900 0.95063390 -0.17309600 1.00000000

-0.98768750 0.08088439 -0.13390880 0.00000000
0.10209400 0.98182710 -0.15997900 0.00000000
0.11853550 -0.17168070 -0.97799560 0.00000000
-0.29095900 0.98983410 -0.18337610 1.00000000

-0.71349570 -0.69435710 0.09376663 0.00000000
-0.69556440 0.68582560 -0.21408870 0.00000000
0.08434632 -0.21797220 -0.97230330 0.00000000
-0.26861080 0.94996630 -0.13459510 1.00000000

-0.97729900 0.17198540 -0.12372690 0.00000000
0.19452930 0.95978490 -0.20241590 0.00000000
0.08393842 -0.22188930 -0.97145240 0.00000000
-0.30256770 0.98477630 -0.14538270 1.00000000

-0.83412930 -0.54725040 0.06888786 0.00000000
-0.54120350 0.78794540 -0.29366860 0.00000000
0.10643030 -0.28224000 -0.95342180 0.00000000
-0.27305720 0.95585170 -0.09655652 1.00000000

-0.99123990 0.04234767 -0.12510170 0.00000000
0.07594962 0.95768920 -0.27760260 0.00000000
0.10805280 -0.28467240 -0.95251580 0.00000000
-0.29846260 0.99284010 -0.11034210 1.00000000

-0.79166330 -0.60935190 -0.04427662 0.00000000
-0.53804360 0.72968270 -0.42198670 0.00000000
0.28944620 -0.31024870 -0.90552030 0.00000000
-0.27626230 0.96246500 -0.06220052 1.00000000

-0.95326920 -0.15980230 -0.25640150 0.00000000
-0.06453443 0.93677990 -0.34391790 0.00000000
0.29515060 -0.31129960 -0.90331550 0.00000000
-0.29853820 0.99402280 -0.08016204 1.00000000

0.80065330 -0.20191570 -0.56407870 0.00000000
-0.46585350 -0.80184150 -0.37420790 0.00000000
-0.37674330 0.56238870 -0.73605980 0.00000000
-0.20410940 1.01096900 -0.18795900 1.00000000

0.05354929 -0.82309140 -0.56537900 0.00000000
-0.94450910 -0.22551120 0.23884610 0.00000000
-0.32409150 0.52121560 -0.78949300 0.00000000
-0.23045850 0.96287550 -0.21121870 1.00000000

-0.00260037 -0.83988290 -0.54276200 0.00000000
-0.99840930 -0.02839106 0.04871625 0.00000000
-0.05632567 0.54202530 -0.83847270 0.00000000
-0.02879186 1.03565000 -0.11652700 1.00000000

-0.45410800 -0.48160070 -0.74956440 0.00000000
-0.08600250 -0.81368890 0.57490370 0.00000000
-0.88678630 0.32553280 0.32808360 0.00000000
0.16089640 1.31386000 -0.17537370 1.00000000

-0.39384710 -0.06537273 -0.91684840 0.00000000
-0.21893600 -0.96208830 0.16264580 0.00000000
-0.89272170 0.26478870 0.36460290 0.00000000
0.16432850 1.31029100 -0.16856330 1.00000000

-0.34497960 -0.08093095 -0.93511470 0.00000000
-0.21892630 -0.96185870 0.16401100 0.00000000
-0.91272160 0.26130170 0.31410340 0.00000000
0.13805730 1.19486800 -0.14888200 1.00000000

0.91877710 0.27120400 -0.28687450 0.00000000
-0.38934340 0.74264120 -0.54488150 0.00000000
0.06527090 0.61231730 0.78791320 0.00000000
-0.05758850 1.47393600 -0.04834288 1.00000000

0.98558580 0.16448370 0.03957036 0.00000000
-0.14739670 0.94968430 -0.27635830 0.00000000
-0.08303550 0.26654230 0.96023960 0.00000000
-0.09418686 1.54374400 -0.09956180 1.00000000

0.98558580 0.16448370 0.03957036 0.00000000
-0.12612110 0.87026760 -0.47615950 0.00000000
-0.11275700 0.46430550 0.87846830 0.00000000
-0.09782186 1.59680400 -0.22957970 1.00000000

0.98558580 0.16448370 0.03957036 0.00000000
0.10939480 -0.79805090 0.59257730 0.00000000
0.12904830 -0.57970690 -0.80454130 0.00000000
-0.03477106 1.59024700 -0.19962700 1.00000000

0.98558580 0.16448370 0.03957036 0.00000000
-0.11324370 0.81520070 -0.56799970 0.00000000
-0.12568430 0.55533140 0.82207690 0.00000000
-0.15721130 1.56783300 -0.20304240 1.00000000

0.98556400 0.16457290 0.03973994 0.00000000
0.12638150 -0.87133930 0.47412650 0.00000000
0.11265530 -0.46225970 -0.87955960 0.00000000
-0.06233844 1.61434500 -0.19006930 1.00000000

0.98559740 0.16443610 0.03948015 0.00000000
-0.12611970 0.87026230 -0.47616960 0.00000000
-0.11265740 0.46433230 0.87846680 0.00000000
-0.14004330 1.60137800 -0.19318930 1.00000000

0.95262150 0.29499090 -0.07411277 0.00000000
0.29352130 -0.82772080 0.47825050 0.00000000
0.07973468 -0.47734540 -0.87509080 0.00000000
-0.07913154 1.60356300 -0.23079080 1.00000000

0.96142050 0.27499820 0.00680402 0.00000000
-0.23829430 0.84494750 -0.47883130 0.00000000
-0.13742680 0.45873700 0.87788060 0.00000000
-0.11408870 1.59847000 -0.23352520 1.00000000

0.96378930 0.18224280 0.19467350 0.00000000
0.12360350 -0.95217450 0.27943860 0.00000000
0.23628860 -0.24525770 -0.94022180 0.00000000
-0.02721066 1.63127200 -0.18765360 1.00000000

0.98678150 0.15138920 -0.05782616 0.00000000
-0.16205530 0.92006750 -0.35667050 0.00000000
-0.00079182 0.36132690 0.93243900 0.00000000
-0.17902270 1.60726000 -0.19523210 1.00000000

0.96264640 0.27063980 0.00811997 0.00000000
0.23315360 -0.84381200 0.48334300 0.00000000
0.13766350 -0.46339520 -0.87539350 0.00000000
-0.06240822 1.61485600 -0.19045650 1.00000000

0.99592490 0.05622483 0.07051486 0.00000000
-0.01652794 0.88242410 -0.47016450 0.00000000
-0.08865872 0.46708310 0.87975730 0.00000000
-0.14004480 1.60138800 -0.19319710 1.00000000

0.98282300 0.18187140 0.03133360 0.00000000
-0.14820320 0.87897150 -0.45326050 0.00000000
-0.10997630 0.44083110 0.89082730 0.00000000
-0.09992462 1.58475100 -0.12710450 1.00000000

0.93726130 0.34533710 -0.04778704 0.00000000
0.33395320 -0.84998550 0.40743060 0.00000000
0.10008240 -0.39782760 -0.91198500 0.00000000
-0.06890274 1.51391600 -0.21851970 1.00000000

0.98353310 0.17758850 0.03354055 0.00000000
-0.14478830 0.88532730 -0.44185050 0.00000000
-0.10816190 0.42971830 0.89646150 0.00000000
-0.08372395 1.51254800 -0.22200470 1.00000000

0.99389730 0.00728983 0.11006780 0.00000000
0.03703509 0.91784380 -0.39521090 0.00000000
-0.10390590 0.39687550 0.91197240 0.00000000
-0.10139660 1.50964000 -0.21774340 1.00000000

0.97878960 0.20290030 0.02832693 0.00000000
0.16163710 -0.84978380 0.50173800 0.00000000
0.12587440 -0.48651720 -0.86455570 0.00000000
-0.06394983 1.52766300 -0.20443270 1.00000000

0.98712070 0.15421100 0.04256260 0.00000000
-0.11259010 0.85869310 -0.49996970 0.00000000
-0.11364880 0.48873840 0.86499630 0.00000000
-0.11422800 1.51934100 -0.20347930 1.00000000

0.97132040 0.23643140 0.02523503 0.00000000
0.18586280 -0.82116260 0.53958080 0.00000000
0.14829580 -0.51941540 -0.84155580 0.00000000
-0.07301228 1.53767400 -0.21840340 1.00000000

0.98437890 0.17205130 0.03737336 0.00000000
-0.12551440 0.83462390 -0.53632900 0.00000000
-0.12346880 0.52326010 0.84318100 0.00000000
-0.08744764 1.53388900 -0.22322900 1.00000000

0.99224750 0.11572070 0.04531655 0.00000000
-0.07224053 0.83377410 -0.54735890 0.00000000
-0.10112450 0.53984180 0.83567010 0.00000000
-0.10585230 1.53317100 -0.21834210 1.00000000

0.98552540 0.16487280 0.03945696 0.00000000
0.11063050 -0.80182650 0.58722650 0.00000000
0.12845530 -0.57436160 -0.80846040 0.00000000
-0.07667853 1.56788300 -0.21865740 1.00000000

0.98552540 0.16487280 0.03945696 0.00000000
-0.11063050 0.80182660 -0.58722650 0.00000000
-0.12845520 0.57436140 0.80846040 0.00000000
-0.09124562 1.56020200 -0.24122470 1.00000000

0.98552540 0.16487280 0.03945696 0.00000000
-0.11063050 0.80182660 -0.58722650 0.00000000
-0.12845520 0.57436140 0.80846040 0.00000000
-0.10919950 1.56183000 -0.21978960 1.00000000

0.98558580 0.16448370 0.03957036 0.00000000
0.02439106 -0.36961020 0.92886670 0.00000000
0.16740890 -0.91451280 -0.36829450 0.00000000
-0.11199820 1.63219100 -0.02357892 1.00000000

0.98558580 0.16448370 0.03957036 0.00000000
-0.14392090 0.93813810 -0.31493410 0.00000000
-0.08892378 0.30469960 0.94828830 0.00000000
-0.11505240 1.68221700 -0.15545910 1.00000000

0.47707100 -0.83037330 0.28789490 0.00000000
0.37572970 -0.10342820 -0.92093970 0.00000000
0.79450020 0.54752430 0.26265340 0.00000000
-0.06910164 1.44976600 0.03465601 1.00000000

0.80889890 -0.32799450 0.48795730 0.00000000
0.57771240 0.59758500 -0.55600410 0.00000000
-0.10922960 0.73165020 0.67287230 0.00000000
-0.15322750 1.47292400 0.24085450 1.00000000

0.80890910 -0.32799740 0.48793860 0.00000000
-0.20300610 0.62305840 0.75537200 0.00000000
-0.55177430 -0.71008180 0.43741210 0.00000000
-0.31587490 1.30468500 0.39738740 1.00000000

0.97606340 0.15083970 -0.15667740 0.00000000
0.01755005 0.66342380 0.74803830 0.00000000
0.21677720 -0.73288240 0.64489630 0.00000000
-0.26690580 1.15402000 0.21457430 1.00000000

-0.97368020 -0.20995010 0.08870092 0.00000000
0.21677720 -0.73288240 0.64489630 0.00000000
-0.07038856 0.64715120 0.75910550 0.00000000
-0.22487360 1.08940400 0.11098470 1.00000000

0.95949140 0.28170640 0.00419417 0.00000000
-0.14319880 0.47480630 0.86836240 0.00000000
0.24263190 -0.83378690 0.49591280 0.00000000
-0.27925820 1.09503700 0.06304265 1.00000000

0.01397294 0.48538460 0.87418910 0.00000000
-0.95535780 -0.25156130 0.15494730 0.00000000
0.29512110 -0.83732830 0.46020080 0.00000000
-0.27240670 1.07232100 0.02149714 1.00000000

0.15871020 0.73258760 0.66191140 0.00000000
-0.94144580 -0.08969989 0.32501350 0.00000000
0.29747420 -0.67473670 0.67545530 0.00000000
-0.27259570 1.06535600 0.08685300 1.00000000

-0.82723750 0.16989840 0.53554950 0.00000000
-0.47469710 -0.72125910 -0.50442850 0.00000000
0.30056830 -0.67150580 0.67730270 0.00000000
-0.22556920 1.07054800 0.07127339 1.00000000

0.30000990 0.71583980 0.63052980 0.00000000
-0.88979640 -0.02828369 0.45548090 0.00000000
0.34388490 -0.69769170 0.62846620 0.00000000
-0.25977120 1.03823500 0.11137510 1.00000000

-0.71567520 0.26167960 0.64755920 0.00000000
-0.56930600 -0.75566370 -0.32382610 0.00000000
0.40459820 -0.60041360 0.68978540 0.00000000
-0.21800200 1.03956300 0.08999306 1.00000000

0.18075120 0.71900920 0.67108500 0.00000000
-0.86539780 -0.20795700 0.45589550 0.00000000
0.46734980 -0.66315900 0.58464040 0.00000000
-0.24751610 1.01475100 0.13445370 1.00000000

-0.60198220 0.42252920 0.67755930 0.00000000
-0.60996620 -0.79092970 -0.04870120 0.00000000
0.51532400 -0.44260540 0.73385400 0.00000000
-0.21052430 1.02420100 0.11555750 1.00000000

0.38445110 -0.91595530 -0.11499380 0.00000000
-0.88113780 -0.40124790 0.25019320 0.00000000
-0.27530660 0.00513831 -0.96134300 0.00000000
-0.26799820 1.16370400 0.11832170 1.00000000

-0.95672130 -0.28922880 -0.03211305 0.00000000
-0.25498690 0.78000460 0.57146730 0.00000000
-0.14023630 0.55492320 -0.81999650 0.00000000
-0.22166450 1.18614100 0.10249950 1.00000000

0.96687540 0.00565160 0.25518610 0.00000000
-0.20300610 0.62305840 0.75537200 0.00000000
-0.15472680 -0.78215500 0.60356720 0.00000000
-0.28927820 1.22269000 0.29782910 1.00000000

0.98353760 -0.17632610 0.03953689 0.00000000
0.16620140 0.79680250 -0.58093280 0.00000000
0.07093078 0.57794040 0.81299100 0.00000000
-0.13127780 1.47259000 0.20356200 1.00000000

0.81158640 -0.49318080 0.31320990 0.00000000
0.57771240 0.59758500 -0.55600410 0.00000000
0.08704108 0.63219060 0.76990840 0.00000000
-0.15322750 1.47292400 0.24085450 1.00000000

0.81000380 -0.50760210 0.29365630 0.00000000
0.57659050 0.59804930 -0.55666940 0.00000000
0.10694570 0.62022380 0.77710060 0.00000000
-0.22241840 1.40115800 0.30765490 1.00000000

0.77524750 0.02705967 -0.63107760 0.00000000
0.07528342 0.98800250 0.13484600 0.00000000
0.62715520 -0.15204870 0.76390930 0.00000000
-0.04849780 0.98003040 -0.12973780 1.00000000

0.77266280 -0.00592784 -0.63478890 0.00000000
0.09643297 0.98944770 0.10813810 0.00000000
0.62744950 -0.14476890 0.76508120 0.00000000
-0.16418020 0.98798410 -0.04567676 1.00000000

0.77928950 0.00388716 -0.62665190 0.00000000
-0.07452592 -0.99230940 -0.09883404 0.00000000
-0.62221680 0.12372210 -0.77300670 0.00000000
-0.10925220 0.98305970 0.14884610 1.00000000

1.00000000 0.00000000 0.00000000 0.00000000
0.00000000 1.00000000 0.00000000 0.00000000
0.00000000 0.00000000 1.00000000 0.00000000
0.00000000 0.00000000 0.00000000 1.00000000

1.00000000 0.00000000 0.00000000 0.00000000
0.00000000 1.00000000 0.00000000 0.00000000
0.00000000 0.00000000 1.00000000 0.00000000
0.00000000 0.00000000 0.00000000 1.00000000

0.98558580 0.16448370 0.03957036 0.00000000
-0.14392090 0.93813810 -0.31493430 0.00000000
-0.08892378 0.30469970 0.94828830 0.00000000
-0.09197772 1.53070700 -0.10039470 1.00000000

0.77495320 0.01410251 -0.63186130 0.00000000
-0.03580584 0.99912500 -0.02161500 0.00000000
0.63100360 0.03937494 0.77478000 0.00000000
0.00124673 0.85467230 0.05402222 1.00000000

0.96987390 0.18987660 0.15261520 0.00000000
0.24064740 -0.84413430 -0.47908900 0.00000000
0.03785989 0.50138240 -0.86439700 0.00000000
0.10166510 0.82528080 -0.03321096 1.00000000

0.96987390 0.18987660 0.15261520 0.00000000
0.17233150 -0.97756990 0.12107500 0.00000000
0.17218140 -0.09112712 -0.98084120 0.00000000
0.19792400 0.48762710 -0.22484650 1.00000000

0.99730410 0.06244536 0.03853565 0.00000000
0.06267130 -0.99802330 -0.00468138 0.00000000
0.03816715 0.00708385 -0.99924620 0.00000000
0.25970830 0.13910820 -0.18387630 1.00000000

0.99706850 0.06837716 0.03433448 0.00000000
0.06719528 -0.99714420 0.03447296 0.00000000
0.03659347 -0.03206478 -0.99881550 0.00000000
0.27146770 0.03609449 -0.32128010 1.00000000

0.58896530 -0.22042100 -0.77751800 0.00000000
0.32909470 0.94411840 -0.01836377 0.00000000
0.73811690 -0.24506150 0.62859230 0.00000000
-0.10373500 0.82154250 0.13426270 1.00000000

0.58896420 -0.22042090 -0.77751900 0.00000000
-0.28503040 0.84360760 -0.45506470 0.00000000
0.75622670 0.48963340 0.43402790 0.00000000
-0.23537320 0.44389610 0.14160880 1.00000000

0.31544890 -0.07343771 -0.94609670 0.00000000
0.00026797 0.99700790 -0.07730022 0.00000000
0.94894270 0.02413077 0.31452470 0.00000000
-0.13548690 0.14222720 0.30279230 1.00000000

0.31674600 -0.09511921 -0.94372890 0.00000000
-0.12759910 0.98164190 -0.14176690 0.00000000
0.93988860 0.16532310 0.29879410 0.00000000
-0.26553800 0.03504229 0.26774980 1.00000000

0.78524560 -0.00512938 -0.61916320 0.00000000
-0.01369340 0.99957730 -0.02564734 0.00000000
0.61903300 0.02861791 0.78484340 0.00000000
-0.00363740 0.99095830 0.05107380 1.00000000

0.81390550 -0.02676024 -0.58038060 0.00000000
-0.05683435 0.99048060 -0.12537170 0.00000000
0.57821070 0.13502630 0.80463670 0.00000000
-0.00599993 1.16341500 0.04664883 1.00000000

0.72611060 -0.08740887 -0.68199930 0.00000000
-0.32820590 0.82752960 -0.45549490 0.00000000
0.60418890 0.55457580 0.57218990 0.00000000
-0.01666270 1.34924000 0.02312766 1.00000000

-0.30675410 0.41344560 -0.85730090 0.00000000
0.64625020 -0.57079490 -0.50651140 0.00000000
-0.69875790 -0.70940540 -0.09209573 0.00000000
0.01395680 1.43846600 -0.04851381 1.00000000

0.00412053 -0.14956330 -0.98874360 0.00000000
-0.21965970 -0.96473810 0.14501670 0.00000000
-0.97556770 0.21658960 -0.03682837 0.00000000
0.15865190 1.31066500 -0.16192140 1.00000000

-0.02029657 -0.20345290 -0.97887420 0.00000000
-0.99912100 -0.03178888 0.02732348 0.00000000
-0.03667630 0.97856890 -0.20262890 0.00000000
0.09680919 1.03905400 -0.12109420 1.00000000

0.53440070 -0.84245520 0.06845176 0.00000000
-0.84239640 -0.53748610 -0.03842923 0.00000000
0.06916660 -0.03712684 -0.99691400 0.00000000
-0.14488380 1.03132900 -0.11465440 1.00000000

-0.38000140 0.92299000 -0.06073850 0.00000000
0.06916651 -0.03712681 -0.99691410 0.00000000
-0.92239630 -0.38302970 -0.04973188 0.00000000
-0.23169350 1.01273400 -0.12223840 1.00000000

-0.83612690 -0.54831640 -0.01553056 0.00000000
-0.53325680 0.81914680 -0.21127370 0.00000000
0.12856650 -0.16836990 -0.97730360 0.00000000
-0.27105160 0.94948140 -0.17770920 1.00000000

-0.98737170 0.07868025 -0.13750220 0.00000000
0.09959722 0.98326460 -0.15255120 0.00000000
0.12319790 -0.16431960 -0.97868360 0.00000000
-0.29656450 0.98867240 -0.18781730 1.00000000

-0.71163950 -0.69728540 0.08580437 0.00000000
-0.69686750 0.68510860 -0.21213730 0.00000000
0.08913481 -0.21075960 -0.97346570 0.00000000
-0.27429290 0.94852930 -0.13922730 1.00000000

-0.97732010 0.16973910 -0.12662770 0.00000000
0.19228050 0.96182130 -0.19475290 0.00000000
0.08873588 -0.21468400 -0.97264430 0.00000000
-0.30831630 0.98330660 -0.14991020 1.00000000

-0.83264140 -0.55039140 0.06146413 0.00000000
-0.54250380 0.78828650 -0.29033510 0.00000000
0.11134640 -0.27508950 -0.95494910 0.00000000
-0.27891820 0.95412890 -0.10116700 1.00000000

-0.99083690 0.04007058 -0.12898460 0.00000000
0.07402545 0.95988320 -0.27045310 0.00000000
0.11297290 -0.27752300 -0.95405350 0.00000000
-0.30438470 0.99113330 -0.11479620 1.00000000

-0.78949990 -0.61154770 -0.05195922 0.00000000
-0.53861680 0.73095120 -0.41905040 0.00000000
0.29424860 -0.30285400 -0.90647520 0.00000000
-0.28228900 0.96048650 -0.06677869 1.00000000

-0.95166220 -0.16101520 -0.26155890 0.00000000
-0.06611037 0.93899850 -0.33750860 0.00000000
0.29994710 -0.30390260 -0.90425400 0.00000000
-0.30459080 0.99210050 -0.08460904 1.00000000

0.80366380 -0.19532630 -0.56211380 0.00000000
-0.46168710 -0.80063640 -0.38187290 0.00000000
-0.37545900 0.56641840 -0.73362210 0.00000000
-0.20976500 1.01011700 -0.19188260 1.00000000

0.05858019 -0.81886180 -0.57099380 0.00000000
-0.94477210 -0.23022720 0.23324110 0.00000000
-0.32245060 0.52579620 -0.78712440 0.00000000
-0.23586090 0.96210660 -0.21559520 1.00000000

0.01124233 -0.83116750 -0.55590880 0.00000000
-0.99912100 -0.03178888 0.02732348 0.00000000
-0.04038215 0.55511330 -0.83079400 0.00000000
-0.03476229 1.03483300 -0.11766600 1.00000000

-0.43616150 -0.47274910 -0.76568370 0.00000000
-0.09623030 -0.82150110 0.56202820 0.00000000
-0.89470820 0.31881700 0.31281430 0.00000000
0.15381780 1.31603900 -0.16799790 1.00000000

-0.37345340 -0.05417260 -0.92606570 0.00000000
-0.21965970 -0.96473810 0.14501670 0.00000000
-0.90126690 0.25757630 0.34838520 0.00000000
0.15865190 1.31066500 -0.16192140 1.00000000

-0.32414620 -0.06936049 -0.94346080 0.00000000
-0.21967930 -0.96452710 0.14638480 0.00000000
-0.92014690 0.25470900 0.29741070 0.00000000
0.13229030 1.19492200 -0.14435520 1.00000000

0.91901340 0.28162390 -0.27586620 0.00000000
-0.39140650 0.73536420 -0.55320930 0.00000000
0.04706514 0.61638270 0.78603900 0.00000000
-0.06589363 1.47337000 -0.04519673 1.00000000

0.98270430 0.17843490 0.04952979 0.00000000
-0.15793050 0.94721990 -0.27898510 0.00000000
-0.09669629 0.26633760 0.95901730 0.00000000
-0.10268590 1.54249400 -0.09719843 1.00000000

0.98270430 0.17843490 0.04952979 0.00000000
-0.13347480 0.86790440 -0.47846250 0.00000000
-0.12836160 0.46357620 0.87671010 0.00000000
-0.10572770 1.59536300 -0.22730950 1.00000000

0.98270430 0.17843490 0.04952979 0.00000000
0.11453010 -0.79581090 0.59461620 0.00000000
0.14551670 -0.57865930 -0.80248300 0.00000000
-0.04290307 1.58972700 -0.19670100 1.00000000

0.98270430 0.17843490 0.04952979 0.00000000
-0.11887420 0.81292990 -0.57010000 0.00000000
-0.14199000 0.55435190 0.82008110 0.00000000
-0.16497290 1.56558300 -0.20135140 1.00000000

0.98267960 0.17852390 0.04969907 0.00000000
0.13377150 -0.86897460 0.47643350 0.00000000
0.12824210 -0.46153320 -0.87780510 0.00000000
-0.07090510 1.61344400 -0.18745640 1.00000000

0.98271750 0.17838730 0.04943979 0.00000000
-0.13347340 0.86789910 -0.47847260 0.00000000
-0.12826220 0.46360450 0.87670960 0.00000000
-0.14838280 1.59937700 -0.19136150 1.00000000

0.94907570 0.30834540 -0.06464118 0.00000000
0.30022720 -0.82299450 0.48222800 0.00000000
0.09549356 -0.47707800 -0.87365770 0.00000000
-0.08712313 1.60238300 -0.22833600 1.00000000

0.95732070 0.28856300 0.01638567 0.00000000
-0.24524600 0.84099930 -0.48226010 0.00000000
-0.15294280 0.45765890 0.87587480 0.00000000
-0.12197490 1.59679400 -0.23142450 1.00000000

0.95905970 0.19604500 0.20437900 0.00000000
0.13414450 -0.95004300 0.28182310 0.00000000
0.24941880 -0.24286890 -0.93744620 0.00000000
-0.03604662 1.63086800 -0.18469880 1.00000000

0.98508980 0.16525760 -0.04783362 0.00000000
-0.17134000 0.91731550 -0.35940910 0.00000000
-0.01551646 0.36224610 0.93195340 0.00000000
-0.18741820 1.60470500 -0.19381280 1.00000000

0.95859430 0.28422360 0.01771918 0.00000000
0.24004330 -0.83993180 0.48671720 0.00000000
0.15321960 -0.46231090 -0.87337990 0.00000000
-0.07097811 1.61395400 -0.18784480 1.00000000

0.99425100 0.07036505 0.08070713 0.00000000
-0.02413204 0.88161460 -0.47135280 0.00000000
-0.10431940 0.46669550 0.87824420 0.00000000
-0.14838430 1.59938700 -0.19136940 1.00000000

0.97978150 0.19577330 0.04124448 0.00000000
-0.15591280 0.87631920 -0.45580240 0.00000000
-0.12537730 0.44015630 0.88912490 0.00000000
-0.10871760 1.58338700 -0.12484720 1.00000000

0.93273530 0.35849670 -0.03853455 0.00000000
0.34169820 -0.84475920 0.41185500 0.00000000
0.11509610 -0.39731890 -0.91043430 0.00000000
-0.07575683 1.51290300 -0.21585410 1.00000000

0.98052910 0.19150310 0.04346389 0.00000000
-0.15270590 0.88273450 -0.44436550 0.00000000
-0.12346450 0.42907610 0.89479050 0.00000000
-0.09052049 1.51132100 -0.21949000 1.00000000

0.99250640 0.02144730 0.12029490 0.00000000
0.02814911 0.91786500 -0.39589320 0.00000000
-0.11890540 0.39631270 0.91038330 0.00000000
-0.10819340 1.50816900 -0.21540770 1.00000000

0.97548280 0.21674000 0.03817159 0.00000000
0.16843230 -0.84689440 0.50438130 0.00000000
0.14164690 -0.48558600 -0.86263690 0.00000000
-0.07114417 1.52673400 -0.20173320 1.00000000

0.98435310 0.16818800 0.05254975 0.00000000
-0.11953680 0.85649770 -0.50211830 0.00000000
-0.12945920 0.48798020 0.86320090 0.00000000
-0.12130700 1.51770200 -0.20128800 1.00000000

0.96757330 0.25015890 0.03496328 0.00000000
0.19185960 -0.81789460 0.54243770 0.00000000
0.16429180 -0.51814030 -0.83936830 0.00000000
-0.08020239 1.53660100 -0.21580820 1.00000000

0.98141340 0.18598240 0.04731154 0.00000000
-0.13174410 0.83221070 -0.53858040 0.00000000
-0.13953960 0.52233710 0.84124480 0.00000000
-0.09453230 1.53260700 -0.22077790 1.00000000

0.98999420 0.12977690 0.05540219 0.00000000
-0.07835257 0.83210240 -0.54905990 0.00000000
-0.11735550 0.53922520 0.83394490 0.00000000
-0.11297450 1.53163400 -0.21608010 1.00000000

