MeshAnim
1
35
83
30
0.77101240 -0.00988551 -0.63674350 0.00000000
-0.01891703 0.99908270 -0.03841688 0.00000000
0.63653920 0.04166519 0.77011810 0.00000000
0.01057782 0.87642340 0.04061815 1.00000000

0.97381820 0.18073090 0.13789330 0.00000000
0.22147860 -0.89100520 -0.39630440 0.00000000
0.05123910 0.41646890 -0.90770510 0.00000000
0.10991930 0.84384190 -0.04671482 1.00000000

0.97381820 0.18073090 0.13789330 0.00000000
0.17281900 -0.98264210 0.06744002 0.00000000
0.14768820 -0.04184372 -0.98814850 0.00000000
0.19851070 0.48743990 -0.20523660 1.00000000

0.99760330 0.05889728 0.03631419 0.00000000
0.05900377 -0.99825610 -0.00186501 0.00000000
0.03614086 0.00400324 -0.99933870 0.00000000
0.26041450 0.13722260 -0.18339320 1.00000000

0.99738090 0.06481752 0.03209594 0.00000000
0.06361135 -0.99727850 0.03727721 0.00000000
0.03442466 -0.03513793 -0.99878940 0.00000000
0.27151410 0.03376257 -0.32051610 1.00000000

0.57722410 -0.23685460 -0.78148080 0.00000000
0.25991580 0.96052860 -0.09913989 0.00000000
0.77411630 -0.14589330 0.61600250 0.00000000
-0.09443626 0.84646160 0.12205290 1.00000000

0.57722340 -0.23685460 -0.78148130 0.00000000
-0.18509610 0.89415000 -0.40771970 0.00000000
0.79533180 0.37999450 0.47228340 0.00000000
-0.19840290 0.46225110 0.16170940 1.00000000

0.31513080 -0.07407244 -0.94615330 0.00000000
-0.00302961 0.99686600 -0.07905167 0.00000000
0.94904340 0.02777810 0.31391870 0.00000000
-0.13421080 0.14281600 0.30593880 1.00000000

0.31649990 -0.09574541 -0.94374820 0.00000000
-0.13088370 0.98096970 -0.14341540 0.00000000
0.93951980 0.16891220 0.29794540 0.00000000
-0.26393210 0.03514618 0.27116180 1.00000000

0.78026340 -0.01236932 -0.62532880 0.00000000
-0.00303016 0.99971800 -0.02355586 0.00000000
0.62544380 0.02027462 0.78000580 0.00000000
0.00799744 1.01270400 0.03537787 1.00000000

0.80547570 -0.03618791 -0.59152300 0.00000000
-0.04353752 0.99182340 -0.11996220 0.00000000
0.59102760 0.12238010 0.79731400 0.00000000
0.00747464 1.18518400 0.03131380 1.00000000

0.83185750 -0.04862344 -0.55285530 0.00000000
-0.19325780 0.90843030 -0.37068280 0.00000000
0.52025440 0.41519880 0.74628770 0.00000000
-0.00069350 1.37126200 0.00880748 1.00000000

-0.04703373 0.82428230 -0.56422200 0.00000000
0.88598000 -0.22644630 -0.40467490 0.00000000
-0.46133240 -0.51892270 -0.71964700 0.00000000
0.04736536 1.46698100 -0.04178363 1.00000000

0.50629110 0.14470610 -0.85013500 0.00000000
0.45731030 -0.88084160 0.12241460 0.00000000
-0.73112010 -0.45075290 -0.51213790 0.00000000
0.24573570 1.41628000 -0.13239020 1.00000000

0.50629200 0.14470460 -0.85013470 0.00000000
-0.05187273 -0.97892560 -0.19751920 0.00000000
-0.86080070 0.14410120 -0.48811590 0.00000000
0.37448650 1.16828900 -0.09792626 1.00000000

0.54981020 0.04908334 -0.83384630 0.00000000
-0.33723660 -0.90025070 -0.27535470 0.00000000
-0.76418610 0.43259640 -0.47841440 0.00000000
0.36202620 0.93150950 -0.14585410 1.00000000

-0.48289670 0.10798920 0.86899320 0.00000000
-0.76418610 0.43259640 -0.47841420 0.00000000
-0.42758690 -0.89509710 -0.12637570 0.00000000
0.31500030 0.85585390 -0.14384400 1.00000000

-0.48893810 -0.86350650 -0.12367930 0.00000000
-0.45498200 0.13147400 0.88074200 0.00000000
-0.74426560 0.48690000 -0.45716220 0.00000000
0.26530770 0.81863840 -0.21292790 1.00000000

-0.36097090 0.26224030 0.89494740 0.00000000
0.56185260 0.82708760 -0.01573622 0.00000000
-0.74432650 0.49714780 -0.44589480 0.00000000
0.24353970 0.82492870 -0.17079000 1.00000000

-0.42092680 -0.89637490 -0.13904250 0.00000000
-0.49023810 0.09583190 0.86630440 0.00000000
-0.76320860 0.43281460 -0.47977520 0.00000000
0.29511090 0.80045710 -0.19639070 1.00000000

-0.40167800 0.27013480 0.87503290 0.00000000
0.50695430 0.86133380 -0.03319149 0.00000000
-0.76266130 0.43026940 -0.48292470 0.00000000
0.27106920 0.80610100 -0.15313200 1.00000000

-0.44316300 -0.89438760 -0.06064481 0.00000000
-0.46359310 0.17075420 0.86943920 0.00000000
-0.76726030 0.41341770 -0.49030380 0.00000000
0.32218360 0.78410850 -0.17400480 1.00000000

-0.41160820 0.28039100 0.86715630 0.00000000
0.49379150 0.86834240 -0.04638919 0.00000000
-0.76599560 0.40910010 -0.49587140 0.00000000
0.30042140 0.79212420 -0.13319100 1.00000000

-0.45813240 -0.88574620 -0.07462224 0.00000000
-0.44144000 0.15384970 0.88400300 0.00000000
-0.77152160 0.43793150 -0.46148710 0.00000000
0.34673960 0.77054910 -0.15285100 1.00000000

-0.34230820 0.36607650 0.86534010 0.00000000
0.56803660 0.81424380 -0.11975840 0.00000000
-0.74843820 0.45055030 -0.48666710 0.00000000
0.32828400 0.77782160 -0.11515170 1.00000000

-0.52288870 0.44035320 -0.72984710 0.00000000
-0.73572840 -0.66553810 0.12555000 0.00000000
-0.43045470 0.60261770 0.67198270 0.00000000
0.27059680 0.89999080 -0.18150450 1.00000000

-0.92379000 -0.21240410 -0.31858540 0.00000000
0.01131627 -0.84681530 0.53176700 0.00000000
-0.38273230 0.48763590 0.78468300 0.00000000
0.22588290 0.86112710 -0.17529490 1.00000000

0.54333910 0.13828460 -0.82804600 0.00000000
-0.05187273 -0.97892560 -0.19751920 0.00000000
-0.83790930 0.15027290 -0.52471530 0.00000000
0.36774360 1.03940500 -0.12408380 1.00000000

0.61206780 -0.28522140 -0.73757840 0.00000000
0.15250120 -0.87261460 0.46399040 0.00000000
-0.77596160 -0.39647520 -0.49060280 0.00000000
0.25476550 1.41615500 -0.14135390 1.00000000

0.46118140 0.11720100 -0.87953150 0.00000000
0.45731030 -0.88084160 0.12241460 0.00000000
-0.76038070 -0.45867420 -0.45982500 0.00000000
0.24573570 1.41628000 -0.13239020 1.00000000

0.49721260 0.13751450 -0.85666170 0.00000000
0.45659840 -0.88104770 0.12358400 0.00000000
-0.73776530 -0.45259780 -0.50085710 0.00000000
0.30052750 1.31055400 -0.11756010 1.00000000

0.97226250 0.21654080 -0.08840632 0.00000000
-0.23160730 0.83863510 -0.49300000 0.00000000
-0.03261408 0.49980100 0.86552600 0.00000000
-0.02968216 1.50752700 -0.04679494 1.00000000

0.98863640 0.14725980 0.03020814 0.00000000
-0.13331210 0.95171930 -0.27651040 0.00000000
-0.06946856 0.26934110 0.96053610 0.00000000
-0.05145331 1.58635800 -0.09313713 1.00000000

0.98863640 0.14725980 0.03020814 0.00000000
-0.11527930 0.87165400 -0.47637170 0.00000000
-0.09648156 0.46747600 0.87872490 0.00000000
-0.05536288 1.63928600 -0.22320090 1.00000000

0.98863640 0.14725980 0.03020814 0.00000000
0.10089730 -0.79898770 0.59282280 0.00000000
0.11143490 -0.58303820 -0.80476640 0.00000000
0.00783814 1.63166900 -0.19382090 1.00000000

0.98863640 0.14725980 0.03020814 0.00000000
-0.10421790 0.81623760 -0.56823840 0.00000000
-0.10833560 0.55863290 0.82230950 0.00000000
-0.11500190 1.61139700 -0.19607020 1.00000000

0.98861790 0.14734970 0.03037786 0.00000000
0.11550220 -0.87273310 0.47433810 0.00000000
0.09640533 -0.46543030 -0.87981870 0.00000000
-0.01921379 1.65626000 -0.18404790 1.00000000

0.98864630 0.14721180 0.03011796 0.00000000
-0.11527820 0.87164860 -0.47638180 0.00000000
-0.09638131 0.46750110 0.87872240 0.00000000
-0.09715916 1.64465000 -0.18642970 1.00000000

0.95690940 0.27815990 -0.08337528 0.00000000
0.28341030 -0.83204160 0.47684920 0.00000000
0.06326881 -0.47993090 -0.87502210 0.00000000
-0.03656913 1.64571500 -0.22459540 1.00000000

0.96610590 0.25813310 -0.00251094 0.00000000
-0.22789840 0.84829800 -0.47796740 0.00000000
-0.12124920 0.46233940 0.87837400 0.00000000
-0.07163391 1.64123100 -0.22699890 1.00000000

0.96859060 0.16562170 0.18547710 0.00000000
0.10950860 -0.95378830 0.27981420 0.00000000
0.22324920 -0.25071390 -0.94196740 0.00000000
0.01622557 1.67257200 -0.18198370 1.00000000

0.98870120 0.13400570 -0.06717414 0.00000000
-0.14922940 0.92224780 -0.35663620 0.00000000
0.01415986 0.36263100 0.93182530 0.00000000
-0.13604690 1.65121100 -0.18812220 1.00000000

0.96726750 0.25375570 -0.00119957 0.00000000
0.22282010 -0.84706630 0.48252450 0.00000000
0.12142730 -0.46699750 -0.87588160 0.00000000
-0.01927820 1.65677200 -0.18443530 1.00000000

0.99736610 0.03888131 0.06122959 0.00000000
-0.00543961 0.88189860 -0.47140790 0.00000000
-0.07232732 0.46983330 0.87978720 0.00000000
-0.09716048 1.64466100 -0.18643770 1.00000000

0.98610220 0.16468120 0.02196941 0.00000000
-0.13699290 0.88077630 -0.45328380 0.00000000
-0.09399754 0.44397440 0.89109550 0.00000000
-0.05672754 1.62741900 -0.12069150 1.00000000

0.94267670 0.32880520 -0.05698967 0.00000000
0.32278940 -0.85511320 0.40569510 0.00000000
0.08466205 -0.40083500 -0.91223000 0.00000000
-0.02779701 1.55592000 -0.21227520 1.00000000

0.98675750 0.16038980 0.02417678 0.00000000
-0.13336180 0.88708780 -0.44191600 0.00000000
-0.09232563 0.43283970 0.89673050 0.00000000
-0.04267154 1.55480600 -0.21562110 1.00000000

0.99484900 -0.00995354 0.10087820 0.00000000
0.04942639 0.91648300 -0.39700890 0.00000000
-0.08850148 0.39994980 0.91225410 0.00000000
-0.06035216 1.55221500 -0.21119230 1.00000000

0.98240950 0.18577320 0.01896638 0.00000000
0.15138350 -0.85175820 0.50158820 0.00000000
0.10933650 -0.48989400 -0.86489840 0.00000000
-0.02247420 1.56959900 -0.19825670 1.00000000

0.99001910 0.13696620 0.03320247 0.00000000
-0.10217390 0.85981000 -0.50028720 0.00000000
-0.09707031 0.49190140 0.86522280 0.00000000
-0.07287931 1.56216000 -0.19682590 1.00000000

0.97549990 0.21942540 0.01588964 0.00000000
0.17645550 -0.82351110 0.53916000 0.00000000
0.13139070 -0.52314660 -0.84205370 0.00000000
-0.03148910 1.57974700 -0.21215920 1.00000000

0.98754180 0.15484420 0.02801016 0.00000000
-0.11585330 0.83591850 -0.53648700 0.00000000
-0.10648620 0.52655820 0.84344360 0.00000000
-0.04603248 1.57620800 -0.21684530 1.00000000

0.99449690 0.09839599 0.03597105 0.00000000
-0.06270680 0.83412020 -0.54800670 0.00000000
-0.08392587 0.54273550 0.83570020 0.00000000
-0.06440090 1.57582000 -0.21178760 1.00000000

0.98858170 0.14764970 0.03009492 0.00000000
0.10201710 -0.80279190 0.58746700 0.00000000
0.11089930 -0.57768900 -0.80868830 0.00000000
-0.03462848 1.61001500 -0.21242790 1.00000000

0.98858170 0.14764970 0.03009492 0.00000000
-0.10201710 0.80279200 -0.58746690 0.00000000
-0.11089930 0.57768890 0.80868840 0.00000000
-0.04953600 1.60255700 -0.23484740 1.00000000

0.98858170 0.14764970 0.03009492 0.00000000
-0.10201710 0.80279200 -0.58746690 0.00000000
-0.11089930 0.57768890 0.80868840 0.00000000
-0.06725945 1.60453000 -0.21325010 1.00000000

0.98863640 0.14725980 0.03020814 0.00000000
0.02651784 -0.36863930 0.92919420 0.00000000
0.14796890 -0.91783430 -0.36835530 0.00000000
-0.06701065 1.67521200 -0.01713522 1.00000000

0.98863640 0.14725980 0.03020814 0.00000000
-0.13039610 0.94005840 -0.31509800 0.00000000
-0.07479870 0.30757840 0.94857810 0.00000000
-0.07040972 1.72509400 -0.14906170 1.00000000

0.43371630 -0.84243540 0.31967630 0.00000000
0.75329000 0.14433400 -0.64165570 0.00000000
0.49441330 0.51910530 0.69719820 0.00000000
-0.05793668 1.47313500 0.02820121 1.00000000

0.05937317 -0.77198150 -0.63286610 0.00000000
0.75581820 0.44890720 -0.47667700 0.00000000
0.65208400 -0.45003010 0.61013080 0.00000000
-0.22659830 1.44081800 0.17186810 1.00000000

0.05937353 -0.77196590 -0.63288530 0.00000000
0.38350820 -0.56770740 0.72844340 0.00000000
-0.92162690 -0.28596690 0.26234840 0.00000000
-0.43938580 1.31443700 0.30607070 1.00000000

0.28278480 -0.65013250 -0.70523790 0.00000000
0.10397880 -0.71013760 0.69634260 0.00000000
-0.95353070 -0.27024490 -0.13321620 0.00000000
-0.53216920 1.45190200 0.12996480 1.00000000

-0.29099700 0.71142080 0.63968820 0.00000000
-0.95353070 -0.27024490 -0.13321620 0.00000000
0.07809973 -0.64872790 0.75700250 0.00000000
-0.52131510 1.50875400 0.01454070 1.00000000

0.29412930 -0.78411450 -0.54649110 0.00000000
-0.13028680 -0.59934020 0.78982080 0.00000000
-0.94684400 -0.16110880 -0.27844330 0.00000000
-0.49274240 1.57397700 0.02928443 1.00000000

-0.11392090 -0.71768620 0.68698510 0.00000000
-0.36193720 0.67394750 0.64404700 0.00000000
-0.92521550 -0.17527510 -0.33653380 0.00000000
-0.48650890 1.60265100 -0.00850358 1.00000000

0.22015420 -0.78342260 0.58118950 0.00000000
-0.32865070 0.50140240 0.80036520 0.00000000
-0.91843390 -0.36721190 -0.14708660 0.00000000
-0.53016830 1.56591900 0.02412322 1.00000000

-0.23254850 0.19738480 0.95234480 0.00000000
-0.32502020 0.90712260 -0.26737690 0.00000000
-0.91666960 -0.37170940 -0.14679590 0.00000000
-0.51355650 1.54021400 -0.01517651 1.00000000

0.23487920 -0.85796760 0.45686280 0.00000000
-0.35106160 0.36341030 0.86295350 0.00000000
-0.90641470 -0.36307680 -0.21584190 0.00000000
-0.56549500 1.55213300 0.01616609 1.00000000

-0.21535550 0.01698956 0.97638800 0.00000000
-0.46464610 0.87763200 -0.11775510 0.00000000
-0.85890980 -0.47903400 -0.18110890 0.00000000
-0.54901510 1.53507400 -0.02434352 1.00000000

0.20538320 -0.79947320 0.56450010 0.00000000
-0.49518570 0.41262610 0.76454620 0.00000000
-0.84416170 -0.43655730 -0.31114120 0.00000000
-0.59707530 1.53827000 0.00947135 1.00000000

-0.09434882 -0.14103920 0.98549800 0.00000000
-0.65609290 0.75333730 0.04500121 0.00000000
-0.74875930 -0.64233240 -0.16361110 0.00000000
-0.57579830 1.52006700 -0.02263308 1.00000000

-0.64813550 0.13807730 -0.74890260 0.00000000
-0.53335390 0.61963650 0.57583350 0.00000000
0.54355700 0.77264810 -0.32796450 0.00000000
-0.46843200 1.50717900 0.08262059 1.00000000

-0.28379510 0.80180410 0.52589960 0.00000000
0.28174380 -0.45451440 0.84500710 0.00000000
0.91655920 0.38797790 -0.09691429 0.00000000
-0.43775160 1.47570900 0.05149315 1.00000000

0.17550170 -0.72958120 -0.66099190 0.00000000
0.38350820 -0.56770740 0.72844340 0.00000000
-0.90670870 -0.38133890 0.18016690 0.00000000
-0.48990030 1.38933000 0.21024910 1.00000000

0.73210470 -0.59765450 -0.32685140 0.00000000
0.51637980 0.79985210 -0.30592220 0.00000000
0.44426860 0.05518766 0.89419220 0.00000000
-0.16582300 1.46390900 0.12981070 1.00000000

0.44196240 -0.88689970 -0.13445660 0.00000000
0.75581820 0.44890720 -0.47667700 0.00000000
0.48312320 0.10904860 0.86873510 0.00000000
-0.22659830 1.44081800 0.17186810 1.00000000

0.42064890 -0.89039740 -0.17391640 0.00000000
0.75574500 0.44996890 -0.47579170 0.00000000
0.50190060 0.06870475 0.86219220 0.00000000
-0.31728770 1.38682200 0.22896300 1.00000000

0.77195780 0.00070392 -0.63567330 0.00000000
0.08907329 0.99001360 0.10926630 0.00000000
0.62940220 -0.14097050 0.76418600 0.00000000
-0.04323886 1.00113300 -0.13972370 1.00000000

0.77096060 -0.01043870 -0.63679740 0.00000000
0.09347672 0.99089210 0.09692758 0.00000000
0.62998570 -0.13425310 0.76491450 0.00000000
-0.15853740 1.01079900 -0.05531527 1.00000000

0.77671390 -0.00824630 -0.62979950 0.00000000
-0.08365928 -0.99240560 -0.09018053 0.00000000
-0.62427290 0.12273310 -0.77150510 0.00000000
-0.10309580 1.00642300 0.13926640 1.00000000

1.00000000 0.00000000 0.00000000 0.00000000
0.00000000 1.00000000 0.00000000 0.00000000
0.00000000 0.00000000 1.00000000 0.00000000
0.00000000 0.00000000 0.00000000 1.00000000

1.00000000 0.00000000 0.00000000 0.00000000
0.00000000 1.00000000 0.00000000 0.00000000
0.00000000 0.00000000 1.00000000 0.00000000
0.00000000 0.00000000 0.00000000 1.00000000

0.98863640 0.14725980 0.03020814 0.00000000
-0.13039610 0.94005840 -0.31509810 0.00000000
-0.07479873 0.30757840 0.94857810 0.00000000
-0.04948043 1.57328300 -0.09396946 1.00000000

0.77154820 -0.01163029 -0.63606450 0.00000000
-0.01782130 0.99904540 -0.03988460 0.00000000
0.63592120 0.04210839 0.77060440 0.00000000
0.01885038 0.87648230 0.03987664 1.00000000

0.97338180 0.18074000 0.14092890 0.00000000
0.22276600 -0.89065920 -0.39636050 0.00000000
0.05388138 0.41720430 -0.90721420 0.00000000
0.11823210 0.84366840 -0.04732336 1.00000000

0.97338180 0.18074000 0.14092890 0.00000000
0.17243490 -0.98258930 0.06917076 0.00000000
0.15097700 -0.04302849 -0.98760040 0.00000000
0.20733850 0.48740470 -0.20586750 1.00000000

0.99759910 0.05897297 0.03630915 0.00000000
0.05908020 -0.99825160 -0.00188614 0.00000000
0.03613442 0.00402678 -0.99933890 0.00000000
0.26911270 0.13720380 -0.18340630 1.00000000

0.99737610 0.06489328 0.03209105 0.00000000
0.06368794 -0.99727430 0.03725612 0.00000000
0.03442124 -0.03511453 -0.99879050 0.00000000
0.28021940 0.03374732 -0.32053150 1.00000000

0.57941560 -0.23882540 -0.77925600 0.00000000
0.26329590 0.95968870 -0.09835055 0.00000000
0.77133190 -0.14818910 0.61894040 0.00000000
-0.08626544 0.84675050 0.12126440 1.00000000

0.57941480 -0.23882540 -0.77925660 0.00000000
-0.18345390 0.89335330 -0.41020040 0.00000000
0.79411790 0.38063390 0.47380870 0.00000000
-0.19158410 0.46287590 0.16060510 1.00000000

0.31600990 -0.07191026 -0.94602680 0.00000000
-0.00607219 0.99694990 -0.07780942 0.00000000
0.94873650 0.03033303 0.31460930 0.00000000
-0.12797440 0.14372320 0.30571500 1.00000000

0.31744470 -0.09358185 -0.94364770 0.00000000
-0.13383200 0.98073690 -0.14228130 0.00000000
0.93878530 0.17145670 0.29880550 0.00000000
-0.25733670 0.03569472 0.27071400 1.00000000

0.78053330 -0.01350409 -0.62496830 0.00000000
-0.00243077 0.99969350 -0.02463683 0.00000000
0.62510960 0.02074902 0.78026120 0.00000000
0.01641946 1.01275800 0.03443616 1.00000000

0.80515190 -0.03700611 -0.59191300 0.00000000
-0.04318367 0.99174400 -0.12074410 0.00000000
0.59149440 0.12277830 0.79690640 0.00000000
0.01600008 1.18523400 0.03018558 1.00000000

0.83099740 -0.04924132 -0.55409260 0.00000000
-0.19352080 0.90826610 -0.37094780 0.00000000
0.52152960 0.41548520 0.74523750 0.00000000
0.00789833 1.37129700 0.00753258 1.00000000

-0.04809932 0.82423580 -0.56420030 0.00000000
0.88529910 -0.22638450 -0.40619670 0.00000000
-0.46252820 -0.51902380 -0.71880630 0.00000000
0.05591182 1.46696800 -0.04319074 1.00000000

0.50357370 0.14422840 -0.85182850 0.00000000
0.45721410 -0.88107200 0.12111030 0.00000000
-0.73305460 -0.45045600 -0.50962780 0.00000000
0.25412970 1.41628100 -0.13413810 1.00000000

0.50357440 0.14422700 -0.85182820 0.00000000
-0.05507640 -0.97860270 -0.19825130 0.00000000
-0.86219460 0.14674990 -0.48485570 0.00000000
0.38285340 1.16822500 -0.10004130 1.00000000

0.54610440 0.04825895 -0.83632580 0.00000000
-0.34145050 -0.89882300 -0.27482590 0.00000000
-0.76497170 0.43564750 -0.47437320 0.00000000
0.36961760 0.93152390 -0.14814650 1.00000000

-0.47851570 0.10855320 0.87134330 0.00000000
-0.76497170 0.43564770 -0.47437310 0.00000000
-0.43109320 -0.89354800 -0.12542420 0.00000000
0.32235420 0.85602020 -0.14600580 1.00000000

-0.49232760 -0.86176000 -0.12240760 0.00000000
-0.45047020 0.13193290 0.88298970 0.00000000
-0.74477540 0.48986110 -0.45315120 0.00000000
0.27222120 0.81904760 -0.21490170 1.00000000

-0.35596710 0.26237480 0.89691000 0.00000000
0.56447690 0.82526600 -0.01738578 0.00000000
-0.74475080 0.50009600 -0.44187170 0.00000000
0.25066900 0.82535990 -0.17265620 1.00000000

-0.42449610 -0.89483270 -0.13812330 0.00000000
-0.48590920 0.09642304 0.86867450 0.00000000
-0.76399980 0.43586420 -0.47573850 0.00000000
0.30204080 0.80074980 -0.19852350 1.00000000

-0.39673980 0.27042540 0.87719330 0.00000000
0.50961100 0.85971140 -0.03454731 0.00000000
-0.76347520 0.43332080 -0.47889330 0.00000000
0.27821810 0.80642160 -0.15514740 1.00000000

-0.44636270 -0.89286400 -0.05962126 0.00000000
-0.45900520 0.17125420 0.87177210 0.00000000
-0.76816340 0.41649300 -0.48627050 0.00000000
0.32916330 0.78428670 -0.17628210 1.00000000

-0.40667280 0.28072310 0.86937440 0.00000000
0.49641010 0.86677840 -0.04767594 0.00000000
-0.76693860 0.41217770 -0.49184880 0.00000000
0.30761640 0.79232590 -0.13535880 1.00000000

-0.46136830 -0.88415760 -0.07351927 0.00000000
-0.43684010 0.15426050 0.88621350 0.00000000
-0.77221130 0.44098700 -0.45740630 0.00000000
0.35377230 0.77062250 -0.15525770 1.00000000

-0.33710190 0.36618390 0.86733600 0.00000000
0.57013760 0.81252320 -0.12145020 0.00000000
-0.74920340 0.45355970 -0.48267810 0.00000000
0.33551520 0.77791140 -0.11746510 1.00000000

-0.52481590 0.44290910 -0.72691130 0.00000000
-0.73731340 -0.66327730 0.12818920 0.00000000
-0.42536740 0.60323730 0.67466120 0.00000000
0.27792170 0.90034560 -0.18340940 1.00000000

-0.92594390 -0.20901390 -0.31454910 0.00000000
0.01100539 -0.84746700 0.53073440 0.00000000
-0.37750070 0.48796860 0.78700700 0.00000000
0.23311000 0.86162100 -0.17703770 1.00000000

0.54035040 0.13775280 -0.83008770 0.00000000
-0.05507640 -0.97860270 -0.19825130 0.00000000
-0.83963570 0.15284340 -0.52120150 0.00000000
0.37568810 1.03938400 -0.12629560 1.00000000

0.60947760 -0.28573330 -0.73952250 0.00000000
0.15353480 -0.87259600 0.46368500 0.00000000
-0.77779460 -0.39614800 -0.48795770 0.00000000
0.26313440 1.41615600 -0.14311020 1.00000000

0.45835200 0.11674210 -0.88107020 0.00000000
0.45721410 -0.88107200 0.12111030 0.00000000
-0.76214770 -0.45834880 -0.45721730 0.00000000
0.25412970 1.41628100 -0.13413810 1.00000000

0.49446960 0.13704050 -0.85832370 0.00000000
0.45650580 -0.88127760 0.12228200 0.00000000
-0.73966380 -0.45229460 -0.49832480 0.00000000
0.30891040 1.31052800 -0.11946420 1.00000000

0.97218190 0.21592270 -0.09077373 0.00000000
-0.23224810 0.83835740 -0.49317100 0.00000000
-0.03038609 0.50053390 0.86518350 0.00000000
-0.02112977 1.50753700 -0.04810959 1.00000000

0.98875460 0.14659370 0.02957255 0.00000000
-0.13280110 0.95162320 -0.27708710 0.00000000
-0.06876120 0.27004390 0.96038960 0.00000000
-0.04296117 1.58634200 -0.09446786 1.00000000

0.98875460 0.14659370 0.02957255 0.00000000
-0.11493220 0.87140900 -0.47690350 0.00000000
-0.09568092 0.46814170 0.87845820 0.00000000
-0.04690443 1.63918400 -0.22456560 1.00000000

0.98875460 0.14659370 0.02957255 0.00000000
0.10066370 -0.79865340 0.59331270 0.00000000
0.11059420 -0.58366390 -0.80442890 0.00000000
0.01630718 1.63154300 -0.19521460 1.00000000

0.98875460 0.14659370 0.02957255 0.00000000
-0.10395900 0.81592230 -0.56873830 0.00000000
-0.10750230 0.55926840 0.82198680 0.00000000
-0.10654810 1.61135500 -0.19738360 1.00000000

0.98873630 0.14668360 0.02974221 0.00000000
0.11515330 -0.87248960 0.47487050 0.00000000
0.09560558 -0.46609680 -0.87955330 0.00000000
-0.01072241 1.65616000 -0.18544380 1.00000000

0.98876450 0.14654560 0.02948248 0.00000000
-0.11493110 0.87140360 -0.47691350 0.00000000
-0.09558058 0.46816690 0.87845560 0.00000000
-0.08867708 1.64460200 -0.18777550 1.00000000

0.95705700 0.27743830 -0.08408272 0.00000000
0.28309100 -0.83191350 0.47726320 0.00000000
0.06246156 -0.48057100 -0.87472870 0.00000000
-0.02810700 1.64559900 -0.22597460 1.00000000

0.96628350 0.25746030 -0.00320995 0.00000000
-0.22756830 0.84813020 -0.47842230 0.00000000
-0.12045240 0.46302210 0.87812400 0.00000000
-0.06317617 1.64113700 -0.22835610 1.00000000

0.96880570 0.16507520 0.18483980 0.00000000
0.10899790 -0.95367320 0.28040500 0.00000000
0.22256480 -0.25151090 -0.94191690 0.00000000
0.02472940 1.67244900 -0.18340990 1.00000000

0.98875760 0.13327320 -0.06780064 0.00000000
-0.14878220 0.92210820 -0.35718420 0.00000000
0.01491639 0.36325610 0.93157010 0.00000000
-0.12756120 1.65118900 -0.18945130 1.00000000

0.96744280 0.25308300 -0.00189608 0.00000000
0.22249340 -0.84689180 0.48298140 0.00000000
0.12062850 -0.46767870 -0.87562860 0.00000000
-0.01078665 1.65667100 -0.18583140 1.00000000

0.99742590 0.03823022 0.06066331 0.00000000
-0.00508270 0.88158060 -0.47200620 0.00000000
-0.07152441 0.47048290 0.87950560 0.00000000
-0.08867840 1.64461300 -0.18778340 1.00000000

0.98622810 0.16401120 0.02132332 0.00000000
-0.13662690 0.88056210 -0.45381000 0.00000000
-0.09320641 0.44464690 0.89084340 0.00000000
-0.04822182 1.62738800 -0.12204730 1.00000000

0.94287380 0.32811140 -0.05772406 0.00000000
0.32241550 -0.85506050 0.40610340 0.00000000
0.08388957 -0.40151540 -0.91200230 0.00000000
-0.01939058 1.55580700 -0.21359800 1.00000000

0.98688170 0.15972080 0.02353323 0.00000000
-0.13298530 0.88687900 -0.44244860 0.00000000
-0.09153929 0.43351490 0.89648510 0.00000000
-0.03426768 1.55470100 -0.21693510 1.00000000

0.99489640 -0.01057584 0.10034650 0.00000000
0.04984757 0.91617760 -0.39766040 0.00000000
-0.08772951 0.40063290 0.91202890 0.00000000
-0.05194768 1.55212500 -0.21249490 1.00000000

0.98254850 0.18510370 0.01830786 0.00000000
0.15106380 -0.85152130 0.50208710 0.00000000
0.10852770 -0.49055920 -0.86462330 0.00000000
-0.01405065 1.56949200 -0.19959170 1.00000000

0.99013190 0.13630110 0.03257319 0.00000000
-0.10184800 0.85953960 -0.50081800 0.00000000
-0.09625998 0.49255840 0.86493960 0.00000000
-0.06446014 1.56208800 -0.19812850 1.00000000

0.97566040 0.21875860 0.01521209 0.00000000
0.17617570 -0.82326590 0.53962570 0.00000000
0.13057130 -0.52381150 -0.84176780 0.00000000
-0.02306602 1.57963600 -0.21349620 1.00000000

0.98766400 0.15417730 0.02737010 0.00000000
-0.11556360 0.83563300 -0.53699420 0.00000000
-0.10566370 0.52720680 0.84314190 0.00000000
-0.03761441 1.57610400 -0.21817200 1.00000000

0.99458440 0.09772970 0.03536576 0.00000000
-0.06242459 0.83378990 -0.54854140 0.00000000
-0.08309630 0.54336320 0.83537520 0.00000000
-0.05598033 1.57573200 -0.21310410 1.00000000

0.98870030 0.14698350 0.02945912 0.00000000
0.10177810 -0.80246220 0.58795900 0.00000000
0.11006010 -0.57831700 -0.80835430 0.00000000
-0.02618454 1.60990600 -0.21378380 1.00000000

0.98870030 0.14698350 0.02945912 0.00000000
-0.10177810 0.80246220 -0.58795890 0.00000000
-0.11006010 0.57831690 0.80835440 0.00000000
-0.04110938 1.60244300 -0.23619020 1.00000000

0.98870030 0.14698350 0.02945912 0.00000000
-0.10177810 0.80246220 -0.58795890 0.00000000
-0.11006010 0.57831690 0.80835440 0.00000000
-0.05881974 1.60444300 -0.21458460 1.00000000

0.98875460 0.14659370 0.02957255 0.00000000
0.02676532 -0.36802420 0.92943100 0.00000000
0.14713210 -0.91818760 -0.36780950 0.00000000
-0.05841563 1.67525900 -0.01851812 1.00000000

0.98875460 0.14659370 0.02957255 0.00000000
-0.12991410 0.93993400 -0.31566840 0.00000000
-0.07407135 0.30827670 0.94840850 0.00000000
-0.06185155 1.72505300 -0.15047680 1.00000000

0.43262220 -0.84241410 0.32121140 0.00000000
0.75275430 0.14142910 -0.64292990 0.00000000
0.49618460 0.51993890 0.69531610 0.00000000
-0.04928134 1.47320000 0.02695072 1.00000000

0.05793801 -0.77358020 -0.63104450 0.00000000
0.75813270 0.44535110 -0.47633730 0.00000000
0.64952140 -0.45081740 0.61227920 0.00000000
-0.21782300 1.44153400 0.17090290 1.00000000

0.05793846 -0.77356450 -0.63106360 0.00000000
0.37847210 -0.56791870 0.73090850 0.00000000
-0.92379760 -0.28118770 0.25986820 0.00000000
-0.43126210 1.31615400 0.30500990 1.00000000

0.28207470 -0.65335820 -0.70253620 0.00000000
0.09755135 -0.70894430 0.69848550 0.00000000
-0.95442010 -0.26555830 -0.13623930 0.00000000
-0.52282700 1.45367100 0.12830740 1.00000000

-0.28971100 0.71452620 0.63680430 0.00000000
-0.95442010 -0.26555830 -0.13623930 0.00000000
0.07176217 -0.64724900 0.75889330 0.00000000
-0.51122850 1.51017800 0.01278650 1.00000000

0.29210080 -0.78700380 -0.54341730 0.00000000
-0.13648620 -0.59668510 0.79078350 0.00000000
-0.94659840 -0.15681960 -0.28170750 0.00000000
-0.48237000 1.57528700 0.02748006 1.00000000

-0.12034740 -0.71537050 0.68830360 0.00000000
-0.36086380 0.67743680 0.64098090 0.00000000
-0.92482110 -0.17124340 -0.33967900 0.00000000
-0.47583980 1.60383400 -0.01035394 1.00000000

0.21378230 -0.78312450 0.58396340 0.00000000
-0.32908950 0.50510780 0.79785110 0.00000000
-0.91978110 -0.36274250 -0.14973490 0.00000000
-0.51981750 1.56741200 0.02219393 1.00000000

-0.23517650 0.20096730 0.95094920 0.00000000
-0.31920470 0.90815250 -0.27086450 0.00000000
-0.91804150 -0.36724850 -0.14942640 0.00000000
-0.50318990 1.54152300 -0.01697781 1.00000000

0.22859400 -0.85805420 0.45987850 0.00000000
-0.35246810 0.36739100 0.86069170 0.00000000
-0.90747520 -0.35884130 -0.21845330 0.00000000
-0.55518540 1.55379200 0.01413411 1.00000000

-0.21902670 0.02054427 0.97550260 0.00000000
-0.45956000 0.87976760 -0.12171180 0.00000000
-0.86071600 -0.47496020 -0.18325140 0.00000000
-0.53863940 1.53654700 -0.02626926 1.00000000

0.19899150 -0.79913870 0.56725660 0.00000000
-0.49595050 0.41711970 0.76160650 0.00000000
-0.84524300 -0.43288440 -0.31332980 0.00000000
-0.58681210 1.54007900 0.00735137 1.00000000

-0.09888995 -0.13809520 0.98546960 0.00000000
-0.65228510 0.75688540 0.04060775 0.00000000
-0.75149530 -0.63879130 -0.16492590 0.00000000
-0.56550760 1.52168600 -0.02462557 1.00000000

-0.64450640 0.13962370 -0.75174240 0.00000000
-0.53229980 0.62385890 0.57223870 0.00000000
0.54887930 0.76896390 -0.32775950 0.00000000
-0.45861740 1.50849500 0.08107416 1.00000000

-0.28159450 0.80458750 0.52282250 0.00000000
0.27608550 -0.45389090 0.84720720 0.00000000
0.91895680 0.38291260 -0.09432170 0.00000000
-0.42798330 1.47678700 0.05014324 1.00000000

0.17435280 -0.73177190 -0.65887120 0.00000000
0.37847210 -0.56791870 0.73090850 0.00000000
-0.90904340 -0.37680030 0.17793700 0.00000000
-0.48111320 1.39107500 0.20886330 1.00000000

0.73070220 -0.60079060 -0.32423010 0.00000000
0.51955380 0.79746280 -0.30678540 0.00000000
0.44287520 0.05571369 0.89485070 0.00000000
-0.15691670 1.46462900 0.12848310 1.00000000

0.43926890 -0.88864870 -0.13170620 0.00000000
0.75813270 0.44535110 -0.47633730 0.00000000
0.48195210 0.10938940 0.86934260 0.00000000
-0.21782300 1.44153400 0.17090290 1.00000000

0.41801350 -0.89216440 -0.17119560 0.00000000
0.75806120 0.44641510 -0.47545430 0.00000000
0.50060770 0.06896947 0.86292250 0.00000000
-0.30879040 1.38796400 0.22795740 1.00000000

0.77250400 -0.00104034 -0.63500900 0.00000000
0.09003238 0.99007620 0.10790450 0.00000000
0.62859510 -0.14052810 0.76493150 0.00000000
-0.03467865 1.00098700 -0.14069240 1.00000000

0.77147410 -0.01241279 -0.63613960 0.00000000
0.09480777 0.99089050 0.09564254 0.00000000
0.62915760 -0.13409670 0.76562320 0.00000000
-0.15003930 1.01089800 -0.05639743 1.00000000

0.77724560 -0.00998706 -0.62911810 0.00000000
-0.08463734 -0.99244620 -0.08881062 0.00000000
-0.62347890 0.12227450 -0.77221970 0.00000000
-0.09474211 1.00671700 0.13826400 1.00000000

1.00000000 0.00000000 0.00000000 0.00000000
0.00000000 1.00000000 0.00000000 0.00000000
0.00000000 0.00000000 1.00000000 0.00000000
0.00000000 0.00000000 0.00000000 1.00000000

1.00000000 0.00000000 0.00000000 0.00000000
0.00000000 1.00000000 0.00000000 0.00000000
0.00000000 0.00000000 1.00000000 0.00000000
0.00000000 0.00000000 0.00000000 1.00000000

0.98875460 0.14659370 0.02957255 0.00000000
-0.12991410 0.93993400 -0.31566850 0.00000000
-0.07407135 0.30827680 0.94840850 0.00000000
-0.04099779 1.57326500 -0.09529233 1.00000000

0.77211190 -0.01346538 -0.63534390 0.00000000
-0.01666940 0.99900230 -0.04143046 0.00000000
0.63526800 0.04257976 0.77111710 0.00000000
0.02717342 0.87654470 0.03909203 1.00000000

0.97292380 0.18077840 0.14400900 0.00000000
0.22410220 -0.89029840 -0.39641740 0.00000000
0.05654714 0.41795670 -0.90670540 0.00000000
0.12659760 0.84348640 -0.04796719 1.00000000

0.97292380 0.18077840 0.14400900 0.00000000
0.17205410 -0.98252580 0.07099568 0.00000000
0.15432690 -0.04429608 -0.98702630 0.00000000
0.21623850 0.48736700 -0.20653420 1.00000000

0.99759500 0.05904414 0.03630519 0.00000000
0.05915217 -0.99824710 -0.00190608 0.00000000
0.03612897 0.00404902 -0.99933890 0.00000000
0.27788440 0.13718580 -0.18342140 1.00000000

0.99737160 0.06496450 0.03208724 0.00000000
0.06376002 -0.99727030 0.03723612 0.00000000
0.03441858 -0.03509238 -0.99879110 0.00000000
0.28899790 0.03373307 -0.32054870 1.00000000

0.58159170 -0.24091100 -0.77698970 0.00000000
0.26685760 0.95878820 -0.09753086 0.00000000
0.76846480 -0.15062250 0.62191210 0.00000000
-0.07804938 0.84705490 0.12042960 1.00000000

0.58159080 -0.24091100 -0.77699030 0.00000000
-0.18174930 0.89251630 -0.41277320 0.00000000
0.79291820 0.38128260 0.47529390 0.00000000
-0.18479270 0.46354060 0.15944240 1.00000000

0.31694050 -0.06963757 -0.94588540 0.00000000
-0.00928560 0.99702540 -0.07651393 0.00000000
0.94840000 0.03303346 0.31535120 0.00000000
-0.12178770 0.14468470 0.30546570 1.00000000

0.31844470 -0.09130743 -0.94353370 0.00000000
-0.13694400 0.98047790 -0.14110150 0.00000000
0.93799750 0.17414430 0.29972390 0.00000000
-0.25076910 0.03627813 0.27022810 1.00000000

0.78080440 -0.01466384 -0.62460350 0.00000000
-0.00182941 0.99966660 -0.02575612 0.00000000
0.62477280 0.02125315 0.78051720 0.00000000
0.02489963 1.01281400 0.03344069 1.00000000

0.80476830 -0.03781678 -0.59238330 0.00000000
-0.04285926 0.99166180 -0.12153150 0.00000000
0.59203980 0.12319380 0.79643700 0.00000000
0.02458400 1.18528600 0.02899701 1.00000000

0.83001980 -0.04983201 -0.55550300 0.00000000
-0.19388610 0.90810060 -0.37116220 0.00000000
0.52294850 0.41577640 0.74407980 0.00000000
0.01654311 1.37133300 0.00619628 1.00000000

-0.04935597 0.82422500 -0.56410750 0.00000000
0.88453650 -0.22623050 -0.40793990 0.00000000
-0.46385250 -0.51910800 -0.71789110 0.00000000
0.06449780 1.46695900 -0.04466825 1.00000000

0.50050720 0.14379770 -0.85370650 0.00000000
0.45716170 -0.88130870 0.11957580 0.00000000
-0.73518400 -0.45013040 -0.50683990 0.00000000
0.26254500 1.41630600 -0.13600580 1.00000000

0.50050800 0.14379630 -0.85370620 0.00000000
-0.05847023 -0.97824300 -0.19905260 0.00000000
-0.86375510 0.14954400 -0.48121040 0.00000000
0.39125390 1.16818400 -0.10234110 1.00000000

0.54195190 0.04745559 -0.83906850 0.00000000
-0.34597100 -0.89728100 -0.27420950 0.00000000
-0.76589300 0.43890180 -0.46986490 0.00000000
0.37719660 0.93156980 -0.15064050 1.00000000

-0.47364130 0.10907660 0.87393720 0.00000000
-0.76589300 0.43890180 -0.46986490 0.00000000
-0.43482390 -0.89188980 -0.12434100 0.00000000
0.32968380 0.85622700 -0.14835250 1.00000000

-0.49593160 -0.85989450 -0.12096800 0.00000000
-0.44545540 0.13234420 0.88546870 0.00000000
-0.74540020 0.49301790 -0.44867820 0.00000000
0.27906870 0.81951730 -0.21703610 1.00000000

-0.35043070 0.26244070 0.89906800 0.00000000
0.56723280 0.82333270 -0.01924217 0.00000000
-0.74528210 0.50323800 -0.43738600 0.00000000
0.25775660 0.82584910 -0.17467210 1.00000000

-0.42829680 -0.89318100 -0.13707560 0.00000000
-0.48109030 0.09697552 0.87129090 0.00000000
-0.76492740 0.43911680 -0.47123500 0.00000000
0.30890880 0.80109540 -0.20083530 1.00000000

-0.39127660 0.27065770 0.87957230 0.00000000
0.51239880 0.85798960 -0.03607634 0.00000000
-0.76442800 0.43657590 -0.47439570 0.00000000
0.28532970 0.80679320 -0.15732980 1.00000000

-0.44975170 -0.89123840 -0.05845934 0.00000000
-0.45391170 0.17170920 0.87434540 0.00000000
-0.76921240 0.41977380 -0.48177010 0.00000000
0.33608840 0.78450970 -0.17875510 1.00000000

-0.40121390 0.28099970 0.87181800 0.00000000
0.49915500 0.86511920 -0.04912773 0.00000000
-0.76803110 0.41546150 -0.48736010 0.00000000
0.31478070 0.79257040 -0.13771110 1.00000000

-0.46479840 -0.88246240 -0.07226855 0.00000000
-0.43173170 0.15462040 0.88865080 0.00000000
-0.77302660 0.44424430 -0.45285410 0.00000000
0.36075800 0.77073340 -0.15787550 1.00000000

-0.33135920 0.36622220 0.86953000 0.00000000
0.57231320 0.81070510 -0.12335050 0.00000000
-0.75010590 0.45677000 -0.47822830 0.00000000
0.34272120 0.77803630 -0.11997990 1.00000000

-0.52701780 0.44566080 -0.72362880 0.00000000
-0.73893450 -0.66089160 0.13114210 0.00000000
-0.41979520 0.60382840 0.67761580 0.00000000
0.28521280 0.90075420 -0.18546990 1.00000000

-0.92827010 -0.20540610 -0.31003670 0.00000000
0.01080631 -0.84818700 0.52958730 0.00000000
-0.37174940 0.48824970 0.78956590 0.00000000
0.24030080 0.86217630 -0.17891650 1.00000000

0.53694730 0.13727710 -0.83237170 0.00000000
-0.05847023 -0.97824300 -0.19905260 0.00000000
-0.84158710 0.15554990 -0.51723810 0.00000000
0.38364120 1.03939000 -0.12870120 1.00000000

0.60658280 -0.28620420 -0.74171700 0.00000000
0.15475370 -0.87260240 0.46326740 0.00000000
-0.77981320 -0.39579360 -0.48501440 0.00000000
0.27152120 1.41618200 -0.14498870 1.00000000

0.45516250 0.11633180 -0.88277610 0.00000000
0.45716170 -0.88130870 0.11957580 0.00000000
-0.76408780 -0.45799790 -0.45432110 0.00000000
0.26254500 1.41630600 -0.13600580 1.00000000

0.49137530 0.13661370 -0.86016680 0.00000000
0.45645770 -0.88151340 0.12075010 0.00000000
-0.74175240 -0.45196340 -0.49551220 0.00000000
0.31731990 1.31052500 -0.12151580 1.00000000

0.97206820 0.21530290 -0.09342372 0.00000000
-0.23303310 0.83807310 -0.49328390 0.00000000
-0.02790955 0.50127640 0.86483690 0.00000000
-0.01253979 1.50754800 -0.04947805 1.00000000

0.98887650 0.14591590 0.02883554 0.00000000
-0.13230840 0.95152700 -0.27765240 0.00000000
-0.06795171 0.27074880 0.96024860 0.00000000
-0.03444498 1.58632700 -0.09584694 1.00000000

0.98887650 0.14591590 0.02883554 0.00000000
-0.11462490 0.87116350 -0.47742530 0.00000000
-0.09478441 0.46880960 0.87819890 0.00000000
-0.03843485 1.63908300 -0.22597830 1.00000000

0.98887650 0.14591590 0.02883554 0.00000000
0.10048270 -0.79831840 0.59379390 0.00000000
0.10966390 -0.58429150 -0.80410030 0.00000000
0.02479029 1.63141700 -0.19666270 1.00000000

0.98887650 0.14591590 0.02883554 0.00000000
-0.10375010 0.81560650 -0.56922910 0.00000000
-0.10657810 0.55990580 0.82167280 0.00000000
-0.09808057 1.61131500 -0.19873870 1.00000000

0.98885840 0.14600600 0.02900511 0.00000000
0.11484380 -0.87224590 0.47539290 0.00000000
0.09470969 -0.46676520 -0.87929530 0.00000000
-0.00221561 1.65606000 -0.18689130 1.00000000

0.98888640 0.14586780 0.02874547 0.00000000
-0.11462380 0.87115840 -0.47743540 0.00000000
-0.09468421 0.46883460 0.87819620 0.00000000
-0.08017994 1.64455600 -0.18916490 1.00000000

0.95719800 0.27670520 -0.08488891 0.00000000
0.28281160 -0.83178650 0.47764960 0.00000000
0.06155872 -0.48121290 -0.87443960 0.00000000
-0.01963378 1.64548300 -0.22740370 1.00000000

0.96646260 0.25677590 -0.00400829 0.00000000
-0.22727830 0.84796350 -0.47885570 0.00000000
-0.11955960 0.46370710 0.87788430 0.00000000
-0.05470762 1.64104500 -0.22975960 1.00000000

0.96904080 0.16451770 0.18410290 0.00000000
0.10850600 -0.95355820 0.28098720 0.00000000
0.22178010 -0.25231170 -0.94188750 0.00000000
0.03324898 1.67232500 -0.18489140 1.00000000

0.98880740 0.13252890 -0.06852847 0.00000000
-0.14836200 0.92196840 -0.35771890 0.00000000
0.01577312 0.36388220 0.93131120 0.00000000
-0.11906040 1.65116900 -0.19082020 1.00000000

0.96761950 0.25239870 -0.00269222 0.00000000
0.22220730 -0.84671830 0.48341710 0.00000000
0.11973410 -0.46836210 -0.87538590 0.00000000
-0.00227975 1.65657100 -0.18727930 1.00000000

0.99749140 0.03756769 0.05999464 0.00000000
-0.00476512 0.88126120 -0.47260580 0.00000000
-0.07062554 0.47113430 0.87922940 0.00000000
-0.08018125 1.64456600 -0.18917280 1.00000000

0.98635690 0.16332960 0.02057588 0.00000000
-0.13629830 0.88034800 -0.45432420 0.00000000
-0.09231868 0.44532140 0.89059860 0.00000000
-0.03969445 1.62735800 -0.12345110 1.00000000

0.94306740 0.32740630 -0.05855566 0.00000000
0.32207400 -0.85501000 0.40648050 0.00000000
0.08301851 -0.40219770 -0.91178110 0.00000000
-0.01097272 1.55569400 -0.21497130 1.00000000

0.98700900 0.15904030 0.02278838 0.00000000
-0.13264490 0.88666990 -0.44296940 0.00000000
-0.09065565 0.43419200 0.89624680 0.00000000
-0.02585272 1.55459600 -0.21829800 1.00000000

0.99495300 -0.01120946 0.09971291 0.00000000
0.05023748 0.91587030 -0.39831900 0.00000000
-0.08685917 0.40131810 0.91181090 0.00000000
-0.04353169 1.55203500 -0.21384470 1.00000000

0.98269040 0.18442260 0.01754847 0.00000000
0.15078680 -0.85128410 0.50257190 0.00000000
0.10762430 -0.49122660 -0.86435720 0.00000000
-0.00561412 1.56938400 -0.20097780 1.00000000

0.99024840 0.13562440 0.03184241 0.00000000
-0.10156450 0.85926890 -0.50134010 0.00000000
-0.09535500 0.49321730 0.86466420 0.00000000
-0.05602785 1.56201700 -0.19947710 1.00000000

0.97582410 0.21808030 0.01443398 0.00000000
0.17594280 -0.82302090 0.54007510 0.00000000
0.12965930 -0.52447880 -0.84149300 0.00000000
-0.01463129 1.57952500 -0.21488340 1.00000000

0.98778990 0.15349880 0.02662858 0.00000000
-0.11532020 0.83534700 -0.53749100 0.00000000
-0.10474830 0.52785750 0.84284880 0.00000000
-0.02918518 1.57600100 -0.21954750 1.00000000

0.99467560 0.09705183 0.03465825 0.00000000
-0.06218994 0.83345870 -0.54907130 0.00000000
-0.08217463 0.54399250 0.83505630 0.00000000
-0.04754809 1.57564500 -0.21446750 1.00000000

