MeshAnim
1
35
83
30
0.77101240 -0.00988551 -0.63674350 0.00000000
-0.01891703 0.99908270 -0.03841688 0.00000000
0.63653920 0.04166519 0.77011810 0.00000000
0.01032645 0.85408100 0.04811063 1.00000000

0.97236630 0.18394360 0.14376550 0.00000000
0.23164280 -0.83685500 -0.49599960 0.00000000
0.02907485 0.51559560 -0.85633890 0.00000000
0.10966790 0.82149950 -0.03922234 1.00000000

0.97236630 0.18394360 0.14376550 0.00000000
0.16069370 -0.97404740 0.15940330 0.00000000
0.16935560 -0.13189620 -0.97668960 0.00000000
0.20232500 0.48675760 -0.23762220 1.00000000

0.99760340 0.05889732 0.03631416 0.00000000
0.05900383 -0.99825630 -0.00186488 0.00000000
0.03614095 0.00400311 -0.99933900 0.00000000
0.25995640 0.13940350 -0.18298610 1.00000000

0.99738090 0.06481755 0.03209594 0.00000000
0.06361136 -0.99727850 0.03727733 0.00000000
0.03442481 -0.03513809 -0.99878970 0.00000000
0.27105600 0.03594345 -0.32010910 1.00000000

0.57979820 -0.23556970 -0.77996230 0.00000000
0.33255590 0.94234160 -0.03740160 0.00000000
0.74380160 -0.23769560 0.62470790 0.00000000
-0.09468763 0.82411920 0.12954540 1.00000000

0.57979700 -0.23556960 -0.77996310 0.00000000
-0.26730000 0.84931110 -0.45521580 0.00000000
0.76966630 0.47241690 0.42946030 0.00000000
-0.22771020 0.44718350 0.14450660 1.00000000

0.31513070 -0.07407252 -0.94615330 0.00000000
-0.00302946 0.99686600 -0.07905173 0.00000000
0.94904350 0.02777798 0.31391870 0.00000000
-0.13417130 0.14352040 0.30575400 1.00000000

0.31649990 -0.09574551 -0.94374820 0.00000000
-0.13088360 0.98096980 -0.14341540 0.00000000
0.93951990 0.16891210 0.29794530 0.00000000
-0.26389270 0.03585064 0.27097710 1.00000000

0.78026340 -0.01236926 -0.62532880 0.00000000
-0.00303020 0.99971800 -0.02355581 0.00000000
0.62544380 0.02027461 0.78000580 0.00000000
0.00774607 0.99036140 0.04287035 1.00000000

0.80547570 -0.03618786 -0.59152300 0.00000000
-0.04353755 0.99182340 -0.11996220 0.00000000
0.59102760 0.12238010 0.79731400 0.00000000
0.00722327 1.16284200 0.03880629 1.00000000

0.71129170 -0.09696772 -0.69617630 0.00000000
-0.32024930 0.83695880 -0.44377940 0.00000000
0.62570320 0.53860660 0.56426810 0.00000000
-0.00094487 1.34892000 0.01629999 1.00000000

-0.32170690 0.42489180 -0.84615110 0.00000000
0.62375110 -0.57723390 -0.52700610 0.00000000
-0.71234770 -0.69732920 -0.07932657 0.00000000
0.03008453 1.43801800 -0.05532300 1.00000000

-0.04335034 -0.17190070 -0.98415990 0.00000000
-0.21430970 -0.96055470 0.17721760 0.00000000
-0.97580330 0.21859750 0.00480029 0.00000000
0.16974200 1.30877600 -0.17331940 1.00000000

-0.06753865 -0.22583870 -0.97182070 0.00000000
-0.99708360 -0.01941628 0.07380655 0.00000000
-0.03553753 0.97397130 -0.22386870 0.00000000
0.10940550 1.03834200 -0.12342640 1.00000000

0.52760840 -0.84584330 0.07860473 0.00000000
-0.84717930 -0.53073430 -0.02466819 0.00000000
0.06258342 -0.05357721 -0.99660060 0.00000000
-0.13180280 1.03360600 -0.10574100 1.00000000

-0.37248180 0.92515410 -0.07312696 0.00000000
0.06258342 -0.05357721 -0.99660060 0.00000000
-0.92592680 -0.37579200 -0.03794289 0.00000000
-0.21881400 1.01564300 -0.11249370 1.00000000

-0.84085850 -0.54125260 -0.00163844 0.00000000
-0.52756070 0.82025670 -0.22104080 0.00000000
0.12098280 -0.18499980 -0.97526320 0.00000000
-0.25905830 0.95185890 -0.16670500 1.00000000

-0.98750830 0.08500710 -0.13267040 0.00000000
0.10702770 0.97981630 -0.16883530 0.00000000
0.11564040 -0.18092570 -0.97667470 0.00000000
-0.28429870 0.99110290 -0.17728030 1.00000000

-0.71701330 -0.68966030 0.10129450 0.00000000
-0.69231190 0.68764000 -0.21875950 0.00000000
0.08121538 -0.22698090 -0.97050700 0.00000000
-0.26206590 0.95154710 -0.12819360 1.00000000

-0.97661130 0.17613710 -0.12331310 0.00000000
0.19925770 0.95690460 -0.21125810 0.00000000
0.08078817 -0.23088820 -0.96962060 0.00000000
-0.29585750 0.98644240 -0.13922090 1.00000000

-0.83690730 -0.54213240 0.07535675 0.00000000
-0.53756740 0.78822390 -0.29954130 0.00000000
0.10299300 -0.29119750 -0.95110270 0.00000000
-0.26640390 0.95779120 -0.09019975 1.00000000

-0.99124930 0.04656920 -0.12351690 0.00000000
0.08051714 0.95478400 -0.28618960 0.00000000
0.10460420 -0.29363050 -0.95017840 0.00000000
-0.29163870 0.99479250 -0.10426100 1.00000000

-0.79500280 -0.60545560 -0.03733918 0.00000000
-0.53497840 0.72881660 -0.42734640 0.00000000
0.28595240 -0.31976600 -0.90331670 0.00000000
-0.26950420 0.96472410 -0.05589722 1.00000000

-0.95462640 -0.15693100 -0.25310270 0.00000000
-0.06021038 0.93404610 -0.35204080 0.00000000
0.29165550 -0.32082810 -0.90111400 0.00000000
-0.29164700 0.99624170 -0.07409247 1.00000000

0.79842030 -0.21117710 -0.56385230 0.00000000
-0.47089510 -0.80259260 -0.36620060 0.00000000
-0.37521060 0.55789720 -0.74024860 0.00000000
-0.19734650 1.01173000 -0.18222070 1.00000000

0.04799938 -0.82831680 -0.55820020 0.00000000
-0.94521920 -0.21831990 0.24268710 0.00000000
-0.32288800 0.51597280 -0.79342040 0.00000000
-0.22399960 0.96357540 -0.20500310 1.00000000

-0.02264309 -0.84828600 -0.52905400 0.00000000
-0.99708360 -0.01941628 0.07380655 0.00000000
-0.07288131 0.52918220 -0.84537240 0.00000000
-0.02190582 1.03574600 -0.11387590 1.00000000

-0.46959120 -0.48971530 -0.73461750 0.00000000
-0.07270309 -0.80779080 0.58496870 0.00000000
-0.87988540 0.32810520 0.34372760 0.00000000
0.16700750 1.31144400 -0.18012010 1.00000000

-0.41340900 -0.07518168 -0.90743640 0.00000000
-0.21430970 -0.96055470 0.17721760 0.00000000
-0.88496580 0.26773580 0.38098970 0.00000000
0.16974200 1.30877600 -0.17331940 1.00000000

-0.36484760 -0.09090978 -0.92661830 0.00000000
-0.21426370 -0.96031250 0.17857980 0.00000000
-0.90607790 0.26369520 0.33088900 0.00000000
0.14403040 1.19353800 -0.15188980 1.00000000

0.91871530 0.25860470 -0.29847230 0.00000000
-0.38590520 0.74843070 -0.53937790 0.00000000
0.08390021 0.61071690 0.78739180 0.00000000
-0.04898229 1.47446400 -0.05026702 1.00000000

0.98864390 0.14720620 0.03022322 0.00000000
-0.13325940 0.95173890 -0.27646850 0.00000000
-0.06946233 0.26930140 0.96054770 0.00000000
-0.08525743 1.54481600 -0.10096860 1.00000000

0.98864390 0.14720620 0.03022322 0.00000000
-0.11522930 0.87168160 -0.47633340 0.00000000
-0.09646419 0.46744150 0.87874530 0.00000000
-0.08916311 1.59775000 -0.23103000 1.00000000

0.98864390 0.14720620 0.03022322 0.00000000
0.10085000 -0.79901980 0.59278750 0.00000000
0.11141090 -0.58300780 -0.80479190 0.00000000
-0.02596271 1.59012700 -0.20164980 1.00000000

0.98864390 0.14720620 0.03022322 0.00000000
-0.10416990 0.81626870 -0.56820240 0.00000000
-0.10831320 0.55860150 0.82233360 0.00000000
-0.14880380 1.56986300 -0.20390100 1.00000000

0.98862540 0.14729600 0.03039268 0.00000000
0.11545210 -0.87276060 0.47429970 0.00000000
0.09638810 -0.46539580 -0.87983890 0.00000000
-0.05301348 1.61472000 -0.19187600 1.00000000

0.98865390 0.14715830 0.03013304 0.00000000
-0.11522810 0.87167610 -0.47634340 0.00000000
-0.09636405 0.46746660 0.87874290 0.00000000
-0.13095940 1.60311500 -0.19425900 1.00000000

0.95692490 0.27811320 -0.08335450 0.00000000
0.28336240 -0.83207830 0.47681420 0.00000000
0.06325081 -0.47989470 -0.87504300 0.00000000
-0.07036901 1.60417700 -0.23242410 1.00000000

0.96611970 0.25808220 -0.00249127 0.00000000
-0.22784950 0.84833160 -0.47793110 0.00000000
-0.12123210 0.46230620 0.87839390 0.00000000
-0.10543400 1.59969500 -0.23482810 1.00000000

0.96859770 0.16556220 0.18549280 0.00000000
0.10945580 -0.95380660 0.27977200 0.00000000
0.22324390 -0.25068330 -0.94197680 0.00000000
-0.01757325 1.63103100 -0.18981070 1.00000000

0.98870890 0.13395650 -0.06715977 0.00000000
-0.14917760 0.92227190 -0.35659590 0.00000000
0.01417118 0.36258820 0.93184180 0.00000000
-0.16984680 1.60967800 -0.19595140 1.00000000

0.96728100 0.25370480 -0.00117984 0.00000000
0.22277130 -0.84709980 0.48248810 0.00000000
0.12141000 -0.46696450 -0.87590180 0.00000000
-0.05307783 1.61523200 -0.19226320 1.00000000

0.99736760 0.03882583 0.06123972 0.00000000
-0.00538902 0.88192000 -0.47136820 0.00000000
-0.07230988 0.46979730 0.87980790 0.00000000
-0.13096080 1.60312500 -0.19426690 1.00000000

0.98611070 0.16462820 0.02198508 0.00000000
-0.13694250 0.88080400 -0.45324520 0.00000000
-0.09398156 0.44393910 0.89111480 0.00000000
-0.09052926 1.58587900 -0.12852110 1.00000000

0.94269470 0.32875800 -0.05696693 0.00000000
0.32274080 -0.85514840 0.40565930 0.00000000
0.08464867 -0.40079830 -0.91224730 0.00000000
-0.06160173 1.51438200 -0.22010790 1.00000000

0.98676590 0.16033660 0.02419227 0.00000000
-0.13331120 0.88711490 -0.44187720 0.00000000
-0.09231043 0.43280410 0.89674930 0.00000000
-0.07647630 1.51326900 -0.22345390 1.00000000

0.99484750 -0.01001069 0.10088600 0.00000000
0.04947825 0.91649820 -0.39696700 0.00000000
-0.08848807 0.39991330 0.91227140 0.00000000
-0.09415708 1.51067900 -0.21902540 1.00000000

0.98241930 0.18572050 0.01898310 0.00000000
0.15133430 -0.85178890 0.50155120 0.00000000
0.10931780 -0.48986070 -0.86491970 0.00000000
-0.05627833 1.52806000 -0.20608870 1.00000000

0.99002610 0.13691240 0.03321695 0.00000000
-0.10212430 0.85983800 -0.50024930 0.00000000
-0.09705165 0.49186750 0.86524420 0.00000000
-0.10668390 1.52062300 -0.20465860 1.00000000

0.97551130 0.21937320 0.01590779 0.00000000
0.17640730 -0.82354470 0.53912420 0.00000000
0.13137020 -0.52311540 -0.84207610 0.00000000
-0.06529256 1.53820900 -0.21999080 1.00000000

0.98754970 0.15479070 0.02802551 0.00000000
-0.11580460 0.83594880 -0.53645030 0.00000000
-0.10646550 0.52652570 0.84346650 0.00000000
-0.07983612 1.53467100 -0.22467720 1.00000000

0.99450190 0.09834182 0.03598386 0.00000000
-0.06265815 0.83414840 -0.54796970 0.00000000
-0.08390430 0.54270210 0.83572390 0.00000000
-0.09820457 1.53428300 -0.21961970 1.00000000

0.98858920 0.14759610 0.03010991 0.00000000
0.10196980 -0.80282400 0.58743170 0.00000000
0.11087560 -0.57765830 -0.80871340 0.00000000
-0.06843036 1.56847700 -0.22025810 1.00000000

0.98858920 0.14759610 0.03010991 0.00000000
-0.10196970 0.80282400 -0.58743150 0.00000000
-0.11087560 0.57765810 0.80871370 0.00000000
-0.08333807 1.56102100 -0.24267810 1.00000000

0.98858920 0.14759610 0.03010991 0.00000000
-0.10196970 0.80282400 -0.58743150 0.00000000
-0.11087560 0.57765810 0.80871370 0.00000000
-0.10106160 1.56299400 -0.22108090 1.00000000

0.98864390 0.14720620 0.03022322 0.00000000
0.02649042 -0.36868270 0.92917790 0.00000000
0.14792360 -0.91782550 -0.36839540 0.00000000
-0.10081070 1.63366700 -0.02496279 1.00000000

0.98864390 0.14720620 0.03022322 0.00000000
-0.13034380 0.94007960 -0.31505670 0.00000000
-0.07479042 0.30753950 0.94859150 0.00000000
-0.10420600 1.68355500 -0.15688710 1.00000000

0.46907310 -0.83572750 0.28553430 0.00000000
0.36810760 -0.10887440 -0.92338690 0.00000000
0.80278720 0.53824320 0.25656750 0.00000000
-0.05995528 1.45029200 0.03280450 1.00000000

0.80835860 -0.33246270 0.48582390 0.00000000
0.58171160 0.57780480 -0.57249730 0.00000000
-0.09037754 0.74539250 0.66047110 0.00000000
-0.14237450 1.47466900 0.23955090 1.00000000

0.80836860 -0.33246610 0.48580520 0.00000000
-0.19422180 0.62841400 0.75324240 0.00000000
-0.55571440 -0.70325140 0.44341790 0.00000000
-0.30614780 1.31199900 0.40072710 1.00000000

0.97687320 0.14256540 -0.15935610 0.00000000
0.02317885 0.67028050 0.74174610 0.00000000
0.21256040 -0.72828530 0.65147430 0.00000000
-0.25930360 1.16003900 0.21842960 1.00000000

-0.97499330 -0.20232670 0.09193540 0.00000000
0.21256040 -0.72828530 0.65147430 0.00000000
-0.06485552 0.65472490 0.75308000 0.00000000
-0.21786270 1.09416200 0.11539740 1.00000000

0.96143030 0.27504920 0.00029960 0.00000000
-0.13871220 0.48392460 0.86404650 0.00000000
0.23751010 -0.83076180 0.50341210 0.00000000
-0.27227220 1.09972300 0.06747528 1.00000000

0.01853710 0.49346290 0.86956940 0.00000000
-0.95687000 -0.24344060 0.15854590 0.00000000
0.28992470 -0.83500380 0.46766700 0.00000000
-0.26563540 1.07657100 0.02613627 1.00000000

0.16469830 0.73764870 0.65478960 0.00000000
-0.94160200 -0.08009006 0.32706510 0.00000000
0.29370100 -0.67041800 0.68138040 0.00000000
-0.26578360 1.07022200 0.09155486 1.00000000

-0.82530580 0.18067260 0.53500310 0.00000000
-0.48038380 -0.72264310 -0.49700990 0.00000000
0.29681990 -0.66719160 0.68319340 0.00000000
-0.21874350 1.07493900 0.07586604 1.00000000

0.30583520 0.71962390 0.62338320 0.00000000
-0.88934910 -0.01781236 0.45688220 0.00000000
0.33988700 -0.69413570 0.63454900 0.00000000
-0.25311430 1.04324400 0.11631410 1.00000000

-0.71295600 0.27272300 0.64600020 0.00000000
-0.57498310 -0.75469090 -0.31596910 0.00000000
0.40135830 -0.59671120 0.69487240 0.00000000
-0.21136620 1.04408000 0.09486633 1.00000000

0.18665690 0.72400380 0.66406180 0.00000000
-0.86619880 -0.19763930 0.45895410 0.00000000
0.46352880 -0.66087620 0.59024020 0.00000000
-0.24099120 1.01989300 0.13959650 1.00000000

-0.59810760 0.43305210 0.67433940 0.00000000
-0.61551180 -0.78708810 -0.04047236 0.00000000
0.51323760 -0.43927050 0.73731170 0.00000000
-0.20396050 1.02890700 0.12056430 1.00000000

0.37792160 -0.91964820 -0.10687870 0.00000000
-0.88356170 -0.39273900 0.25509790 0.00000000
-0.27657560 -0.00197317 -0.96099020 0.00000000
-0.26046000 1.16882600 0.12209180 1.00000000

-0.95875020 -0.28285250 -0.02815023 0.00000000
-0.24878230 0.78709210 0.56444120 0.00000000
-0.13749660 0.54816130 -0.82499340 0.00000000
-0.21399320 1.19079100 0.10599920 1.00000000

0.96793630 -0.00192840 0.25118870 0.00000000
-0.19422180 0.62841400 0.75324240 0.00000000
-0.15930310 -0.77787690 0.60789010 0.00000000
-0.28070800 1.22929900 0.30144980 1.00000000

0.97985960 -0.19802420 0.02572420 0.00000000
0.17441090 0.78596160 -0.59316550 0.00000000
0.09724286 0.58570540 0.80466960 0.00000000
-0.12001510 1.47424400 0.20041120 1.00000000

0.80538770 -0.50767490 0.30596890 0.00000000
0.58171160 0.57780480 -0.57249730 0.00000000
0.11385220 0.63906790 0.76067730 0.00000000
-0.14237450 1.47466900 0.23955090 1.00000000

0.80327750 -0.52172740 0.28730790 0.00000000
0.58059080 0.57827540 -0.57315980 0.00000000
0.13289000 0.62721450 0.76742580 0.00000000
-0.21204540 1.40527600 0.30833010 1.00000000

0.77331670 0.01805620 -0.63376290 0.00000000
0.08325434 0.98804710 0.12973680 0.00000000
0.62853010 -0.15309110 0.76257000 0.00000000
-0.04349023 0.97879110 -0.13223120 1.00000000

0.77028700 -0.01740932 -0.63745970 0.00000000
0.10443310 0.98957540 0.09916800 0.00000000
0.62908790 -0.14295970 0.76407520 0.00000000
-0.15878870 0.98845650 -0.04782279 1.00000000

0.77671390 -0.00824630 -0.62979950 0.00000000
-0.08365928 -0.99240560 -0.09018053 0.00000000
-0.62427290 0.12273310 -0.77150510 0.00000000
-0.10334720 0.98408060 0.14675890 1.00000000

1.00000000 0.00000000 0.00000000 0.00000000
0.00000000 1.00000000 0.00000000 0.00000000
0.00000000 0.00000000 1.00000000 0.00000000
0.00000000 0.00000000 0.00000000 1.00000000

1.00000000 0.00000000 0.00000000 0.00000000
0.00000000 1.00000000 0.00000000 0.00000000
0.00000000 0.00000000 1.00000000 0.00000000
0.00000000 0.00000000 0.00000000 1.00000000

0.98864390 0.14720620 0.03022322 0.00000000
-0.13034370 0.94007950 -0.31505680 0.00000000
-0.07479042 0.30753960 0.94859150 0.00000000
-0.08328522 1.53174000 -0.10180150 1.00000000

0.77120130 -0.00953391 -0.63652010 0.00000000
-0.01987407 0.99903990 -0.03904302 0.00000000
0.63628120 0.04276028 0.77027130 0.00000000
0.00421280 0.85412350 0.04904328 1.00000000

0.97239740 0.18502070 0.14216410 0.00000000
0.23180120 -0.83566490 -0.49792840 0.00000000
0.02667448 0.51713810 -0.85548640 0.00000000
0.10361040 0.82158400 -0.03824146 1.00000000

0.97239740 0.18502070 0.14216410 0.00000000
0.16211440 -0.97393100 0.15867460 0.00000000
0.16781620 -0.13124800 -0.97704240 0.00000000
0.19633090 0.48731810 -0.23741280 1.00000000

0.99727490 0.06455516 0.03571716 0.00000000
0.06480446 -0.99788110 -0.00586288 0.00000000
0.03526303 0.00816150 -0.99934480 0.00000000
0.25446510 0.14000680 -0.18303710 1.00000000

0.99701440 0.07049063 0.03152263 0.00000000
0.06943969 -0.99703110 0.03327909 0.00000000
0.03377488 -0.03099077 -0.99894890 0.00000000
0.26604880 0.03715563 -0.32057750 1.00000000

0.57781550 -0.23514150 -0.78156120 0.00000000
0.33425160 0.94178720 -0.03623201 0.00000000
0.74458400 -0.24030270 0.62277560 0.00000000
-0.10079520 0.82411050 0.13046700 1.00000000

0.57781430 -0.23514140 -0.78156200 0.00000000
-0.26761620 0.85007340 -0.45360440 0.00000000
0.77104630 0.47125770 0.42825690 0.00000000
-0.23449610 0.44739650 0.14496040 1.00000000

0.31517310 -0.07394531 -0.94614910 0.00000000
-0.00310757 0.99687430 -0.07894484 0.00000000
0.94902920 0.02782155 0.31395800 0.00000000
-0.14084750 0.14346440 0.30563630 1.00000000

0.31654390 -0.09561840 -0.94374620 0.00000000
-0.13095790 0.98097460 -0.14331520 0.00000000
0.93949470 0.16895660 0.29799960 0.00000000
-0.27055880 0.03578782 0.27084290 1.00000000

0.78083650 -0.01234659 -0.62461340 0.00000000
-0.00469164 0.99966060 -0.02562513 0.00000000
0.62471780 0.02293950 0.78051360 0.00000000
0.00150187 0.99039800 0.04371759 1.00000000

0.80674870 -0.03582592 -0.58980770 0.00000000
-0.04498862 0.99153910 -0.12176390 0.00000000
0.58917980 0.12476750 0.79831100 0.00000000
0.00069243 1.16286900 0.03929651 1.00000000

0.71365050 -0.09637938 -0.69384010 0.00000000
-0.32050230 0.83581230 -0.44575350 0.00000000
0.62288150 0.54048960 0.56558800 0.00000000
-0.00774795 1.34889300 0.01645220 1.00000000

-0.32012570 0.42309250 -0.84765110 0.00000000
0.62764170 -0.57549270 -0.52428480 0.00000000
-0.70963800 -0.69985810 -0.08132052 0.00000000
0.02333019 1.43796900 -0.05517765 1.00000000

-0.03854582 -0.17211210 -0.98432300 0.00000000
-0.22305950 -0.95871730 0.17636970 0.00000000
-0.97404280 0.22636100 -0.00143671 0.00000000
0.16385880 1.30911600 -0.17256470 1.00000000

-0.06292096 -0.22522120 -0.97227410 0.00000000
-0.99712430 -0.02705345 0.07079563 0.00000000
-0.04224809 0.97393250 -0.22287110 0.00000000
0.10105890 1.03920000 -0.12291040 1.00000000

0.52514390 -0.84744040 0.07790695 0.00000000
-0.84860110 -0.52834490 -0.02699488 0.00000000
0.06403831 -0.05193564 -0.99659510 0.00000000
-0.14015840 1.03261700 -0.10595340 1.00000000

-0.36980790 0.92631190 -0.07203567 0.00000000
0.06403828 -0.05193562 -0.99659500 0.00000000
-0.92689910 -0.37316180 -0.04011330 0.00000000
-0.22720800 1.01490700 -0.11287830 1.00000000

-0.84234640 -0.53892270 -0.00397441 0.00000000
-0.52493770 0.82211290 -0.22038920 0.00000000
0.12204010 -0.18355780 -0.97540410 0.00000000
-0.26754110 0.95133270 -0.16727040 1.00000000

-0.98705550 0.08797771 -0.13409850 0.00000000
0.11000420 0.97982280 -0.16687520 0.00000000
0.11671120 -0.17946630 -0.97681660 0.00000000
-0.29265590 0.99066560 -0.17781460 1.00000000

-0.71907720 -0.68785920 0.09888595 0.00000000
-0.69005820 0.68994820 -0.21861400 0.00000000
0.08214945 -0.22543750 -0.97078810 0.00000000
-0.27061140 0.95095910 -0.12876460 1.00000000

-0.97592210 0.17906010 -0.12455720 0.00000000
0.20223870 0.95673350 -0.20919180 0.00000000
0.08171001 -0.22934510 -0.96990940 0.00000000
-0.30428870 0.98596790 -0.13978230 1.00000000

-0.83852150 -0.53995350 0.07302523 0.00000000
-0.53490660 0.79025090 -0.29896380 0.00000000
0.10371830 -0.28974930 -0.95146630 0.00000000
-0.27499340 0.95714610 -0.09076639 1.00000000

-0.99091720 0.04953366 -0.12502070 0.00000000
0.08361331 0.95507750 -0.28431730 0.00000000
0.10532110 -0.29218830 -0.95054390 0.00000000
-0.30010320 0.99424260 -0.10480060 1.00000000

-0.79661060 -0.60318700 -0.03971854 0.00000000
-0.53227620 0.73106940 -0.42687280 0.00000000
0.28652100 -0.31891030 -0.90343900 0.00000000
-0.27812960 0.96402500 -0.05645632 1.00000000

-0.95464810 -0.15383080 -0.25491880 0.00000000
-0.05706485 0.93484870 -0.35043180 0.00000000
0.29221760 -0.31999220 -0.90122910 0.00000000
-0.30015590 0.99563680 -0.07462943 1.00000000

0.79874030 -0.21235640 -0.56295590 0.00000000
-0.47252000 -0.80062030 -0.36841910 0.00000000
-0.37247770 0.56027900 -0.73982990 0.00000000
-0.20563930 1.01106100 -0.18257780 1.00000000

0.04660982 -0.82742910 -0.55963330 0.00000000
-0.94620800 -0.21614780 0.24077250 0.00000000
-0.32018560 0.51830700 -0.79299400 0.00000000
-0.23238870 0.96302200 -0.20549090 1.00000000

-0.01467228 -0.84754260 -0.53052500 0.00000000
-0.99712430 -0.02705345 0.07079563 0.00000000
-0.07435501 0.53003790 -0.84470770 0.00000000
-0.03025703 1.03559900 -0.11375650 1.00000000

-0.47136990 -0.48565650 -0.73617180 0.00000000
-0.08141965 -0.80719470 0.58464320 0.00000000
-0.87816970 0.33552220 0.34094500 0.00000000
0.16077810 1.31198000 -0.17958080 1.00000000

-0.41109530 -0.07153609 -0.90878140 0.00000000
-0.22305950 -0.95871730 0.17636970 0.00000000
-0.88388120 0.27521710 0.37816720 0.00000000
0.16385880 1.30911600 -0.17256470 1.00000000

-0.36267330 -0.08765373 -0.92778500 0.00000000
-0.22302010 -0.95847460 0.17773210 0.00000000
-0.90483740 0.27137350 0.32806440 0.00000000
0.13709630 1.19409900 -0.15123680 1.00000000

0.91923930 0.26053270 -0.29516440 0.00000000
-0.38559930 0.74709430 -0.54144570 0.00000000
0.07945147 0.61153320 0.78721960 0.00000000
-0.05582331 1.47426500 -0.05041092 1.00000000

0.98852520 0.14763330 0.03197384 0.00000000
-0.13318370 0.95169280 -0.27666410 0.00000000
-0.07127410 0.26923110 0.96043470 0.00000000
-0.09206969 1.54449200 -0.10130690 1.00000000

0.98852520 0.14763330 0.03197384 0.00000000
-0.11476610 0.87165160 -0.47650010 0.00000000
-0.09821725 0.46736280 0.87859280 0.00000000
-0.09576876 1.59742900 -0.23137290 1.00000000

0.98852520 0.14763330 0.03197384 0.00000000
0.10015000 -0.79900080 0.59293170 0.00000000
0.11308360 -0.58292590 -0.80461820 0.00000000
-0.03261703 1.58983300 -0.20188150 1.00000000

0.98852520 0.14763330 0.03197384 0.00000000
-0.10352080 0.81624740 -0.56835190 0.00000000
-0.11000620 0.55852010 0.82216430 0.00000000
-0.15544520 1.56951500 -0.20435030 1.00000000

0.98850650 0.14772300 0.03214347 0.00000000
0.11499300 -0.87273040 0.47446680 0.00000000
0.09814218 -0.46531710 -0.87968660 0.00000000
-0.05969563 1.61441400 -0.19215440 1.00000000

0.98853540 0.14758520 0.03188369 0.00000000
-0.11476490 0.87164630 -0.47651020 0.00000000
-0.09811717 0.46738800 0.87859070 0.00000000
-0.13763230 1.60277400 -0.19467540 1.00000000

0.95695010 0.27853120 -0.08165416 0.00000000
0.28288110 -0.83197530 0.47727920 0.00000000
0.06500271 -0.47983070 -0.87494990 0.00000000
-0.07697503 1.60386500 -0.23273350 1.00000000

0.96601090 0.25850080 -0.00077552 0.00000000
-0.22737320 0.84825280 -0.47829750 0.00000000
-0.12298230 0.46221690 0.87819760 0.00000000
-0.11203380 1.59936800 -0.23519950 1.00000000

0.96819720 0.16597410 0.18720860 0.00000000
0.10937510 -0.95377090 0.27992540 0.00000000
0.22501460 -0.25054710 -0.94159170 0.00000000
-0.02426619 1.63073900 -0.19002590 1.00000000

0.98876780 0.13438770 -0.06540924 0.00000000
-0.14894770 0.92222220 -0.35682060 0.00000000
0.01236957 0.36255530 0.93188040 0.00000000
-0.17651940 1.60932100 -0.19643610 1.00000000

0.96717150 0.25412380 0.00053760 0.00000000
0.22228650 -0.84702340 0.48284560 0.00000000
0.12315790 -0.46687510 -0.87570540 0.00000000
-0.05975956 1.61492500 -0.19254170 1.00000000

0.99724130 0.03925534 0.06300139 0.00000000
-0.00493927 0.88193740 -0.47134070 0.00000000
-0.07406589 0.46972920 0.87969830 0.00000000
-0.13763360 1.60278500 -0.19468330 1.00000000

0.98599900 0.16505450 0.02373222 0.00000000
-0.13652410 0.88076360 -0.45344990 0.00000000
-0.09574625 0.44386110 0.89096590 0.00000000
-0.09731066 1.58555300 -0.12886690 1.00000000

0.94265100 0.32916870 -0.05528969 0.00000000
0.32239490 -0.85502560 0.40619300 0.00000000
0.08643198 -0.40072330 -0.91211320 0.00000000
-0.06819063 1.51407300 -0.22040550 1.00000000

0.98665230 0.16076310 0.02594009 0.00000000
-0.13291560 0.88707550 -0.44207520 0.00000000
-0.09408027 0.43272660 0.89660290 0.00000000
-0.08305876 1.51295400 -0.22377790 1.00000000

0.99467240 -0.00958386 0.10264140 0.00000000
0.04978152 0.91653650 -0.39684150 0.00000000
-0.09027109 0.39983680 0.91213040 0.00000000
-0.10074620 1.51035500 -0.21938060 1.00000000

0.98230370 0.18614530 0.02072436 0.00000000
0.15081800 -0.85174430 0.50178240 0.00000000
0.11105620 -0.48977710 -0.86474580 0.00000000
-0.06289788 1.52775300 -0.20637640 1.00000000

0.98990650 0.13733990 0.03496978 0.00000000
-0.10161390 0.85981460 -0.50039330 0.00000000
-0.09879133 0.49178930 0.86509190 0.00000000
-0.11330260 1.52029400 -0.20503550 1.00000000

0.97538670 0.21979510 0.01763836 0.00000000
0.17581250 -0.82349090 0.53940070 0.00000000
0.13308270 -0.52302330 -0.84186460 0.00000000
-0.07189196 1.53789900 -0.22029390 1.00000000

0.98743160 0.15521740 0.02977464 0.00000000
-0.11521990 0.83592110 -0.53661940 0.00000000
-0.10818200 0.52644430 0.84329900 0.00000000
-0.08642568 1.53435400 -0.22500610 1.00000000

0.99439430 0.09877113 0.03774291 0.00000000
-0.06205243 0.83414390 -0.54804500 0.00000000
-0.08561397 0.54263070 0.83559690 0.00000000
-0.10480290 1.53395800 -0.21998100 1.00000000

0.98847080 0.14802320 0.03186059 0.00000000
0.10128080 -0.80280440 0.58757760 0.00000000
0.11255290 -0.57757650 -0.80854040 0.00000000
-0.07504237 1.56816500 -0.22056550 1.00000000

0.98847080 0.14802320 0.03186059 0.00000000
-0.10128080 0.80280440 -0.58757760 0.00000000
-0.11255290 0.57757630 0.80854040 0.00000000
-0.08990729 1.56070400 -0.24301210 1.00000000

0.98847080 0.14802320 0.03186059 0.00000000
-0.10128080 0.80280440 -0.58757760 0.00000000
-0.11255290 0.57757630 0.80854040 0.00000000
-0.10766980 1.56266800 -0.22144620 1.00000000

0.98852520 0.14763330 0.03197384 0.00000000
0.02501056 -0.36871020 0.92920800 0.00000000
0.14897100 -0.91774580 -0.36817160 0.00000000
-0.10779560 1.63333300 -0.02532496 1.00000000

0.98852520 0.14763330 0.03197384 0.00000000
-0.13019490 0.94003640 -0.31524760 0.00000000
-0.07659760 0.30746740 0.94847070 0.00000000
-0.11097970 1.68322500 -0.15725300 1.00000000

0.46981680 -0.83447270 0.28797220 0.00000000
0.37120120 -0.10922400 -0.92210630 0.00000000
0.80092590 0.54011650 0.25844200 0.00000000
-0.06700819 1.45016800 0.03265413 1.00000000

0.80574190 -0.33458080 0.48870840 0.00000000
0.58529720 0.57603730 -0.57062120 0.00000000
-0.09059545 0.74581300 0.65996650 0.00000000
-0.15012010 1.47462300 0.23911380 1.00000000

0.80575200 -0.33458440 0.48868960 0.00000000
-0.19460580 0.62974860 0.75202750 0.00000000
-0.55936830 -0.70104930 0.44230920 0.00000000
-0.31490280 1.31245100 0.39976180 1.00000000

0.97760770 0.13993850 -0.15716390 0.00000000
0.02295768 0.67146770 0.74067830 0.00000000
0.20917990 -0.72770090 0.65321930 0.00000000
-0.26796530 1.16016900 0.21775770 1.00000000

-0.97570510 -0.19981730 0.08984831 0.00000000
0.20917990 -0.72770090 0.65321930 0.00000000
-0.06514204 0.65614360 0.75181930 0.00000000
-0.22642810 1.09401900 0.11493930 1.00000000

0.96208900 0.27272730 0.00223085 0.00000000
-0.13968690 0.48570880 0.86288770 0.00000000
0.23424940 -0.83048610 0.50539140 0.00000000
-0.28070490 1.09963100 0.06687271 1.00000000

0.01757103 0.49487670 0.86878560 0.00000000
-0.95784690 -0.24086300 0.15657240 0.00000000
0.28674230 -0.83491470 0.46978400 0.00000000
-0.27402130 1.07639300 0.02558913 1.00000000

0.16485540 0.73834750 0.65396150 0.00000000
-0.94260260 -0.07726695 0.32485540 0.00000000
0.29038570 -0.66997990 0.68323020 0.00000000
-0.27434740 1.07015500 0.09101769 1.00000000

-0.82619260 0.18356310 0.53264520 0.00000000
-0.48089440 -0.72231490 -0.49699300 0.00000000
0.29350790 -0.66675780 0.68504540 0.00000000
-0.22725710 1.07473200 0.07543811 1.00000000

0.30602570 0.71992950 0.62293650 0.00000000
-0.89052150 -0.01489762 0.45469750 0.00000000
0.33663050 -0.69388740 0.63655350 0.00000000
-0.26180490 1.04318800 0.11585360 1.00000000

-0.71389660 0.27552830 0.64376730 0.00000000
-0.57602010 -0.75383020 -0.31613470 0.00000000
0.39818710 -0.59651050 0.69686650 0.00000000
-0.22000170 1.04388700 0.09450822 1.00000000

0.18675770 0.72466540 0.66331110 0.00000000
-0.86781140 -0.19477610 0.45712800 0.00000000
0.46046200 -0.66100110 0.59249690 0.00000000
-0.24979620 1.01984700 0.13920510 1.00000000

-0.59873140 0.43562700 0.67212380 0.00000000
-0.61731110 -0.78566660 -0.04068565 0.00000000
0.51034100 -0.43926920 0.73932030 0.00000000
-0.21269660 1.02873900 0.12025000 1.00000000

0.37596060 -0.92073610 -0.10439870 0.00000000
-0.88514000 -0.39017560 0.25355640 0.00000000
-0.27419210 -0.00291965 -0.96167050 0.00000000
-0.26886120 1.16879700 0.12140280 1.00000000

-0.95935890 -0.28058380 -0.03006157 0.00000000
-0.24827900 0.78863730 0.56250230 0.00000000
-0.13412110 0.54710520 -0.82624920 0.00000000
-0.22230160 1.19062200 0.10538900 1.00000000

0.96722280 -0.00429945 0.25389330 0.00000000
-0.19460580 0.62974860 0.75202750 0.00000000
-0.16312230 -0.77678700 0.60827060 0.00000000
-0.28941200 1.22957600 0.30064390 1.00000000

0.97947910 -0.19914860 0.03099951 0.00000000
0.17832870 0.78466080 -0.59372260 0.00000000
0.09391484 0.58706680 0.80407260 0.00000000
-0.12753890 1.47433000 0.19958950 1.00000000

0.80321170 -0.50809400 0.31095310 0.00000000
0.58529720 0.57603730 -0.57062120 0.00000000
0.11080860 0.64032930 0.76006580 0.00000000
-0.15012010 1.47462300 0.23911380 1.00000000

0.80115130 -0.52231020 0.29214520 0.00000000
0.58417980 0.57651070 -0.57128750 0.00000000
0.12996450 0.62835290 0.76699540 0.00000000
-0.22022170 1.40544200 0.30766830 1.00000000

0.77354010 0.01931136 -0.63345310 0.00000000
0.08195788 0.98809380 0.13020560 0.00000000
0.62842550 -0.15263570 0.76274750 0.00000000
-0.04967377 0.97866930 -0.13139120 1.00000000

0.77044030 -0.01750111 -0.63727200 0.00000000
0.10414080 0.98965050 0.09872442 0.00000000
0.62894880 -0.14242730 0.76428920 0.00000000
-0.16500540 0.98827550 -0.04702123 1.00000000

0.77713620 -0.00778122 -0.62928440 0.00000000
-0.08251944 -0.99255030 -0.08963449 0.00000000
-0.62389900 0.12158640 -0.77198890 0.00000000
-0.10962040 0.98411100 0.14751670 1.00000000

1.00000000 0.00000000 0.00000000 0.00000000
0.00000000 1.00000000 0.00000000 0.00000000
0.00000000 0.00000000 1.00000000 0.00000000
0.00000000 0.00000000 0.00000000 1.00000000

1.00000000 0.00000000 0.00000000 0.00000000
0.00000000 1.00000000 0.00000000 0.00000000
0.00000000 0.00000000 1.00000000 0.00000000
0.00000000 0.00000000 0.00000000 1.00000000

0.98852520 0.14763330 0.03197384 0.00000000
-0.13019490 0.94003640 -0.31524770 0.00000000
-0.07659760 0.30746750 0.94847070 0.00000000
-0.09009036 1.53141700 -0.10213680 1.00000000

0.77140580 -0.00914858 -0.63627790 0.00000000
-0.02091944 0.99899160 -0.03972593 0.00000000
0.63599960 0.04395539 0.77043650 0.00000000
-0.00193115 0.85416830 0.05003014 1.00000000

0.97241360 0.18615160 0.14056810 0.00000000
0.23200440 -0.83435440 -0.50002690 0.00000000
0.02420279 0.51884530 -0.85452560 0.00000000
0.09752759 0.82167500 -0.03720216 1.00000000

0.97241360 0.18615160 0.14056810 0.00000000
0.16359910 -0.97381390 0.15786710 0.00000000
0.16627440 -0.13051530 -0.97740410 0.00000000
0.19032940 0.48793320 -0.23721290 1.00000000

0.99689300 0.07053123 0.03506559 0.00000000
0.07092555 -0.99743020 -0.01012887 0.00000000
0.03426108 0.01258433 -0.99933390 0.00000000
0.24898910 0.14066540 -0.18312570 1.00000000

0.99659220 0.07648259 0.03089631 0.00000000
0.07559275 -0.99671670 0.02901201 0.00000000
0.03301379 -0.02657766 -0.99910150 0.00000000
0.26107330 0.03846717 -0.32110900 1.00000000

0.57583210 -0.23468760 -0.78315970 0.00000000
0.33598820 0.94121530 -0.03501047 0.00000000
0.74533830 -0.24297220 0.62083430 0.00000000
-0.10693220 0.82409940 0.13144210 1.00000000

0.57583110 -0.23468750 -0.78316060 0.00000000
-0.26798130 0.85081350 -0.45199840 0.00000000
0.77240190 0.47014700 0.42703290 0.00000000
-0.24132780 0.44761410 0.14544690 1.00000000

0.31522190 -0.07389277 -0.94613700 0.00000000
-0.00327901 0.99687350 -0.07894778 0.00000000
0.94901240 0.02798847 0.31399410 0.00000000
-0.14755210 0.14342070 0.30555330 1.00000000

0.31659640 -0.09556567 -0.94373400 0.00000000
-0.13112410 0.98095120 -0.14332290 0.00000000
0.93945370 0.16912180 0.29803480 0.00000000
-0.27724330 0.03572130 0.27075520 1.00000000

0.78146220 -0.01231462 -0.62383110 0.00000000
-0.00650689 0.99959000 -0.02788328 0.00000000
0.62391870 0.02584893 0.78106160 0.00000000
-0.00478467 0.99043620 0.04461130 1.00000000

0.80813430 -0.03541777 -0.58793240 0.00000000
-0.04657353 0.99122250 -0.12372950 0.00000000
0.58715400 0.12737210 0.79939140 0.00000000
-0.00590730 1.16289500 0.03980062 1.00000000

0.71621650 -0.09571914 -0.69128270 0.00000000
-0.32077610 0.83455660 -0.44790390 0.00000000
0.61978750 0.54254320 0.56701890 0.00000000
-0.01464502 1.34886000 0.01658755 1.00000000

-0.31839350 0.42113100 -0.84927860 0.00000000
0.63187490 -0.57356550 -0.52130270 0.00000000
-0.70665370 -0.70261730 -0.08348256 0.00000000
0.01648562 1.43791200 -0.05504914 1.00000000

-0.03324616 -0.17254510 -0.98444050 0.00000000
-0.23216930 -0.95670710 0.17552500 0.00000000
-0.97210690 0.23439240 -0.00825271 0.00000000
0.15796200 1.30949100 -0.17176850 1.00000000

-0.05779275 -0.22478820 -0.97269230 0.00000000
-0.99710710 -0.03518286 0.06737420 0.00000000
-0.04936706 0.97377230 -0.22210470 0.00000000
0.09259740 1.04014100 -0.12235200 1.00000000

0.52266630 -0.84898220 0.07777700 0.00000000
-0.84998740 -0.52598070 -0.02942276 0.00000000
0.06588858 -0.05073113 -0.99653640 0.00000000
-0.14861490 1.03159100 -0.10622290 1.00000000

-0.36712710 0.92742000 -0.07148616 0.00000000
0.06588852 -0.05073108 -0.99653650 0.00000000
-0.92783430 -0.37056570 -0.04248154 0.00000000
-0.23569860 1.01412900 -0.11334610 1.00000000

-0.84380780 -0.53660740 -0.00640449 0.00000000
-0.52224430 0.82385160 -0.22029360 0.00000000
0.12348760 -0.18254070 -0.97541260 0.00000000
-0.27609650 0.95074070 -0.16790680 1.00000000

-0.98654060 0.09086630 -0.13594560 0.00000000
0.11301800 0.97974750 -0.16529330 0.00000000
0.11817280 -0.17843290 -0.97683000 0.00000000
-0.30108270 0.99015670 -0.17844650 1.00000000

-0.72115270 -0.68602310 0.09649464 0.00000000
-0.68772900 0.69213710 -0.21903160 0.00000000
0.08347329 -0.22431740 -0.97093450 0.00000000
-0.27924500 0.95032220 -0.12940770 1.00000000

-0.97517690 0.18190460 -0.12625550 0.00000000
0.20527340 0.95646430 -0.20745770 0.00000000
0.08302152 -0.22822500 -0.97006230 0.00000000
-0.31280420 0.98543820 -0.14044400 1.00000000

-0.84013970 -0.53775530 0.07060102 0.00000000
-0.53214330 0.79212580 -0.29893220 0.00000000
0.10482730 -0.28871460 -0.95165910 0.00000000
-0.28368590 0.95646850 -0.09140982 1.00000000

-0.99052570 0.05242037 -0.12692920 0.00000000
0.08679464 0.95523740 -0.28282220 0.00000000
0.10642190 -0.29115940 -0.95073690 0.00000000
-0.30866600 0.99365300 -0.10544250 1.00000000

-0.79817680 -0.60094720 -0.04214656 0.00000000
-0.52941890 0.73311440 -0.42691780 0.00000000
0.28745330 -0.31844270 -0.90330780 0.00000000
-0.28687200 0.96330840 -0.05709655 1.00000000

-0.95455350 -0.15086250 -0.25703720 0.00000000
-0.05380593 0.93548540 -0.34924540 0.00000000
0.29314270 -0.31954320 -0.90108800 0.00000000
-0.30877530 0.99500560 -0.07526964 1.00000000

0.79928000 -0.21376350 -0.56165520 0.00000000
-0.47397100 -0.79881220 -0.37047400 0.00000000
-0.36946290 0.56232050 -0.73979230 0.00000000
-0.21400110 1.01032000 -0.18300760 1.00000000

0.04546478 -0.82677790 -0.56068840 0.00000000
-0.94727500 -0.21388850 0.23858290 0.00000000
-0.31717980 0.52027900 -0.79291020 0.00000000
-0.24083600 0.96238660 -0.20604080 1.00000000

-0.00606287 -0.84677580 -0.53191520 0.00000000
-0.99710710 -0.03518286 0.06737420 0.00000000
-0.07576513 0.53078500 -0.84411310 0.00000000
-0.03871536 1.03546900 -0.11364870 1.00000000

-0.47296650 -0.48151810 -0.73786380 0.00000000
-0.09063257 -0.80642250 0.58435320 0.00000000
-0.87640640 0.34325390 0.33776960 0.00000000
0.15452210 1.31256400 -0.17901900 1.00000000

-0.40840130 -0.06789694 -0.91027370 0.00000000
-0.23216930 -0.95670710 0.17552500 0.00000000
-0.88278290 0.28302210 0.37495680 0.00000000
0.15796200 1.30949100 -0.17176850 1.00000000

-0.36012360 -0.08441926 -0.92907710 0.00000000
-0.23213720 -0.95646390 0.17688750 0.00000000
-0.90356140 0.27937470 0.32484840 0.00000000
0.13010560 1.19471500 -0.15054200 1.00000000

0.91978820 0.26265330 -0.29155230 0.00000000
-0.38526130 0.74563260 -0.54369650 0.00000000
0.07458729 0.61240940 0.78701440 0.00000000
-0.06276146 1.47404300 -0.05059815 1.00000000

0.98837550 0.14819120 0.03395489 0.00000000
-0.13316810 0.95162440 -0.27690670 0.00000000
-0.07334739 0.26916610 0.96029680 0.00000000
-0.09897606 1.54413200 -0.10170560 1.00000000

0.98837550 0.14819120 0.03395489 0.00000000
-0.11430550 0.87159870 -0.47670730 0.00000000
-0.10023880 0.46728470 0.87840600 0.00000000
-0.10244490 1.59707100 -0.23177750 1.00000000

0.98837550 0.14819120 0.03395489 0.00000000
0.09941542 -0.79895940 0.59311130 0.00000000
0.11502250 -0.58284100 -0.80440450 0.00000000
-0.03934801 1.58951000 -0.20216000 1.00000000

0.98837550 0.14819120 0.03395489 0.00000000
-0.10284510 0.81620340 -0.56853770 0.00000000
-0.11196630 0.55843660 0.82195630 0.00000000
-0.16215940 1.56912300 -0.20487500 1.00000000

0.98835640 0.14828100 0.03412452 0.00000000
0.11453700 -0.87267750 0.47467440 0.00000000
0.10016480 -0.46523900 -0.87949990 0.00000000
-0.06645989 1.61407500 -0.19248650 1.00000000

0.98838590 0.14814320 0.03386474 0.00000000
-0.11430430 0.87159340 -0.47671740 0.00000000
-0.10013860 0.46731000 0.87840410 0.00000000
-0.14438470 1.60239200 -0.19516370 1.00000000

0.95695360 0.27907420 -0.07973301 0.00000000
0.28239600 -0.83182760 0.47782370 0.00000000
0.06702417 -0.47977140 -0.87482990 0.00000000
-0.08365209 1.60351800 -0.23310030 1.00000000

0.96586410 0.25904690 0.00116321 0.00000000
-0.22689550 0.84813650 -0.47873060 0.00000000
-0.12500020 0.46212470 0.87796100 0.00000000
-0.11870330 1.59900100 -0.23563660 1.00000000

0.96772650 0.16651650 0.18914910 0.00000000
0.10935420 -0.95371620 0.28012030 0.00000000
0.22703920 -0.25039570 -0.94114590 0.00000000
-0.03104398 1.63042100 -0.19028670 1.00000000

0.98882030 0.13494830 -0.06342798 0.00000000
-0.14875500 0.92214690 -0.35709520 0.00000000
0.01030058 0.36253830 0.93191210 0.00000000
-0.18327200 1.60891600 -0.19700210 1.00000000

0.96702460 0.25467040 0.00247848 0.00000000
0.22179900 -0.84691010 0.48326860 0.00000000
0.12517330 -0.46678300 -0.87546870 0.00000000
-0.06652327 1.61458700 -0.19287390 1.00000000

0.99709060 0.03981744 0.06499711 0.00000000
-0.00449495 0.88194660 -0.47132800 0.00000000
-0.07609096 0.46966470 0.87955990 0.00000000
-0.14438600 1.60240200 -0.19517150 1.00000000

0.98585590 0.16561110 0.02570856 0.00000000
-0.13611460 0.88069780 -0.45370050 0.00000000
-0.09777924 0.44378400 0.89078340 0.00000000
-0.10418510 1.58519200 -0.12927520 1.00000000

0.94257350 0.32970300 -0.05339572 0.00000000
0.32206510 -0.85485370 0.40681610 0.00000000
0.08848295 -0.40065110 -0.91194820 0.00000000
-0.07484157 1.51373100 -0.22075700 1.00000000

0.98650720 0.16132010 0.02791771 0.00000000
-0.13253250 0.88701150 -0.44231850 0.00000000
-0.09611821 0.43265030 0.89642350 0.00000000
-0.08970232 1.51260300 -0.22415910 1.00000000

0.99447010 -0.00902427 0.10463060 0.00000000
0.05005713 0.91657440 -0.39671860 0.00000000
-0.09232149 0.39976220 0.91195760 0.00000000
-0.10739710 1.50999500 -0.21979730 1.00000000

0.98215480 0.18670000 0.02269393 0.00000000
0.15029540 -0.85167160 0.50206220 0.00000000
0.11306270 -0.48969200 -0.86453370 0.00000000
-0.06958467 1.52741300 -0.20671700 1.00000000

0.98975670 0.13789850 0.03695327 0.00000000
-0.10109870 0.85976990 -0.50057450 0.00000000
-0.10079980 0.49171110 0.86490450 0.00000000
-0.11998780 1.51992500 -0.20547720 1.00000000

0.97522490 0.22034600 0.01959482 0.00000000
0.17519860 -0.82340510 0.53973110 0.00000000
0.13506210 -0.52292630 -0.84160950 0.00000000
-0.07855658 1.53755400 -0.22065220 1.00000000

0.98728200 0.15577480 0.03175357 0.00000000
-0.11461880 0.83586960 -0.53682830 0.00000000
-0.11016620 0.52636140 0.84309370 0.00000000
-0.09307886 1.53400200 -0.22539360 1.00000000

0.99426050 0.09933228 0.03973448 0.00000000
-0.06142755 0.83412280 -0.54814760 0.00000000
-0.08759210 0.54256080 0.83543730 0.00000000
