MeshAnim
1
34
83
30
0.77101240 -0.00988551 -0.63674350 0.00000000
-0.01891703 0.99908270 -0.03841688 0.00000000
0.63653920 0.04166519 0.77011810 0.00000000
0.01032645 0.85408100 0.04811063 1.00000000

0.97236630 0.18394360 0.14376550 0.00000000
0.23164280 -0.83685500 -0.49599960 0.00000000
0.02907485 0.51559560 -0.85633890 0.00000000
0.10966790 0.82149950 -0.03922234 1.00000000

0.97236630 0.18394360 0.14376550 0.00000000
0.16069370 -0.97404740 0.15940330 0.00000000
0.16935560 -0.13189620 -0.97668960 0.00000000
0.20232500 0.48675760 -0.23762220 1.00000000

0.99760340 0.05889732 0.03631416 0.00000000
0.05900383 -0.99825630 -0.00186488 0.00000000
0.03614095 0.00400311 -0.99933900 0.00000000
0.25995640 0.13940350 -0.18298610 1.00000000

0.99738090 0.06481755 0.03209594 0.00000000
0.06361136 -0.99727850 0.03727733 0.00000000
0.03442481 -0.03513809 -0.99878970 0.00000000
0.27105600 0.03594345 -0.32010910 1.00000000

0.57979730 -0.23558380 -0.77995870 0.00000000
0.33256380 0.94233840 -0.03741229 0.00000000
0.74379870 -0.23769440 0.62471180 0.00000000
-0.09468763 0.82411920 0.12954540 1.00000000

0.57980920 -0.23554660 -0.77996090 0.00000000
-0.26730880 0.84931470 -0.45520400 0.00000000
0.76965400 0.47242190 0.42947680 0.00000000
-0.22771340 0.44718470 0.14451090 1.00000000

0.31513060 -0.07407251 -0.94615330 0.00000000
-0.00302952 0.99686600 -0.07905169 0.00000000
0.94904350 0.02777804 0.31391870 0.00000000
-0.13417120 0.14352040 0.30575400 1.00000000

0.31649980 -0.09574547 -0.94374820 0.00000000
-0.13088360 0.98096980 -0.14341550 0.00000000
0.93951980 0.16891210 0.29794520 0.00000000
-0.26389270 0.03585052 0.27097710 1.00000000

0.78026340 -0.01236926 -0.62532880 0.00000000
-0.00303020 0.99971800 -0.02355581 0.00000000
0.62544380 0.02027461 0.78000580 0.00000000
0.00774607 0.99036140 0.04287035 1.00000000

0.80547570 -0.03618786 -0.59152300 0.00000000
-0.04353755 0.99182340 -0.11996220 0.00000000
0.59102760 0.12238010 0.79731400 0.00000000
0.00722327 1.16284200 0.03880629 1.00000000

0.71129170 -0.09696772 -0.69617630 0.00000000
-0.32024930 0.83695880 -0.44377940 0.00000000
0.62570320 0.53860660 0.56426810 0.00000000
-0.00094487 1.34892000 0.01629999 1.00000000

-0.20879150 0.73116750 -0.64946140 0.00000000
0.80448320 -0.24919540 -0.53917400 0.00000000
-0.55606930 -0.63505600 -0.53618210 0.00000000
0.03008455 1.43801800 -0.05532295 1.00000000

-0.03080046 -0.15050150 -0.98812990 0.00000000
-0.43719110 -0.88698660 0.14872390 0.00000000
-0.89884110 0.43658230 -0.03847826 0.00000000
0.21020780 1.38222300 -0.17604370 1.00000000

-0.04924044 -0.17542990 -0.98325980 0.00000000
-0.90497710 -0.40870050 0.11823910 0.00000000
-0.42260150 0.89564990 -0.13863540 0.00000000
0.08712170 1.13250200 -0.13417280 1.00000000

0.52760880 -0.84584300 0.07860456 0.00000000
-0.84717920 -0.53073450 -0.02466819 0.00000000
0.06258351 -0.05357702 -0.99660070 0.00000000
-0.13180270 1.03360600 -0.10574100 1.00000000

-0.37248220 0.92515390 -0.07312691 0.00000000
0.06258351 -0.05357702 -0.99660070 0.00000000
-0.92592690 -0.37579240 -0.03794289 0.00000000
-0.21881400 1.01564300 -0.11249370 1.00000000

-0.84085850 -0.54125290 -0.00163844 0.00000000
-0.52756100 0.82025640 -0.22104080 0.00000000
0.12098290 -0.18499950 -0.97526320 0.00000000
-0.25905820 0.95185880 -0.16670490 1.00000000

-0.98750840 0.08500675 -0.13267040 0.00000000
0.10702730 0.97981630 -0.16883520 0.00000000
0.11564050 -0.18092550 -0.97667460 0.00000000
-0.28429870 0.99110280 -0.17728040 1.00000000

-0.71701340 -0.68966070 0.10129450 0.00000000
-0.69231220 0.68763970 -0.21875940 0.00000000
0.08121553 -0.22698080 -0.97050690 0.00000000
-0.26206580 0.95154710 -0.12819360 1.00000000

-0.97661150 0.17613670 -0.12331300 0.00000000
0.19925730 0.95690480 -0.21125800 0.00000000
0.08078843 -0.23088800 -0.96962050 0.00000000
-0.29585740 0.98644240 -0.13922090 1.00000000

-0.83690710 -0.54213280 0.07535678 0.00000000
-0.53756770 0.78822360 -0.29954110 0.00000000
0.10299320 -0.29119730 -0.95110270 0.00000000
-0.26640380 0.95779110 -0.09019972 1.00000000

-0.99124940 0.04656876 -0.12351670 0.00000000
0.08051683 0.95478420 -0.28618950 0.00000000
0.10460430 -0.29363030 -0.95017840 0.00000000
-0.29163860 0.99479250 -0.10426100 1.00000000

-0.79500270 -0.60545590 -0.03733900 0.00000000
-0.53497890 0.72881650 -0.42734620 0.00000000
0.28595250 -0.31976570 -0.90331670 0.00000000
-0.26950420 0.96472400 -0.05589729 1.00000000

-0.95462680 -0.15693130 -0.25310240 0.00000000
-0.06021075 0.93404610 -0.35204070 0.00000000
0.29165570 -0.32082780 -0.90111410 0.00000000
-0.29164690 0.99624160 -0.07409246 1.00000000

0.79842050 -0.21117670 -0.56385240 0.00000000
-0.47089500 -0.80259280 -0.36620070 0.00000000
-0.37521080 0.55789720 -0.74024840 0.00000000
-0.19734640 1.01173000 -0.18222070 1.00000000

0.04799965 -0.82831690 -0.55820030 0.00000000
-0.94521950 -0.21832020 0.24268730 0.00000000
-0.32288830 0.51597270 -0.79342010 0.00000000
-0.22399960 0.96357540 -0.20500320 1.00000000

0.27041990 -0.76709120 -0.58175980 0.00000000
-0.90497710 -0.40870050 0.11823910 0.00000000
-0.32846570 0.49450510 -0.80472050 0.00000000
-0.03205756 1.07865300 -0.11877320 1.00000000

-0.63808930 -0.30131410 -0.70855620 0.00000000
-0.22810190 -0.80496210 0.54772780 0.00000000
-0.73539900 0.51112220 0.44490730 0.00000000
0.22978490 1.37930600 -0.20496840 1.00000000

-0.49234060 0.09765013 -0.86490770 0.00000000
-0.43719110 -0.88698660 0.14872390 0.00000000
-0.75263870 0.45135280 0.47939120 0.00000000
0.21020780 1.38222300 -0.17604370 1.00000000

-0.45444920 0.07378434 -0.88771160 0.00000000
-0.43716100 -0.88677110 0.15009120 0.00000000
-0.77612270 0.45628180 0.43524800 0.00000000
0.15774850 1.27581100 -0.15803270 1.00000000

0.91871530 0.25860470 -0.29847230 0.00000000
-0.38590520 0.74843070 -0.53937790 0.00000000
0.08390021 0.61071690 0.78739180 0.00000000
-0.04898229 1.47446400 -0.05026702 1.00000000

0.98864390 0.14720620 0.03022322 0.00000000
-0.13325940 0.95173890 -0.27646850 0.00000000
-0.06946233 0.26930140 0.96054770 0.00000000
-0.08525743 1.54481600 -0.10096860 1.00000000

0.98864390 0.14720620 0.03022322 0.00000000
-0.11522930 0.87168160 -0.47633340 0.00000000
-0.09646419 0.46744150 0.87874530 0.00000000
-0.08916311 1.59775000 -0.23103000 1.00000000

0.98864390 0.14720620 0.03022322 0.00000000
0.10085000 -0.79901980 0.59278750 0.00000000
0.11141090 -0.58300780 -0.80479190 0.00000000
-0.02596271 1.59012700 -0.20164980 1.00000000

0.98864390 0.14720620 0.03022322 0.00000000
-0.10416990 0.81626870 -0.56820240 0.00000000
-0.10831320 0.55860150 0.82233360 0.00000000
-0.14880380 1.56986300 -0.20390100 1.00000000

0.98862540 0.14729600 0.03039268 0.00000000
0.11545210 -0.87276060 0.47429970 0.00000000
0.09638810 -0.46539580 -0.87983890 0.00000000
-0.05301348 1.61472000 -0.19187600 1.00000000

0.98865390 0.14715830 0.03013304 0.00000000
-0.11522810 0.87167610 -0.47634340 0.00000000
-0.09636405 0.46746660 0.87874290 0.00000000
-0.13095940 1.60311500 -0.19425900 1.00000000

0.95692490 0.27811320 -0.08335450 0.00000000
0.28336240 -0.83207830 0.47681420 0.00000000
0.06325081 -0.47989470 -0.87504300 0.00000000
-0.07036901 1.60417700 -0.23242410 1.00000000

0.96611970 0.25808220 -0.00249127 0.00000000
-0.22784950 0.84833160 -0.47793110 0.00000000
-0.12123210 0.46230620 0.87839390 0.00000000
-0.10543400 1.59969500 -0.23482810 1.00000000

0.96859770 0.16556220 0.18549280 0.00000000
0.10945580 -0.95380660 0.27977200 0.00000000
0.22324390 -0.25068330 -0.94197680 0.00000000
-0.01757325 1.63103100 -0.18981070 1.00000000

0.98870890 0.13395650 -0.06715977 0.00000000
-0.14917760 0.92227190 -0.35659590 0.00000000
0.01417118 0.36258820 0.93184180 0.00000000
-0.16984680 1.60967800 -0.19595140 1.00000000

0.96728100 0.25370480 -0.00117984 0.00000000
0.22277130 -0.84709980 0.48248810 0.00000000
0.12141000 -0.46696450 -0.87590180 0.00000000
-0.05307783 1.61523200 -0.19226320 1.00000000

0.99736760 0.03882583 0.06123972 0.00000000
-0.00538902 0.88192000 -0.47136820 0.00000000
-0.07230988 0.46979730 0.87980790 0.00000000
-0.13096080 1.60312500 -0.19426690 1.00000000

0.98611070 0.16462820 0.02198508 0.00000000
-0.13694250 0.88080400 -0.45324520 0.00000000
-0.09398156 0.44393910 0.89111480 0.00000000
-0.09052926 1.58587900 -0.12852110 1.00000000

0.94269470 0.32875800 -0.05696693 0.00000000
0.32274080 -0.85514840 0.40565930 0.00000000
0.08464867 -0.40079830 -0.91224730 0.00000000
-0.06160173 1.51438200 -0.22010790 1.00000000

0.98676590 0.16033660 0.02419227 0.00000000
-0.13331120 0.88711490 -0.44187720 0.00000000
-0.09231043 0.43280410 0.89674930 0.00000000
-0.07647630 1.51326900 -0.22345390 1.00000000

0.99484750 -0.01001069 0.10088600 0.00000000
0.04947825 0.91649820 -0.39696700 0.00000000
-0.08848807 0.39991330 0.91227140 0.00000000
-0.09415708 1.51067900 -0.21902540 1.00000000

0.98241930 0.18572050 0.01898310 0.00000000
0.15133430 -0.85178890 0.50155120 0.00000000
0.10931780 -0.48986070 -0.86491970 0.00000000
-0.05627833 1.52806000 -0.20608870 1.00000000

0.99002610 0.13691240 0.03321695 0.00000000
-0.10212430 0.85983800 -0.50024930 0.00000000
-0.09705165 0.49186750 0.86524420 0.00000000
-0.10668390 1.52062300 -0.20465860 1.00000000

0.97551130 0.21937320 0.01590779 0.00000000
0.17640730 -0.82354470 0.53912420 0.00000000
0.13137020 -0.52311540 -0.84207610 0.00000000
-0.06529256 1.53820900 -0.21999080 1.00000000

0.98754970 0.15479070 0.02802551 0.00000000
-0.11580460 0.83594880 -0.53645030 0.00000000
-0.10646550 0.52652570 0.84346650 0.00000000
-0.07983612 1.53467100 -0.22467720 1.00000000

0.99450190 0.09834182 0.03598386 0.00000000
-0.06265815 0.83414840 -0.54796970 0.00000000
-0.08390430 0.54270210 0.83572390 0.00000000
-0.09820457 1.53428300 -0.21961970 1.00000000

0.98858920 0.14759610 0.03010991 0.00000000
0.10196980 -0.80282400 0.58743170 0.00000000
0.11087560 -0.57765830 -0.80871340 0.00000000
-0.06843036 1.56847700 -0.22025810 1.00000000

0.98858920 0.14759610 0.03010991 0.00000000
-0.10196970 0.80282400 -0.58743150 0.00000000
-0.11087560 0.57765810 0.80871370 0.00000000
-0.08333807 1.56102100 -0.24267810 1.00000000

0.98858920 0.14759610 0.03010991 0.00000000
-0.10196970 0.80282400 -0.58743150 0.00000000
-0.11087560 0.57765810 0.80871370 0.00000000
-0.10106160 1.56299400 -0.22108090 1.00000000

0.98864390 0.14720620 0.03022322 0.00000000
0.02649042 -0.36868270 0.92917790 0.00000000
0.14792360 -0.91782550 -0.36839540 0.00000000
-0.10081070 1.63366700 -0.02496279 1.00000000

0.98864390 0.14720620 0.03022322 0.00000000
-0.13034380 0.94007960 -0.31505670 0.00000000
-0.07479042 0.30753950 0.94859150 0.00000000
-0.10420600 1.68355500 -0.15688710 1.00000000

0.46907310 -0.83572750 0.28553430 0.00000000
0.36810760 -0.10887440 -0.92338690 0.00000000
0.80278720 0.53824320 0.25656750 0.00000000
-0.05995528 1.45029200 0.03280450 1.00000000

0.80835860 -0.33246270 0.48582390 0.00000000
0.58171160 0.57780480 -0.57249730 0.00000000
-0.09037754 0.74539250 0.66047110 0.00000000
-0.14237450 1.47466900 0.23955090 1.00000000

0.80836860 -0.33246610 0.48580520 0.00000000
-0.19422180 0.62841400 0.75324240 0.00000000
-0.55571440 -0.70325140 0.44341790 0.00000000
-0.30614780 1.31199900 0.40072710 1.00000000

0.97687320 0.14256540 -0.15935610 0.00000000
0.02317885 0.67028050 0.74174610 0.00000000
0.21256040 -0.72828530 0.65147430 0.00000000
-0.25930360 1.16003900 0.21842960 1.00000000

-0.97499330 -0.20232670 0.09193540 0.00000000
0.21256040 -0.72828530 0.65147430 0.00000000
-0.06485552 0.65472490 0.75308000 0.00000000
-0.21786270 1.09416200 0.11539740 1.00000000

0.96143030 0.27504920 0.00029960 0.00000000
-0.13871220 0.48392460 0.86404650 0.00000000
0.23751010 -0.83076180 0.50341210 0.00000000
-0.27227220 1.09972300 0.06747528 1.00000000

0.01853710 0.49346290 0.86956940 0.00000000
-0.95687000 -0.24344060 0.15854590 0.00000000
0.28992470 -0.83500380 0.46766700 0.00000000
-0.26563540 1.07657100 0.02613627 1.00000000

0.16469830 0.73764870 0.65478960 0.00000000
-0.94160200 -0.08009006 0.32706510 0.00000000
0.29370100 -0.67041800 0.68138040 0.00000000
-0.26578360 1.07022200 0.09155486 1.00000000

-0.82530580 0.18067260 0.53500310 0.00000000
-0.48038380 -0.72264310 -0.49700990 0.00000000
0.29681990 -0.66719160 0.68319340 0.00000000
-0.21874350 1.07493900 0.07586604 1.00000000

0.30583520 0.71962390 0.62338320 0.00000000
-0.88934910 -0.01781236 0.45688220 0.00000000
0.33988700 -0.69413570 0.63454900 0.00000000
-0.25311430 1.04324400 0.11631410 1.00000000

-0.71295600 0.27272300 0.64600020 0.00000000
-0.57498310 -0.75469090 -0.31596910 0.00000000
0.40135830 -0.59671120 0.69487240 0.00000000
-0.21136620 1.04408000 0.09486633 1.00000000

0.18665690 0.72400380 0.66406180 0.00000000
-0.86619880 -0.19763930 0.45895410 0.00000000
0.46352880 -0.66087620 0.59024020 0.00000000
-0.24099120 1.01989300 0.13959650 1.00000000

-0.59810760 0.43305210 0.67433940 0.00000000
-0.61551180 -0.78708810 -0.04047236 0.00000000
0.51323760 -0.43927050 0.73731170 0.00000000
-0.20396050 1.02890700 0.12056430 1.00000000

0.37792160 -0.91964820 -0.10687870 0.00000000
-0.88356170 -0.39273900 0.25509790 0.00000000
-0.27657560 -0.00197317 -0.96099020 0.00000000
-0.26046000 1.16882600 0.12209180 1.00000000

-0.95875020 -0.28285250 -0.02815023 0.00000000
-0.24878230 0.78709210 0.56444120 0.00000000
-0.13749660 0.54816130 -0.82499340 0.00000000
-0.21399320 1.19079100 0.10599920 1.00000000

0.96793630 -0.00192840 0.25118870 0.00000000
-0.19422180 0.62841400 0.75324240 0.00000000
-0.15930310 -0.77787690 0.60789010 0.00000000
-0.28070800 1.22929900 0.30144980 1.00000000

0.97985960 -0.19802420 0.02572420 0.00000000
0.17441090 0.78596160 -0.59316550 0.00000000
0.09724286 0.58570540 0.80466960 0.00000000
-0.12001510 1.47424400 0.20041120 1.00000000

0.80538770 -0.50767490 0.30596890 0.00000000
0.58171160 0.57780480 -0.57249730 0.00000000
0.11385220 0.63906790 0.76067730 0.00000000
-0.14237450 1.47466900 0.23955090 1.00000000

0.80327750 -0.52172740 0.28730790 0.00000000
0.58059080 0.57827540 -0.57315980 0.00000000
0.13289000 0.62721450 0.76742580 0.00000000
-0.21204540 1.40527600 0.30833010 1.00000000

0.77331670 0.01805620 -0.63376290 0.00000000
0.08325434 0.98804710 0.12973680 0.00000000
0.62853010 -0.15309110 0.76257000 0.00000000
-0.04349023 0.97879110 -0.13223120 1.00000000

0.77028700 -0.01740894 -0.63745960 0.00000000
0.10443250 0.98957550 0.09916787 0.00000000
0.62908800 -0.14295920 0.76407520 0.00000000
-0.15878870 0.98845650 -0.04782279 1.00000000

0.77671390 -0.00824630 -0.62979950 0.00000000
-0.08365928 -0.99240560 -0.09018053 0.00000000
-0.62427290 0.12273310 -0.77150510 0.00000000
-0.10334720 0.98408060 0.14675890 1.00000000

1.00000000 0.00000000 0.00000000 0.00000000
0.00000000 1.00000000 0.00000000 0.00000000
0.00000000 0.00000000 1.00000000 0.00000000
0.00000000 0.00000000 0.00000000 1.00000000

1.00000000 0.00000000 0.00000000 0.00000000
0.00000000 1.00000000 0.00000000 0.00000000
0.00000000 0.00000000 1.00000000 0.00000000
0.00000000 0.00000000 0.00000000 1.00000000

0.98864390 0.14720620 0.03022322 0.00000000
-0.13034370 0.94007950 -0.31505680 0.00000000
-0.07479042 0.30753960 0.94859150 0.00000000
-0.08328522 1.53174000 -0.10180150 1.00000000

0.76470710 -0.02608231 -0.64385000 0.00000000
-0.01045883 0.99854650 -0.05287310 0.00000000
0.64429320 0.04716636 0.76332280 0.00000000
0.01365094 0.85417030 0.04726614 1.00000000

0.97244670 0.18124580 0.14662040 0.00000000
0.23105410 -0.83297690 -0.50275610 0.00000000
0.03100878 0.52278070 -0.85190310 0.00000000
0.11185230 0.81942940 -0.04052282 1.00000000

0.97244670 0.18124580 0.14662040 0.00000000
0.15543850 -0.97282200 0.17162910 0.00000000
0.17374240 -0.14410960 -0.97419000 0.00000000
0.20427390 0.48623870 -0.24162520 1.00000000

0.99762180 0.05871674 0.03610033 0.00000000
0.05881940 -0.99826720 -0.00178758 0.00000000
0.03593260 0.00390673 -0.99934670 0.00000000
0.26004250 0.13929410 -0.18262740 1.00000000

0.99739940 0.06463664 0.03188160 0.00000000
0.06343535 -0.99728680 0.03735363 0.00000000
0.03420934 -0.03523403 -0.99879350 0.00000000
0.27109430 0.03581977 -0.31974340 1.00000000

0.58536370 -0.23628900 -0.77557520 0.00000000
0.32916230 0.94346740 -0.03900500 0.00000000
0.74094640 -0.23245800 0.63004900 0.00000000
-0.09083211 0.82634200 0.13012850 1.00000000

0.58537520 -0.23625270 -0.77557750 0.00000000
-0.25499110 0.85441230 -0.45272410 0.00000000
0.76962030 0.46277880 0.43990940 0.00000000
-0.22249730 0.44895590 0.14573100 1.00000000

0.31619900 -0.07414094 -0.94579140 0.00000000
-0.00423102 0.99682140 -0.07955569 0.00000000
0.94868350 0.02915702 0.31488020 0.00000000
-0.13334390 0.14349650 0.30606750 1.00000000

0.31759360 -0.09581092 -0.94337400 0.00000000
-0.13199820 0.98072840 -0.14404280 0.00000000
0.93899460 0.17027070 0.29882620 0.00000000
-0.26289090 0.03564250 0.27121140 1.00000000

0.77387550 -0.02782726 -0.63272610 0.00000000
0.00385755 0.99922290 -0.03922766 0.00000000
0.63332610 0.02791655 0.77338140 0.00000000
0.01222430 0.99037750 0.04005396 1.00000000

0.79911730 -0.05199565 -0.59892240 0.00000000
-0.03631788 0.99025770 -0.13442700 0.00000000
0.60007720 0.12917450 0.78944370 0.00000000
0.01288984 1.16277300 0.03328604 1.00000000

0.70328770 -0.11402390 -0.70170150 0.00000000
-0.31640480 0.83369560 -0.45259250 0.00000000
0.63661160 0.54032430 0.55025020 0.00000000
0.00607619 1.34855700 0.00806599 1.00000000

-0.20831880 0.72599440 -0.65538950 0.00000000
0.79501570 -0.26461980 -0.54582660 0.00000000
-0.56969610 -0.63475100 -0.52205180 0.00000000
0.03726412 1.43630700 -0.06513476 1.00000000

-0.05655953 -0.13686130 -0.98897430 0.00000000
-0.40027830 -0.90435680 0.14804320 0.00000000
-0.91464680 0.40423810 -0.00363272 0.00000000
0.21526760 1.37705900 -0.18734490 1.00000000

-0.07705706 -0.16696510 -0.98294720 0.00000000
-0.93438750 -0.33184320 0.12961750 0.00000000
-0.34782590 0.92844130 -0.13043910 0.00000000
0.10257380 1.12244700 -0.14566570 1.00000000

0.52559700 -0.84768280 0.07198778 0.00000000
-0.84861120 -0.52837910 -0.02598044 0.00000000
0.06005982 -0.04743449 -0.99706730 0.00000000
-0.12346980 1.04214500 -0.11448150 1.00000000

-0.37025230 0.92655680 -0.06638265 0.00000000
0.06005982 -0.04743449 -0.99706730 0.00000000
-0.92698800 -0.37315340 -0.03808635 0.00000000
-0.21054330 1.02445000 -0.12113790 1.00000000

-0.84226290 -0.53905920 -0.00303298 0.00000000
-0.52595630 0.82299750 -0.21458250 0.00000000
0.11816860 -0.17913970 -0.97670130 0.00000000
-0.25108260 0.96111340 -0.17565400 1.00000000

-0.98759900 0.08839330 -0.12975200 0.00000000
0.10916730 0.98058520 -0.16289840 0.00000000
0.11283360 -0.17504300 -0.97807410 0.00000000
-0.27624630 1.00048900 -0.18592030 1.00000000

-0.71855750 -0.68843390 0.09866172 0.00000000
-0.69104550 0.69079470 -0.21274230 0.00000000
0.07830396 -0.22104730 -0.97211460 0.00000000
-0.25399900 0.96056580 -0.13713820 1.00000000

-0.97644310 0.17943400 -0.11984510 0.00000000
0.20123570 0.95770420 -0.20568720 0.00000000
0.07786882 -0.22495900 -0.97125200 0.00000000
-0.28772600 0.99561750 -0.14786340 1.00000000

-0.83812980 -0.54043610 0.07394531 0.00000000
-0.53623400 0.79148760 -0.29325930 0.00000000
0.09996101 -0.28544140 -0.95316910 0.00000000
-0.25822980 0.96658070 -0.09909539 1.00000000

-0.99141780 0.04990806 -0.12083230 0.00000000
0.08231127 0.95636430 -0.28034440 0.00000000
0.10156800 -0.28788430 -0.95226420 0.00000000
-0.28340200 1.00373500 -0.11286180 1.00000000

-0.79665950 -0.60315330 -0.03924882 0.00000000
-0.53410500 0.73288350 -0.42144310 0.00000000
0.28295950 -0.31478370 -0.90600540 0.00000000
-0.26123010 0.97330440 -0.06474236 1.00000000

-0.95563380 -0.15286240 -0.25178910 0.00000000
-0.05862685 0.93640660 -0.34598620 0.00000000
0.28866510 -0.31587440 -0.90382310 0.00000000
-0.28333430 1.00499400 -0.08268468 1.00000000

0.79651820 -0.20966710 -0.56709690 0.00000000
-0.47385220 -0.79904260 -0.37012910 0.00000000
-0.37553040 0.56353460 -0.73580280 0.00000000
-0.18925290 1.02092200 -0.19093980 1.00000000

0.04451278 -0.82489140 -0.56353660 0.00000000
-0.94520000 -0.21740960 0.24357900 0.00000000
-0.32344420 0.52181230 -0.78936430 0.00000000
-0.21608540 0.97298140 -0.21396170 1.00000000

0.19970850 -0.78918240 -0.58078260 0.00000000
-0.93438750 -0.33184320 0.12961750 0.00000000
-0.29502060 0.51679010 -0.80367350 0.00000000
-0.02048314 1.07872000 -0.12876780 1.00000000

-0.62702300 -0.32578120 -0.70760810 0.00000000
-0.19372020 -0.81460980 0.54670280 0.00000000
-0.75452970 0.47987320 0.44766840 0.00000000
0.23330450 1.37378000 -0.21467550 1.00000000

-0.49805680 0.07908548 -0.86353060 0.00000000
-0.40027830 -0.90435680 0.14804320 0.00000000
-0.76923160 0.41938650 0.48207700 0.00000000
0.21526760 1.37705900 -0.18734490 1.00000000

-0.45841760 0.05634363 -0.88694930 0.00000000
-0.40021290 -0.90416060 0.14941200 0.00000000
-0.79352590 0.42346170 0.43703230 0.00000000
0.16724210 1.26856000 -0.16941550 1.00000000

0.91745720 0.24323610 -0.31481500 0.00000000
-0.38471710 0.74396490 -0.54636010 0.00000000
0.10131690 0.62237660 0.77613280 0.00000000
-0.04138454 1.47361100 -0.05982299 1.00000000

0.99054700 0.13625400 0.01585230 0.00000000
-0.12593920 0.94913490 -0.28858710 0.00000000
-0.05436701 0.28386260 0.95732250 0.00000000
-0.07754798 1.54354400 -0.11118080 1.00000000

0.99054700 0.13625400 0.01585230 0.00000000
-0.11132220 0.86601060 -0.48747630 0.00000000
-0.08014867 0.48110350 0.87299240 0.00000000
-0.08248442 1.59464400 -0.24193890 1.00000000

0.99054700 0.13625400 0.01585230 0.00000000
0.09922662 -0.79152170 0.60303220 0.00000000
0.09471291 -0.59575880 -0.79755950 0.00000000
-0.01901106 1.58671900 -0.21323500 1.00000000

0.99054700 0.13625400 0.01585230 0.00000000
-0.10204280 0.80915950 -0.57866080 0.00000000
-0.09167188 0.57157330 0.81541410 0.00000000
-0.14209210 1.56783700 -0.21367230 1.00000000

0.99053170 0.13634640 0.01602086 0.00000000
0.11150720 -0.86712130 0.48545590 0.00000000
0.08008209 -0.47907290 -0.87411450 0.00000000
-0.04565722 1.61175800 -0.20348540 1.00000000

0.99055530 0.13620460 0.01576263 0.00000000
-0.11132120 0.86600520 -0.48748620 0.00000000
-0.08004838 0.48112740 0.87298850 0.00000000
-0.12375320 1.60101700 -0.20473540 1.00000000

0.95888980 0.26587050 -0.09921294 0.00000000
0.27988540 -0.82833940 0.48530240 0.00000000
0.04684553 -0.49311980 -0.86869920 0.00000000
-0.06363777 1.60083400 -0.24365830 1.00000000

0.96887020 0.24689970 -0.01818714 0.00000000
-0.22421050 0.84393580 -0.48734180 0.00000000
-0.10497570 0.47624870 0.87302200 0.00000000
-0.09877862 1.59672100 -0.24556320 1.00000000

0.97265760 0.15706930 0.17107510 0.00000000
0.10215690 -0.95088120 0.29221430 0.00000000
0.20856990 -0.26674790 -0.94092740 0.00000000
-0.01001166 1.62768800 -0.20209560 1.00000000

0.98924150 0.12160580 -0.08132133 0.00000000
-0.14319270 0.91870390 -0.36807510 0.00000000
0.02995032 0.37575980 0.92623300 0.00000000
-0.16258210 1.60800100 -0.20604180 1.00000000

0.96999830 0.24252850 -0.01682690 0.00000000
0.21920420 -0.84258040 0.49194290 0.00000000
0.10513200 -0.48087230 -0.87046470 0.00000000
-0.04572067 1.61226500 -0.20387930 1.00000000

0.99843220 0.02823752 0.04832885 0.00000000
-0.00131956 0.87505640 -0.48401920 0.00000000
-0.05595785 0.48319670 0.87372170 0.00000000
-0.12375450 1.60102700 -0.20474340 1.00000000

0.98810800 0.15358360 0.00739417 0.00000000
-0.13263980 0.87571290 -0.46425620 0.00000000
-0.07777724 0.45775440 0.88567020 0.00000000
-0.08269987 1.58426400 -0.13925930 1.00000000

0.94556530 0.31704960 -0.07338923 0.00000000
0.31810540 -0.85288120 0.41400830 0.00000000
0.06866872 -0.41481740 -0.90730980 0.00000000
-0.05573320 1.51113000 -0.23014930 1.00000000

0.98874230 0.14931700 0.00965515 0.00000000
-0.12879520 0.88214450 -0.45302680 0.00000000
-0.07616165 0.44668320 0.89144460 0.00000000
-0.07066014 1.51014000 -0.23329450 1.00000000

0.99585690 -0.01999179 0.08870810 0.00000000
0.05486353 0.91006780 -0.41081230 0.00000000
-0.07251742 0.41397720 0.90739430 0.00000000
-0.08831222 1.50781700 -0.22861040 1.00000000

0.98461790 0.17467160 0.00413203 0.00000000
0.14796320 -0.84617360 0.51195410 0.00000000
0.09292030 -0.50346800 -0.85900280 0.00000000
-0.05008009 1.52494600 -0.21639700 1.00000000

0.99185000 0.12598900 0.01897794 0.00000000
-0.09865277 0.85367460 -0.51137790 0.00000000
-0.08062899 0.50533810 0.85914650 0.00000000
-0.10054460 1.51811000 -0.21423580 1.00000000

0.97805340 0.20835380 0.00065434 0.00000000
0.17382310 -0.81768240 0.54880010 0.00000000
0.11487940 -0.53664210 -0.83595350 0.00000000
-0.05915248 1.53499700 -0.23033240 1.00000000

0.98951120 0.14381820 0.01355854 0.00000000
-0.11305520 0.82942620 -0.54705630 0.00000000
-0.08992237 0.53978560 0.83698600 0.00000000
-0.07379273 1.53156000 -0.23478670 1.00000000

0.99592360 0.08741339 0.02224898 0.00000000
-0.06008099 0.82684970 -0.55920490 0.00000000
-0.06727830 0.55558860 0.82873080 0.00000000
-0.09209955 1.53145600 -0.22949730 1.00000000

0.99049540 0.13664280 0.01573405 0.00000000
0.10023590 -0.79541510 0.59771870 0.00000000
0.09418899 -0.59046060 -0.80155160 0.00000000
-0.06195080 1.56529200 -0.23100030 1.00000000

0.99049540 0.13664280 0.01573405 0.00000000
-0.10023590 0.79541520 -0.59771850 0.00000000
-0.09418899 0.59046050 0.80155160 0.00000000
-0.07722171 1.55768700 -0.25312360 1.00000000

0.99049540 0.13664280 0.01573405 0.00000000
-0.10023590 0.79541520 -0.59771850 0.00000000
-0.09418899 0.59046050 0.80155160 0.00000000
-0.09464972 1.56017300 -0.23133970 1.00000000

0.99054700 0.13625400 0.01585230 0.00000000
0.03396192 -0.35556720 0.93403360 0.00000000
0.13290230 -0.92466600 -0.35683340 0.00000000
-0.09114130 1.63365100 -0.03628642 1.00000000

0.99054700 0.13625400 0.01585230 0.00000000
-0.12363940 0.93688920 -0.32703500 0.00000000
-0.05941153 0.32198360 0.94487920 0.00000000
-0.09562528 1.68167300 -0.16886900 1.00000000

0.46058420 -0.83720790 0.29486500 0.00000000
0.35888660 -0.12818350 -0.92453740 0.00000000
0.81182680 0.53165040 0.24142330 0.00000000
-0.05176251 1.45074000 0.02369213 1.00000000

0.80942080 -0.33428410 0.48279610 0.00000000
0.58143020 0.57147350 -0.57910020 0.00000000
-0.08232111 0.74944820 0.65692530 0.00000000
-0.13211720 1.47944000 0.23069620 1.00000000

0.80943070 -0.33428770 0.48277720 0.00000000
-0.19237860 0.62581440 0.75587510 0.00000000
-0.55480860 -0.70470460 0.44224350 0.00000000
-0.29581120 1.31855300 0.39373130 1.00000000

0.97696510 0.14118640 -0.16001750 0.00000000
0.02601013 0.66547790 0.74596440 0.00000000
0.21180790 -0.73294340 0.64647630 0.00000000
-0.24941310 1.16722200 0.21079740 1.00000000

-0.97533980 -0.20052090 0.09221420 0.00000000
0.21180790 -0.73294340 0.64647630 0.00000000
-0.06204408 0.65006610 0.75734070 0.00000000
-0.20829870 1.10190300 0.10728090 1.00000000

0.96210270 0.27268680 0.00050405 0.00000000
-0.13614330 0.47874300 0.86733540 0.00000000
0.23626950 -0.83453440 0.49772420 0.00000000
-0.26277070 1.10790200 0.05948291 1.00000000

0.02113754 0.48786080 0.87266550 0.00000000
-0.95721150 -0.24210290 0.15853230 0.00000000
0.28861650 -0.83867660 0.46186850 0.00000000
-0.25625680 1.08499800 0.01798648 1.00000000

0.16755590 0.73305260 0.65921130 0.00000000
-0.94127300 -0.07986826 0.32806410 0.00000000
0.29313840 -0.67546690 0.67661990 0.00000000
-0.25631630 1.07823200 0.08336346 1.00000000

-0.82400450 0.17927750 0.53747230 0.00000000
-0.48295140 -0.71828040 -0.50083090 0.00000000
0.29626810 -0.67225970 0.67844840 0.00000000
-0.20928970 1.08293400 0.06762931 1.00000000

0.30859790 0.71488290 0.62746340 0.00000000
-0.88866010 -0.01854786 0.45819120 0.00000000
0.33919110 -0.69899860 0.62956390 0.00000000
-0.24367390 1.05106600 0.10792980 1.00000000

-0.71125180 0.27034280 0.64887280 0.00000000
-0.57734020 -0.75125040 -0.31984600 0.00000000
0.40099780 -0.60211140 0.69040790 0.00000000
-0.20195810 1.05193600 0.08642058 1.00000000

0.18949580 0.71929510 0.66836080 0.00000000
-0.86594890 -0.19844050 0.45907970 0.00000000
0.46284340 -0.66576000 0.58526890 0.00000000
-0.23157110 1.02753700 0.13104340 1.00000000

-0.59596450 0.43020620 0.67804810 0.00000000
-0.61750890 -0.78530470 -0.04449636 0.00000000
0.51333150 -0.44521890 0.73366950 0.00000000
-0.19454870 1.03658100 0.11200950 1.00000000

0.37548820 -0.91987040 -0.11334620 0.00000000
-0.88411660 -0.39219310 0.25401260 0.00000000
-0.27811230 0.00483233 -0.96053660 0.00000000
-0.25070150 1.17662600 0.11451960 1.00000000

-0.95948650 -0.28031890 -0.02840796 0.00000000
-0.24594560 0.78408340 0.56984600 0.00000000
-0.13746430 0.55374620 -0.82126050 0.00000000
-0.20420660 1.19857900 0.09849241 1.00000000

0.96826180 -0.00419044 0.24990290 0.00000000
-0.19237860 0.62581440 0.75587510 0.00000000
-0.15956020 -0.77996100 0.60514590 0.00000000
-0.27061430 1.23619600 0.29410770 1.00000000

0.97925160 -0.20130810 0.02326888 0.00000000
0.17478520 0.78091700 -0.59968230 0.00000000
0.10254990 0.59130710 0.79989980 0.00000000
-0.11058010 1.47799500 0.19248310 1.00000000

0.80482160 -0.50825030 0.30650310 0.00000000
0.58143020 0.57147350 -0.57910020 0.00000000
0.11916950 0.64428250 0.75544620 0.00000000
-0.13211720 1.47944000 0.23069620 1.00000000

0.80254880 -0.52260810 0.28774330 0.00000000
0.58030780 0.57194660 -0.57975840 0.00000000
0.13841280 0.63226430 0.76228870 0.00000000
-0.20175410 1.41080700 0.30026720 1.00000000

0.76741930 0.00342279 -0.64113640 0.00000000
0.09272704 0.98887970 0.11627050 0.00000000
0.63440470 -0.14867890 0.75856790 0.00000000
-0.04080156 0.97671750 -0.13436290 1.00000000

0.76382440 -0.03438254 -0.64450760 0.00000000
0.11534150 0.98977690 0.08389292 0.00000000
0.63503440 -0.13841790 0.75998150 0.00000000
-0.15518930 0.98864630 -0.04901011 1.00000000

0.77048980 -0.02439335 -0.63698540 0.00000000
-0.09329212 -0.99282320 -0.07482485 0.00000000
-0.63058880 0.11707750 -0.76723580 0.00000000
-0.09790365 0.98656420 0.14514890 1.00000000

1.00000000 0.00000000 0.00000000 0.00000000
0.00000000 1.00000000 0.00000000 0.00000000
0.00000000 0.00000000 1.00000000 0.00000000
0.00000000 0.00000000 0.00000000 1.00000000

1.00000000 0.00000000 0.00000000 0.00000000
0.00000000 1.00000000 0.00000000 0.00000000
0.00000000 0.00000000 1.00000000 0.00000000
0.00000000 0.00000000 0.00000000 1.00000000

0.99054700 0.13625400 0.01585230 0.00000000
-0.12363940 0.93688920 -0.32703510 0.00000000
-0.05941153 0.32198370 0.94487920 0.00000000
-0.07573442 1.53043500 -0.11184820 1.00000000

0.75799360 -0.04036118 -0.65101200 0.00000000
-0.00366733 0.99780420 -0.06613144 0.00000000
0.65225170 0.05251469 0.75618120 0.00000000
0.01650817 0.85432010 0.04682441 1.00000000

0.97264600 0.17898670 0.14806630 0.00000000
0.23006670 -0.83029330 -0.50762430 0.00000000
0.03208044 0.52780380 -0.84876040 0.00000000
0.11356590 0.81768130 -0.04146326 1.00000000

0.97264600 0.17898670 0.14806630 0.00000000
0.15077940 -0.97134550 0.18372110 0.00000000
0.17670710 -0.15637020 -0.97176290 0.00000000
0.20559260 0.48556390 -0.24451300 1.00000000

0.99767110 0.05815735 0.03563854 0.00000000
0.05824950 -0.99830090 -0.00155137 0.00000000
0.03548774 0.00362370 -0.99936370 0.00000000
0.25970760 0.13911830 -0.18120130 1.00000000

0.99745020 0.06407627 0.03141835 0.00000000
0.06288349 -0.99731300 0.03758742 0.00000000
0.03374243 -0.03551590 -0.99879930 0.00000000
0.27063920 0.03560174 -0.31829500 1.00000000

0.59082750 -0.23682040 -0.77125800 0.00000000
0.32483870 0.94486800 -0.04128370 0.00000000
0.73851380 -0.22614290 0.63518250 0.00000000
-0.08733905 0.82837840 0.13108630 1.00000000

0.59083870 -0.23678500 -0.77126040 0.00000000
-0.24421700 0.85862310 -0.45069330 0.00000000
0.76893940 0.45464180 0.44948080 0.00000000
-0.21727480 0.45043210 0.14760030 1.00000000

0.31836500 -0.07418188 -0.94506130 0.00000000
-0.00677036 0.99673010 -0.08051834 0.00000000
0.94794400 0.03203267 0.31682180 0.00000000
-0.13195890 0.14349060 0.30719200 1.00000000

0.31981340 -0.09584571 -0.94262030 0.00000000
-0.13435910 0.98022880 -0.14525520 0.00000000
0.93790580 0.17310410 0.30061260 0.00000000
-0.26113990 0.03525186 0.27217020 1.00000000

0.76702710 -0.04146349 -0.64027350 0.00000000
0.00805490 0.99845330 -0.05500935 0.00000000
0.64156410 0.03703633 0.76617490 0.00000000
0.01600793 0.99042610 0.03780372 1.00000000

0.79208840 -0.06582260 -0.60684710 0.00000000
-0.03212593 0.98829570 -0.14912950 0.00000000
0.60956050 0.13761920 0.78070290 0.00000000
0.01739764 1.16268800 0.02831300 1.00000000

0.69434730 -0.12946100 -0.70789960 0.00000000
-0.31576390 0.82912580 -0.46134980 0.00000000
0.64666460 0.54386600 0.53482220 0.00000000
0.01137045 1.34810400 0.00033459 1.00000000

-0.21110750 0.71980490 -0.66129790 0.00000000
0.78370650 -0.27967600 -0.55460400 0.00000000
-0.58415580 -0.63534440 -0.50507400 0.00000000
0.04232561 1.43453300 -0.07451921 1.00000000

-0.08865365 -0.11518110 -0.98938060 0.00000000
-0.37133540 -0.91786390 0.14012890 0.00000000
-0.92425700 0.37981490 0.03860101 0.00000000
0.21779700 1.37191300 -0.19869470 1.00000000

-0.11093360 -0.14982280 -0.98246990 0.00000000
-0.95476250 -0.25837750 0.14720660 0.00000000
-0.27590310 0.95435560 -0.11438250 0.00000000
0.11325170 1.11349900 -0.15924360 1.00000000

0.52506380 -0.84886800 0.06108829 0.00000000
-0.84954500 -0.52706050 -0.02192670 0.00000000
0.05081016 -0.04038422 -0.99789180 0.00000000
-0.11772650 1.05097100 -0.12380440 1.00000000

-0.36956500 0.92749510 -0.05635260 0.00000000
0.05081016 -0.04038422 -0.99789180 0.00000000
-0.92781480 -0.37164900 -0.03220162 0.00000000
-0.20488200 1.03343900 -0.12978410 1.00000000

-0.84300020 -0.53791280 0.00088444 0.00000000
-0.52677040 0.82520320 -0.20384620 0.00000000
0.10892140 -0.17230820 -0.97900270 0.00000000
-0.24600940 0.97054730 -0.18437480 1.00000000

-0.98862850 0.09062067 -0.12000840 0.00000000
0.10901980 0.98157990 -0.15689560 0.00000000
0.10357960 -0.16819470 -0.98029710 0.00000000
-0.27121190 1.01002800 -0.19412750 1.00000000

-0.71857070 -0.68817390 0.10036580 0.00000000
-0.69201860 0.69320830 -0.20142780 0.00000000
0.06904280 -0.21419500 -0.97434790 0.00000000
-0.24857160 0.96972820 -0.14583870 1.00000000

-0.97725590 0.18157330 -0.10955530 0.00000000
0.20065850 0.95888420 -0.20069350 0.00000000
0.06861010 -0.21811200 -0.97350930 0.00000000
-0.28234750 1.00490000 -0.15600210 1.00000000

-0.83816050 -0.53984540 0.07780945 0.00000000
-0.53781580 0.79427020 -0.28264780 0.00000000
0.09078425 -0.27875130 -0.95606290 0.00000000
-0.25244360 0.97547660 -0.10771640 1.00000000

-0.99241830 0.05207767 -0.11132880 0.00000000
0.08104967 0.95823450 -0.27425890 0.00000000
0.09239623 -0.28120270 -0.95519030 0.00000000
-0.27769000 1.01276200 -0.12098470 1.00000000

-0.79782100 -0.60180650 -0.03620678 0.00000000
-0.53694840 0.73658110 -0.41126080 0.00000000
0.27416850 -0.30867120 -0.91079850 0.00000000
-0.25511820 0.98195850 -0.07329011 1.00000000

-0.95812260 -0.14979830 -0.24405370 0.00000000
-0.06051420 0.93893260 -0.33873950 0.00000000
0.27989240 -0.30978510 -0.90867690 0.00000000
-0.27734280 1.01380400 -0.09080131 1.00000000

0.79097130 -0.20665750 -0.57589710 0.00000000
-0.47834610 -0.79575040 -0.37143850 0.00000000
-0.38150980 0.56927530 -0.72826960 0.00000000
-0.18424030 1.03038200 -0.19980260 1.00000000

0.03817981 -0.82089940 -0.56979560 0.00000000
-0.94321680 -0.21789910 0.25072390 0.00000000
-0.32997690 0.52786820 -0.78260520 0.00000000
-0.21135000 0.98264280 -0.22291780 1.00000000

0.12743400 -0.80277270 -0.58250890 0.00000000
-0.95476250 -0.25837750 0.14720660 0.00000000
-0.26868070 0.53739860 -0.79938350 0.00000000
-0.01249417 1.07944900 -0.14002940 1.00000000

-0.61800030 -0.33860020 -0.70952510 0.00000000
-0.16683970 -0.82545780 0.53924410 0.00000000
-0.76827100 0.45162990 0.45364100 0.00000000
0.23416750 1.36834000 -0.22430190 1.00000000

-0.50216000 0.07158560 -0.86180690 0.00000000
-0.37133540 -0.91786390 0.14012890 0.00000000
-0.78099020 0.39038650 0.48749660 0.00000000
0.21779700 1.37191300 -0.19869470 1.00000000

-0.46104980 0.04989624 -0.88597070 0.00000000
-0.37122570 -0.91769810 0.14149890 0.00000000
-0.80599300 0.39413310 0.44162710 0.00000000
0.17324990 1.26179000 -0.18171480 1.00000000

0.91461150 0.23009190 -0.33248130 0.00000000
-0.38671820 0.73786820 -0.55317220 0.00000000
0.11804700 0.63451430 0.76384340 0.00000000
-0.03599415 1.47247300 -0.06886798 1.00000000

0.99165750 0.12888110 0.00227967 0.00000000
-0.12234220 0.94661980 -0.29823360 0.00000000
-0.04059473 0.29546670 0.95449020 0.00000000
-0.07234573 1.54183300 -0.12086620 1.00000000

0.99165750 0.12888110 0.00227967 0.00000000
-0.11076730 0.86106190 -0.49628930 0.00000000
-0.06592521 0.49189660 0.86815430 0.00000000
-0.07849025 1.59143300 -0.25214940 1.00000000

0.99165750 0.12888110 0.00227967 0.00000000
0.10063540 -0.78513400 0.61109520 0.00000000
0.08054847 -0.60576780 -0.79155400 0.00000000
-0.01473343 1.58336200 -0.22412250 1.00000000

0.99165750 0.12888110 0.00227967 0.00000000
-0.10302290 0.80307710 -0.58690170 0.00000000
-0.07747138 0.58177050 0.80965510 0.00000000
-0.13794840 1.56541400 -0.22285050 1.00000000

0.99164470 0.12897560 0.00244743 0.00000000
0.11091950 -0.86219740 0.49428010 0.00000000
0.06586021 -0.48987880 -0.86929950 0.00000000
-0.04107115 1.60871600 -0.21434820 1.00000000

0.99166420 0.12883060 0.00219074 0.00000000
-0.11076650 0.86105630 -0.49629940 0.00000000
-0.06582478 0.49191960 0.86814890 0.00000000
-0.11925470 1.59855600 -0.21452810 1.00000000

0.95957260 0.25737780 -0.11391730 0.00000000
0.27956850 -0.82470380 0.49163550 0.00000000
0.03258795 -0.50360750 -0.86331760 0.00000000
-0.05962014 1.59745900 -0.25416930 1.00000000

0.97039590 0.23928230 -0.03279975 0.00000000
-0.22380750 0.83985070 -0.49453100 0.00000000
-0.09078559 0.48723160 0.86854090 0.00000000
-0.09481135 1.59359200 -0.25560100 1.00000000

0.97581330 0.15164950 0.15745070 0.00000000
0.09859338 -0.94814230 0.30216820 0.00000000
0.19510930 -0.27933620 -0.94016180 0.00000000
-0.00529322 1.62439000 -0.21357730 1.00000000

0.98906060 0.11310570 -0.09469122 0.00000000
-0.14078830 0.91539170 -0.37714270 0.00000000
0.04402262 0.38634820 0.92130180 0.00000000
-0.15804330 1.60582000 -0.21544800 1.00000000

0.97150770 0.23491880 -0.03140163 0.00000000
0.21886780 -0.83840340 0.49917600 0.00000000
0.09093851 -0.49182610 -0.86593160 0.00000000
-0.04113551 1.60921900 -0.21474720 1.00000000

0.99912950 0.02119571 0.03593200 0.00000000
-0.00066616 0.86930940 -0.49426800 0.00000000
-0.04171237 0.49381380 0.86856680 0.00000000
-0.11925600 1.59856600 -0.21453620 1.00000000

0.98924520 0.14612850 -0.00635231 0.00000000
-0.13172770 0.87119760 -0.47292960 0.00000000
-0.06357428 0.46868030 0.88107740 0.00000000
-0.07753427 1.58225900 -0.14935930 1.00000000

0.94694590 0.30895600 -0.08854091 0.00000000
0.31673400 -0.85036970 0.42017990 0.00000000
0.05452445 -0.42593160 -0.90311110 0.00000000
-0.05222255 1.50786200 -0.23969830 1.00000000

0.98987510 0.14188400 -0.00404909 0.00000000
-0.12769880 0.87773080 -0.46182420 0.00000000
-0.06197143 0.45766530 0.88696220 0.00000000
-0.06719366 1.50694900 -0.24265120 1.00000000

0.99668510 -0.02653617 0.07690626 0.00000000
0.05666330 0.90474710 -0.42216340 0.00000000
-0.05837792 0.42512170 0.90325180 0.00000000
-0.08480436 1.50481600 -0.23772720 1.00000000

0.98587360 0.16720280 -0.00982097 0.00000000
0.14785060 -0.84121920 0.52008710 0.00000000
0.07869849 -0.51419200 -0.85405690 0.00000000
-0.04629948 1.52179500 -0.22617940 1.00000000

0.99292160 0.11864390 0.00551060 0.00000000
-0.09848209 0.84835060 -0.52019490 0.00000000
-0.06639269 0.51597010 0.85402990 0.00000000
-0.09678371 1.51537000 -0.22332840 1.00000000

0.97951910 0.20089100 -0.01361662 0.00000000
0.17436910 -0.81249590 0.55627910 0.00000000
0.10068790 -0.54726010 -0.83088420 0.00000000
-0.05546536 1.53175100 -0.24012200 1.00000000

0.99065030 0.13642560 -0.00009054 0.00000000
-0.11349830 0.82379620 -0.55540800 0.00000000
-0.07569730 0.55022540 0.83157800 0.00000000
-0.07018395 1.52837300 -0.24435830 1.00000000

0.99674620 0.08007925 0.00918734 0.00000000
-0.06069653 0.82067390 -0.56816410 0.00000000
-0.05303785 0.56575780 0.82286420 0.00000000
-0.08842535 1.52847100 -0.23884730 1.00000000

