MeshAnim
1
34
83
30
0.74515000 -0.01128477 -0.66680150 0.00000000
-0.09460112 0.98795740 -0.12243660 0.00000000
0.66015320 0.15431380 0.73510890 0.00000000
0.00896705 0.87223190 -0.00310872 1.00000000

0.97567030 0.20197880 0.08527634 0.00000000
0.21917580 -0.88893370 -0.40219300 0.00000000
-0.00542951 0.41109830 -0.91157510 0.00000000
0.10710600 0.83920470 -0.09162579 1.00000000

0.97567030 0.20197880 0.08527634 0.00000000
0.18177490 -0.96269700 0.20043110 0.00000000
0.12257800 -0.18005360 -0.97598960 0.00000000
0.19477630 0.48363130 -0.25250300 1.00000000

0.99140620 0.12991620 0.01534781 0.00000000
0.13001070 -0.99149850 -0.00531897 0.00000000
0.01452622 0.00726859 -0.99986830 0.00000000
0.25981560 0.14021490 -0.18324670 1.00000000

0.99142890 0.12989890 0.01396477 0.00000000
0.12936050 -0.99100490 0.03428731 0.00000000
0.01829296 -0.03218698 -0.99931470 0.00000000
0.27535180 0.03790641 -0.32080210 1.00000000

0.47023520 -0.29244650 -0.83267870 0.00000000
0.19269510 0.95475920 -0.22650270 0.00000000
0.86124770 -0.05394355 0.50531440 0.00000000
-0.09039470 0.84219530 0.08510876 1.00000000

0.47023470 -0.29244660 -0.83267900 0.00000000
-0.10386710 0.91860560 -0.38128130 0.00000000
0.87640800 0.26577960 0.40158470 0.00000000
-0.16747300 0.46029250 0.17571030 1.00000000

0.31440730 -0.09074140 -0.94494130 0.00000000
0.01310789 0.99574090 -0.09125829 0.00000000
0.94919760 0.01630609 0.31425770 0.00000000
-0.13240290 0.13239630 0.31067580 1.00000000

0.31440730 -0.09074140 -0.94494130 0.00000000
0.04622640 0.99570350 -0.08023524 0.00000000
0.94816200 -0.01845469 0.31725120 0.00000000
-0.26382680 0.02641559 0.27712430 1.00000000

0.71430740 -0.02373815 -0.69942950 0.00000000
0.02733551 0.99960820 -0.00600906 0.00000000
0.69929810 -0.01482693 0.71467650 0.00000000
-0.00393690 1.00699500 -0.01980958 1.00000000

0.72328300 -0.06754135 -0.68724080 0.00000000
0.01996831 0.99683480 -0.07695243 0.00000000
0.69026310 0.04193535 0.72234240 0.00000000
0.00077927 1.17945600 -0.02084633 1.00000000

0.69231740 -0.21414850 -0.68908440 0.00000000
-0.23627560 0.83503030 -0.49688870 0.00000000
0.68181420 0.50681840 0.52750780 0.00000000
0.00452558 1.36647400 -0.03528350 1.00000000

0.06163079 0.94364630 -0.32516650 0.00000000
0.53705760 -0.30595590 -0.78610460 0.00000000
-0.84129120 -0.12618490 -0.52564870 0.00000000
0.04396512 1.44711200 -0.11257050 1.00000000

0.89566730 0.39975520 0.19487450 0.00000000
0.30254640 -0.22654410 -0.92582050 0.00000000
-0.32595390 0.88818560 -0.32385270 0.00000000
0.16421190 1.37860800 -0.28857890 1.00000000

0.89566730 0.39975520 0.19487450 0.00000000
-0.33976960 0.89782350 -0.28012470 0.00000000
-0.28694410 0.18468600 0.93997570 0.00000000
0.24939090 1.31482800 -0.54923300 1.00000000

0.80614150 0.53648040 0.24964970 0.00000000
-0.48301670 0.84031950 -0.24608560 0.00000000
-0.34180550 0.07779486 0.93654530 0.00000000
0.16735540 1.53208200 -0.61696170 1.00000000

-0.71001940 -0.67425010 -0.20312470 0.00000000
-0.34180560 0.07779483 0.93654540 0.00000000
-0.61566360 0.73439440 -0.28569820 0.00000000
0.10111170 1.58559200 -0.64318420 1.00000000

-0.47980850 0.87431080 -0.07324287 0.00000000
-0.81082460 -0.47375910 -0.34368040 0.00000000
-0.33518290 -0.10551360 0.93622610 0.00000000
0.07181291 1.66335200 -0.60168920 1.00000000

-0.49398200 -0.82114920 -0.28582520 0.00000000
0.80174690 -0.55738720 0.21568880 0.00000000
-0.33642800 -0.12261300 0.93369280 0.00000000
0.03302012 1.64068600 -0.61813210 1.00000000

-0.51908450 0.81518240 -0.25696140 0.00000000
-0.78401560 -0.57384620 -0.23668560 0.00000000
-0.34039820 0.07860196 0.93699030 0.00000000
0.08551224 1.66274900 -0.63780340 1.00000000

-0.40310970 -0.91282520 -0.06521551 0.00000000
0.85012600 -0.39989720 0.34259050 0.00000000
-0.33880460 0.08266014 0.93721870 0.00000000
0.04694907 1.63339600 -0.64931090 1.00000000

-0.66119820 0.59904510 -0.45162150 0.00000000
-0.61958450 -0.77546910 -0.12150190 0.00000000
-0.42300370 0.19948090 0.88389780 0.00000000
0.09524469 1.65681300 -0.67483560 1.00000000

-0.39148900 -0.91974070 0.02851741 0.00000000
0.81765160 -0.33348390 0.46929140 0.00000000
-0.42211630 0.20703980 0.88258280 0.00000000
0.06615983 1.62041000 -0.68053910 1.00000000

-0.78202880 0.40775190 -0.47134840 0.00000000
-0.49055350 -0.86920530 0.06196448 0.00000000
-0.38443240 0.27967960 0.87976770 0.00000000
0.10416800 1.64993700 -0.70811370 1.00000000

-0.04812325 -0.95022490 0.30782670 0.00000000
0.93497980 0.06557409 0.34858740 0.00000000
-0.35142180 0.30458690 0.88528510 0.00000000
0.08388968 1.61259700 -0.70507470 1.00000000

0.02468640 0.49862350 0.86646730 0.00000000
-0.89774900 0.39237540 -0.20022150 0.00000000
-0.43981550 -0.77292720 0.45732490 0.00000000
0.09116022 1.58393900 -0.57082210 1.00000000

-0.82509390 0.56349860 -0.04110390 0.00000000
-0.08654064 -0.19793740 -0.97638700 0.00000000
-0.55832870 -0.80205390 0.21208240 0.00000000
0.03774903 1.60816600 -0.58124080 1.00000000

0.88037590 0.40840190 0.24113540 0.00000000
-0.33976960 0.89782350 -0.28012470 0.00000000
-0.33090040 0.16468450 0.92918470 0.00000000
0.20480430 1.43312600 -0.58608700 1.00000000

0.57162810 0.68196900 -0.45624560 0.00000000
-0.00373840 -0.55387870 -0.83258910 0.00000000
-0.82050450 0.47763670 -0.31406310 0.00000000
0.11529140 1.44371400 -0.18830990 1.00000000

0.49242450 0.86881970 -0.05167817 0.00000000
0.30254640 -0.22654410 -0.92582050 0.00000000
-0.81607840 0.44026150 -0.37441410 0.00000000
0.16421190 1.37860800 -0.28857890 1.00000000

0.52769490 0.84865340 -0.03641170 0.00000000
0.30130150 -0.22708440 -0.92609420 0.00000000
-0.79420140 0.47772410 -0.37553170 0.00000000
0.20036810 1.35135800 -0.39971020 1.00000000

0.94060960 -0.07153332 -0.33186830 0.00000000
-0.13607380 0.81614940 -0.56159070 0.00000000
0.31102650 0.57339610 0.75794420 0.00000000
-0.03091596 1.49172900 -0.10981710 1.00000000

0.99277640 0.09234636 -0.07659712 0.00000000
-0.10245080 0.98474480 -0.14064720 0.00000000
0.06244028 0.14747860 0.98709250 0.00000000
-0.04370690 1.56844700 -0.16260660 1.00000000

0.99277640 0.09234636 -0.07659712 0.00000000
-0.11347120 0.93008350 -0.34938370 0.00000000
0.03897741 0.35555140 0.93384360 0.00000000
-0.05949915 1.63769700 -0.28380160 1.00000000

0.99277640 0.09234636 -0.07659712 0.00000000
0.11775720 -0.87227120 0.47463320 0.00000000
-0.02298278 -0.48022450 -0.87684490 0.00000000
0.00609788 1.62322200 -0.26372510 1.00000000

0.99277640 0.09234636 -0.07659712 0.00000000
-0.11700900 0.88638140 -0.44792520 0.00000000
0.02652997 0.45365200 0.89078400 0.00000000
-0.11720790 1.60960000 -0.25296490 1.00000000

0.99278090 0.09238642 -0.07649112 0.00000000
0.11338120 -0.93089970 0.34723280 0.00000000
-0.03912619 -0.35339870 -0.93465440 0.00000000
-0.01793855 1.64769000 -0.24773630 1.00000000

0.99277410 0.09232484 -0.07665345 0.00000000
-0.11347140 0.93008210 -0.34938740 0.00000000
0.03903693 0.35556070 0.93383790 0.00000000
-0.09621033 1.64040900 -0.24169740 1.00000000

0.95647970 0.23812020 -0.16865760 0.00000000
0.28270960 -0.89935260 0.33352770 0.00000000
-0.07226297 -0.36669350 -0.92753120 0.00000000
-0.04062184 1.64330000 -0.28675810 1.00000000

0.97384570 0.20748330 -0.09260190 0.00000000
-0.22677470 0.91280940 -0.33963560 0.00000000
0.01405925 0.35175230 0.93598750 0.00000000
-0.07594264 1.64092700 -0.28526390 1.00000000

0.99248520 0.09169082 0.08103210 0.00000000
0.07912116 -0.98602090 0.14663920 0.00000000
0.09334460 -0.13912590 -0.98586560 0.00000000
0.01848811 1.66180300 -0.24818360 1.00000000

0.98045250 0.09166438 -0.17409910 0.00000000
-0.12963100 0.96659560 -0.22110790 0.00000000
0.14801560 0.23935450 0.95958380 0.00000000
-0.13451130 1.64907800 -0.23768950 1.00000000

0.97486500 0.20292140 -0.09198487 0.00000000
0.22236300 -0.91191670 0.34490930 0.00000000
-0.01389298 -0.35669390 -0.93411790 0.00000000
-0.01801464 1.64824900 -0.24804780 1.00000000

0.99799570 -0.01940934 -0.06023014 0.00000000
-0.00338209 0.93407950 -0.35704920 0.00000000
0.06318989 0.35653730 0.93214180 0.00000000
-0.09621188 1.64042100 -0.24170370 1.00000000

0.99043220 0.11078320 -0.08228847 0.00000000
-0.13165660 0.93725830 -0.32282120 0.00000000
0.04136243 0.33056620 0.94287600 0.00000000
-0.04950232 1.61290700 -0.18412030 1.00000000

0.94881670 0.28562700 -0.13477410 0.00000000
0.31179840 -0.91508640 0.25573180 0.00000000
-0.05028608 -0.28466490 -0.95730730 0.00000000
-0.03635528 1.55234100 -0.28656830 1.00000000

0.99106150 0.10621730 -0.08071536 0.00000000
-0.12630080 0.94187440 -0.31132120 0.00000000
0.04295611 0.31873280 0.94687080 0.00000000
-0.05156194 1.55241200 -0.28813010 1.00000000

0.99699280 -0.07272372 -0.02676737 0.00000000
0.06204667 0.95606910 -0.28650040 0.00000000
0.04642692 0.28397800 0.95770620 0.00000000
-0.06872601 1.55016700 -0.28186200 1.00000000

0.98779990 0.13224460 -0.08223560 0.00000000
0.15353020 -0.91541360 0.37208400 0.00000000
-0.02607355 -0.38017010 -0.92454900 0.00000000
-0.02852691 1.56383100 -0.27178090 1.00000000

0.99382630 0.08169799 -0.07506478 0.00000000
-0.10409120 0.92075100 -0.37600880 0.00000000
0.03839689 0.38150110 0.92357060 0.00000000
-0.07878716 1.55881000 -0.26494180 1.00000000

0.98279440 0.16631820 -0.08033505 0.00000000
0.18466680 -0.89349660 0.40934370 0.00000000
-0.00369769 -0.41713580 -0.90883670 0.00000000
-0.03843881 1.57611200 -0.28311390 1.00000000

0.99192870 0.10019480 -0.07770839 0.00000000
-0.12349240 0.90240100 -0.41282230 0.00000000
0.02876145 0.41908660 0.90749060 0.00000000
-0.05363484 1.57393600 -0.28632980 1.00000000

0.99606390 0.04291451 -0.07755733 0.00000000
-0.07231450 0.89942290 -0.43105550 0.00000000
0.05125830 0.43496720 0.89898610 0.00000000
-0.07126167 1.57382800 -0.27909020 1.00000000

0.99273440 0.09274971 -0.07665464 0.00000000
0.11798400 -0.87541100 0.46875940 0.00000000
-0.02362698 -0.47439760 -0.87999370 0.00000000
-0.03959836 1.60628500 -0.27933020 1.00000000

0.99273440 0.09274971 -0.07665464 0.00000000
-0.11798400 0.87541100 -0.46875940 0.00000000
0.02362695 0.47439750 0.87999370 0.00000000
-0.05750963 1.60251300 -0.30043580 1.00000000

0.99273440 0.09274971 -0.07665464 0.00000000
-0.11798400 0.87541100 -0.46875940 0.00000000
0.02362695 0.47439750 0.87999370 0.00000000
-0.07238621 1.60259600 -0.27670530 1.00000000

0.99277640 0.09234636 -0.07659712 0.00000000
0.11204380 -0.48526900 0.86715640 0.00000000
0.04290852 -0.86947470 -0.49211060 0.00000000
-0.04430990 1.64752400 -0.07508601 1.00000000

0.99277640 0.09234636 -0.07659712 0.00000000
-0.10489020 0.97798100 -0.18041890 0.00000000
0.05824953 0.18714990 0.98060300 0.00000000
-0.06001629 1.71397000 -0.19854710 1.00000000

0.30302280 -0.95054110 0.06818442 0.00000000
0.93403110 0.28203710 -0.21918310 0.00000000
0.18911190 0.13010380 0.97329840 0.00000000
-0.04367289 1.47421900 -0.02534069 1.00000000

0.74371520 -0.55232190 -0.37660110 0.00000000
0.63404770 0.40429110 0.65919070 0.00000000
-0.21182910 -0.72903310 0.65087580 0.00000000
-0.25280240 1.41107100 0.02373429 1.00000000

0.74371520 -0.55232190 -0.37660110 0.00000000
-0.37080370 -0.80958150 0.45506290 0.00000000
-0.55623050 -0.19879210 -0.80690100 0.00000000
-0.43131010 1.29725100 -0.16184820 1.00000000

0.68976440 -0.54149790 -0.48063000 0.00000000
-0.36704320 -0.83371680 0.41254740 0.00000000
-0.62410300 -0.10814840 -0.77382120 0.00000000
-0.34173840 1.49318800 -0.27186590 1.00000000

-0.61554890 0.67804480 0.40169020 0.00000000
-0.62410310 -0.10814860 -0.77382120 0.00000000
-0.48124310 -0.72702080 0.48974040 0.00000000
-0.28817760 1.54605100 -0.31954430 1.00000000

-0.40518290 -0.87352210 0.26978910 0.00000000
-0.68642570 0.48558580 0.54131910 0.00000000
-0.60385980 0.03414303 -0.79635880 0.00000000
-0.24809670 1.62516400 -0.29194750 1.00000000

-0.56594960 0.71351210 0.41303980 0.00000000
0.57888820 0.70063640 -0.41712960 0.00000000
-0.58701770 0.00302965 -0.80956850 0.00000000
-0.21525590 1.60193200 -0.31784600 1.00000000

-0.29989480 -0.90037490 0.31525890 0.00000000
-0.75284870 0.42633700 0.50145360 0.00000000
-0.58590280 -0.08695894 -0.80570210 0.00000000
-0.27268570 1.62338700 -0.32168780 1.00000000

-0.48311610 0.85521490 0.18763320 0.00000000
0.67390200 0.50002320 -0.54390530 0.00000000
-0.55897680 -0.13632300 -0.81790030 0.00000000
-0.23545680 1.60129900 -0.34633060 1.00000000

-0.35728290 -0.70030030 0.61800350 0.00000000
-0.61988410 0.67273320 0.40394810 0.00000000
-0.69863640 -0.23876670 -0.67446090 0.00000000
-0.29374450 1.61626400 -0.35342320 1.00000000

-0.47053960 0.87807570 0.08703780 0.00000000
0.56665030 0.37631200 -0.73300550 0.00000000
-0.67638760 -0.29558800 -0.67463130 0.00000000
-0.26464500 1.58468500 -0.37238570 1.00000000

-0.41589170 -0.45264700 0.78876160 0.00000000
-0.50161100 0.83763930 0.21621120 0.00000000
-0.75856490 -0.30573090 -0.57541990 0.00000000
-0.31281630 1.60832200 -0.38183950 1.00000000

-0.25177190 0.92315240 -0.29051830 0.00000000
0.64554720 -0.06345337 -0.76107980 0.00000000
-0.72102690 -0.37916170 -0.57996250 0.00000000
-0.29176460 1.57229100 -0.39040310 1.00000000

-0.22536050 -0.51210710 -0.82882970 0.00000000
-0.86114300 -0.29318950 0.41529870 0.00000000
-0.45568180 0.80733290 -0.37492410 0.00000000
-0.25543660 1.54669500 -0.25423260 1.00000000

-0.67776680 -0.54954920 0.48849530 0.00000000
0.30969990 0.38919470 0.86753300 0.00000000
-0.66687210 0.73927210 -0.09358791 0.00000000
-0.20377120 1.56504000 -0.27752300 1.00000000

0.70913970 -0.56321630 -0.42415620 0.00000000
-0.37080370 -0.80958150 0.45506290 0.00000000
-0.59968790 -0.16542450 -0.78294910 0.00000000
-0.38260500 1.40395900 -0.22171170 1.00000000

0.75632490 -0.58219500 0.29836530 0.00000000
0.29290590 0.70917280 0.64131120 0.00000000
-0.58496080 -0.39764640 0.70689340 0.00000000
-0.20789680 1.44801500 0.01797528 1.00000000

0.53406950 -0.84542690 0.00481367 0.00000000
0.63404770 0.40429110 0.65919070 0.00000000
-0.55924380 -0.34900150 0.75196050 0.00000000
-0.25280240 1.41107100 0.02373429 1.00000000

0.56231060 -0.82629780 -0.03223044 0.00000000
0.63301440 0.40504470 0.65972100 0.00000000
-0.53207120 -0.39137040 0.75081930 0.00000000
-0.32876410 1.36246600 -0.05543220 1.00000000

0.74547310 0.02311155 -0.66613490 0.00000000
0.01262010 0.99873010 0.04877411 0.00000000
0.66641630 -0.04476644 0.74423470 0.00000000
-0.06071160 0.97644780 -0.19087440 1.00000000

0.74514820 -0.01136512 -0.66680210 0.00000000
0.02234044 0.99971900 0.00792589 0.00000000
0.66652460 -0.02080263 0.74519270 0.00000000
-0.17315760 0.98531780 -0.10261820 1.00000000

0.71460410 -0.01064571 -0.69944810 0.00000000
-0.01944447 -0.99980030 -0.00464867 0.00000000
-0.69925900 0.01692234 -0.71466830 0.00000000
-0.10812270 1.00133000 0.09114449 1.00000000

1.00000000 0.00000000 0.00000000 0.00000000
0.00000000 1.00000000 0.00000000 0.00000000
0.00000000 0.00000000 1.00000000 0.00000000
0.00000000 0.00000000 0.00000000 1.00000000

1.00000000 0.00000000 0.00000000 0.00000000
0.00000000 1.00000000 0.00000000 0.00000000
0.00000000 0.00000000 1.00000000 0.00000000
0.00000000 0.00000000 0.00000000 1.00000000

0.99277640 0.09234636 -0.07659712 0.00000000
-0.10489030 0.97798110 -0.18041910 0.00000000
0.05824959 0.18715010 0.98060300 0.00000000
-0.04270716 1.55550300 -0.16525250 1.00000000

0.74522220 -0.00251676 -0.66681150 0.00000000
-0.09720725 0.98890020 -0.11237030 0.00000000
0.65969280 0.14855980 0.73670580 0.00000000
0.00041510 0.87223260 0.00926780 1.00000000

0.97270500 0.21164660 0.09513476 0.00000000
0.23204260 -0.88529880 -0.40299210 0.00000000
-0.00106937 0.41406770 -0.91024580 0.00000000
0.09864713 0.84036900 -0.07957202 1.00000000

0.97270500 0.21164660 0.09513476 0.00000000
0.19540020 -0.96821680 0.15612630 0.00000000
0.12515460 -0.13327550 -0.98314520 0.00000000
0.19146420 0.48624950 -0.24076880 1.00000000

0.99154440 0.12886000 0.01532647 0.00000000
0.12909800 -0.99150770 -0.01570531 0.00000000
0.01317239 0.01755109 -0.99975940 0.00000000
0.26136400 0.14096980 -0.18731460 1.00000000

0.99156510 0.12885690 0.01394325 0.00000000
0.12850210 -0.99142130 0.02390479 0.00000000
0.01690391 -0.02191141 -0.99961720 0.00000000
0.27661960 0.04006934 -0.32593720 1.00000000

0.48350530 -0.26986970 -0.83270220 0.00000000
0.21413910 0.95885040 -0.18641390 0.00000000
0.84874440 -0.08818199 0.52139900 0.00000000
-0.09887276 0.84103560 0.09716520 1.00000000

0.48350470 -0.26986980 -0.83270250 0.00000000
-0.14371770 0.91390480 -0.37963550 0.00000000
0.86346300 0.30322970 0.40309220 0.00000000
-0.18452870 0.45749630 0.17173130 1.00000000

0.31662090 -0.08916087 -0.94435250 0.00000000
0.02388453 0.99600620 -0.08602976 0.00000000
0.94825140 0.00468339 0.31748590 0.00000000
-0.13523080 0.13119210 0.30610710 1.00000000

0.31662090 -0.08916087 -0.94435250 0.00000000
0.05696346 0.99556290 -0.07489723 0.00000000
0.94684020 -0.03007956 0.32029490 0.00000000
-0.26764790 0.02677631 0.27156840 1.00000000

0.71420230 -0.01402238 -0.69979890 0.00000000
0.02670337 0.99961730 0.00722294 0.00000000
0.69942970 -0.02384564 0.71430340 0.00000000
-0.01284434 1.00712400 -0.00605997 1.00000000

0.72307120 -0.05647896 -0.68846080 0.00000000
0.01878873 0.99789120 -0.06213029 0.00000000
0.69051790 0.03198931 0.72260760 0.00000000
-0.00823723 1.17958700 -0.00481381 1.00000000

0.69174090 -0.20281990 -0.69307910 0.00000000
-0.23671700 0.84303720 -0.48296290 0.00000000
0.68224600 0.49814870 0.53515240 0.00000000
-0.00471223 1.36680300 -0.01647017 1.00000000

0.06171287 0.94973490 -0.30691260 0.00000000
0.53667500 -0.29083860 -0.79208150 0.00000000
-0.84152930 -0.11583060 -0.52764730 0.00000000
0.03465993 1.44869600 -0.09246098 1.00000000

0.89431390 0.39960440 0.20129390 0.00000000
0.30411300 -0.21286300 -0.92854990 0.00000000
-0.32820460 0.89163110 -0.31189120 0.00000000
0.15482110 1.38357700 -0.26980760 1.00000000

0.89431390 0.39960440 0.20129390 0.00000000
-0.33918130 0.89886520 -0.27748470 0.00000000
-0.29182010 0.17988330 0.93940570 0.00000000
0.24044110 1.32364800 -0.53123010 1.00000000

0.80668080 0.53593950 0.24906820 0.00000000
-0.48430150 0.84101680 -0.24112810 0.00000000
-0.33870060 0.07388943 0.93798850 0.00000000
0.15854770 1.54115500 -0.59831920 1.00000000

-0.71032760 -0.67383860 -0.20341290 0.00000000
-0.33870080 0.07388937 0.93798840 0.00000000
-0.61702260 0.73517510 -0.28071520 0.00000000
0.09218688 1.59473100 -0.62410670 1.00000000

-0.48053150 0.87432440 -0.06816374 0.00000000
-0.81171410 -0.47284840 -0.34283300 0.00000000
-0.33197850 -0.10941260 0.93692020 0.00000000
0.06298508 1.67231000 -0.58220550 1.00000000

-0.49448850 -0.82028730 -0.28742000 0.00000000
0.80277250 -0.55778710 0.21078410 0.00000000
-0.33322270 -0.12650250 0.93432310 0.00000000
0.02414970 1.64968700 -0.59860780 1.00000000

-0.52039180 0.81590290 -0.25198250 0.00000000
-0.78449110 -0.57334400 -0.23632660 0.00000000
-0.33729240 0.07469557 0.93843210 0.00000000
0.07656322 1.67185700 -0.61836760 1.00000000

-0.40282550 -0.91278580 -0.06748195 0.00000000
0.85149120 -0.40077450 0.33814630 0.00000000
-0.33570020 0.07875366 0.93867110 0.00000000
0.03797771 1.64252800 -0.62986200 1.00000000

-0.66303990 0.60045890 -0.44702020 0.00000000
-0.61956340 -0.77532950 -0.12249610 0.00000000
-0.42014170 0.19573760 0.88609680 0.00000000
0.08617453 1.66607300 -0.65545540 1.00000000

-0.39088630 -0.92006650 0.02618337 0.00000000
0.81940610 -0.33488220 0.46521800 0.00000000
-0.41926300 0.20330210 0.88480880 0.00000000
0.05709071 1.62967800 -0.66120560 1.00000000

-0.78383120 0.40917780 -0.46710000 0.00000000
-0.48986560 -0.86971970 0.06016278 0.00000000
-0.38162870 0.27597370 0.88215540 0.00000000
0.09498973 1.65933400 -0.68879030 1.00000000

-0.04656757 -0.95146450 0.30421540 0.00000000
0.93610910 0.06471712 0.34570430 0.00000000
-0.34861330 0.30087740 0.88766060 0.00000000
0.07474221 1.62197100 -0.68583140 1.00000000

0.02732280 0.49519840 0.86835010 0.00000000
-0.89863160 0.39266140 -0.19564920 0.00000000
-0.43785280 -0.77498110 0.45572950 0.00000000
0.08247937 1.59278500 -0.55171880 1.00000000

-0.82553630 0.56319350 -0.03609902 0.00000000
-0.08971089 -0.19411370 -0.97686800 0.00000000
-0.55717300 -0.80320190 0.21077260 0.00000000
0.02902035 1.61702400 -0.56186190 1.00000000

0.88009360 0.40738310 0.24387350 0.00000000
-0.33918130 0.89886520 -0.27748470 0.00000000
-0.33225190 0.16149520 0.92926200 0.00000000
0.19593170 1.44208400 -0.56773530 1.00000000

0.57056870 0.68959870 -0.44598800 0.00000000
-0.00152105 -0.54217160 -0.84026650 0.00000000
-0.82124850 0.48010820 -0.30829700 0.00000000
0.10600570 1.44655000 -0.16871670 1.00000000

0.49047760 0.87058360 -0.03893648 0.00000000
0.30411300 -0.21286300 -0.92854990 0.00000000
-0.81666830 0.44359180 -0.36916020 0.00000000
0.15482110 1.38357700 -0.26980760 1.00000000

0.52583190 0.85025310 -0.02388799 0.00000000
0.30286970 -0.21340300 -0.92883220 0.00000000
-0.79484010 0.48117470 -0.36973000 0.00000000
0.19116540 1.35796900 -0.38126740 1.00000000

0.93913540 -0.06781010 -0.33678860 0.00000000
-0.13715500 0.82480730 -0.54852650 0.00000000
0.31498120 0.56133290 0.76530530 0.00000000
-0.04021996 1.49325900 -0.08891495 1.00000000

0.99167490 0.10129210 -0.07950351 0.00000000
-0.11139720 0.98454630 -0.13512720 0.00000000
0.06458759 0.14285870 0.98763340 0.00000000
-0.05311252 1.57079100 -0.14047640 1.00000000

0.99167490 0.10129210 -0.07950351 0.00000000
-0.12267010 0.93088190 -0.34410870 0.00000000
0.03915295 0.35099670 0.93555780 0.00000000
-0.06991892 1.64053400 -0.26125170 1.00000000

0.99167490 0.10129210 -0.07950351 0.00000000
0.12689260 -0.87368920 0.46964460 0.00000000
-0.02189004 -0.47582310 -0.87926890 0.00000000
-0.00413080 1.62652000 -0.24147570 1.00000000

0.99167490 0.10129210 -0.07950351 0.00000000
-0.12617330 0.88766580 -0.44286540 0.00000000
0.02571386 0.44920980 0.89305620 0.00000000
-0.12727700 1.61178000 -0.23036580 1.00000000

0.99167930 0.10133160 -0.07939744 0.00000000
0.12257970 -0.93168790 0.34195390 0.00000000
-0.03932282 -0.34884120 -0.93635680 0.00000000
-0.02832114 1.65069600 -0.22527670 1.00000000

0.99167260 0.10127090 -0.07956004 0.00000000
-0.12267020 0.93088070 -0.34411250 0.00000000
0.03921220 0.35100650 0.93555150 0.00000000
-0.10650600 1.64271000 -0.21900860 1.00000000

0.95380810 0.24722630 -0.17067340 0.00000000
0.29158200 -0.89861200 0.32783580 0.00000000
-0.07231939 -0.36245790 -0.92919020 0.00000000
-0.05110080 1.64631400 -0.26424320 1.00000000

0.97170000 0.21634370 -0.09483922 0.00000000
-0.23578650 0.91258200 -0.33406430 0.00000000
0.01427579 0.34697200 0.93776680 0.00000000
-0.08639452 1.64362900 -0.26264080 1.00000000

0.99193490 0.09981165 0.07811996 0.00000000
0.08810031 -0.98605450 0.14119210 0.00000000
0.09112331 -0.13317090 -0.98689530 0.00000000
0.00798110 1.66512500 -0.22577440 1.00000000

0.97901980 0.10101280 -0.17696520 0.00000000
-0.13869890 0.96658380 -0.21558870 0.00000000
0.14927440 0.23561050 0.96031500 0.00000000
-0.14486600 1.65102700 -0.21482450 1.00000000

0.97276070 0.21178770 -0.09424946 0.00000000
0.23138550 -0.91175500 0.33935760 0.00000000
-0.01406074 -0.35192170 -0.93592380 0.00000000
-0.02840313 1.65125600 -0.22558500 1.00000000

0.99791120 -0.01049834 -0.06374130 0.00000000
-0.01264650 0.93586610 -0.35212930 0.00000000
0.06334996 0.35219990 0.93377830 0.00000000
-0.10650770 1.64272200 -0.21901490 1.00000000

0.98915260 0.11973750 -0.08509010 0.00000000
-0.14082440 0.93776120 -0.31744700 0.00000000
0.04178384 0.32598620 0.94445070 0.00000000
-0.05936432 1.61531100 -0.16173660 1.00000000

0.94585440 0.29448800 -0.13651510 0.00000000
0.32053550 -0.91368870 0.24985960 0.00000000
-0.05115154 -0.28008880 -0.95861030 0.00000000
-0.04605196 1.55539600 -0.26454530 1.00000000

0.98982650 0.11516910 -0.08354315 0.00000000
-0.13546860 0.94236320 -0.30594130 0.00000000
0.04349294 0.31414620 0.94837790 0.00000000
-0.06126402 1.55534400 -0.26605470 1.00000000

0.99748250 -0.06399323 -0.03055537 0.00000000
0.05283460 0.95804990 -0.28169020 0.00000000
0.04729980 0.27936660 0.95901870 0.00000000
-0.07838636 1.55291900 -0.25973980 1.00000000

0.98633610 0.14117500 -0.08491570 0.00000000
0.16267980 -0.91598630 0.36674870 0.00000000
-0.02600589 -0.37555160 -0.92643670 0.00000000
-0.03827152 1.56687500 -0.24972460 1.00000000

0.99282160 0.09064538 -0.07803074 0.00000000
-0.11330240 0.92176970 -0.37081440 0.00000000
0.03831378 0.37699360 0.92542310 0.00000000
-0.08846276 1.56138600 -0.24274030 1.00000000

0.98104440 0.17519380 -0.08281910 0.00000000
0.19375570 -0.89399670 0.40401620 0.00000000
-0.00325882 -0.41240450 -0.91099510 0.00000000
-0.04832780 1.57913000 -0.26095910 1.00000000

0.99075580 0.10913860 -0.08057064 0.00000000
-0.13267250 0.90344560 -0.40765710 0.00000000
0.02830008 0.41457820 0.90957360 0.00000000
-0.06351559 1.57684000 -0.26413440 1.00000000

0.99538360 0.05189613 -0.08073434 0.00000000
-0.08153428 0.90100380 -0.42608050 0.00000000
0.05062994 0.43069620 0.90107560 0.00000000
-0.08111565 1.57654200 -0.25683530 1.00000000

0.99162920 0.10169540 -0.07955903 0.00000000
0.12712610 -0.87679620 0.46375360 0.00000000
-0.02259526 -0.46998570 -0.88238490 0.00000000
-0.04973348 1.60927200 -0.25701310 1.00000000

0.99162920 0.10169540 -0.07955903 0.00000000
-0.12712600 0.87679620 -0.46375350 0.00000000
0.02259526 0.46998560 0.88238500 0.00000000
-0.06768465 1.60545500 -0.27807690 1.00000000

0.99162920 0.10169540 -0.07955903 0.00000000
-0.12712600 0.87679620 -0.46375350 0.00000000
0.02259526 0.46998560 0.88238500 0.00000000
-0.08247916 1.60528700 -0.25429560 1.00000000

0.99167490 0.10129210 -0.07950351 0.00000000
0.11921220 -0.48880400 0.86421020 0.00000000
0.04867604 -0.86649360 -0.49680990 0.00000000
-0.05409219 1.64940200 -0.05254048 1.00000000

0.99167490 0.10129210 -0.07950351 0.00000000
-0.11391610 0.97796940 -0.17492530 0.00000000
0.06003341 0.18252580 0.98136650 0.00000000
-0.07079644 1.71635300 -0.17559690 1.00000000

0.30016460 -0.95233350 0.05442780 0.00000000
0.93495500 0.28241610 -0.21470980 0.00000000
0.18910390 0.11533570 0.97516020 0.00000000
-0.05290512 1.47436900 -0.00472550 1.00000000

0.74355960 -0.54717410 -0.38434300 0.00000000
0.63201050 0.38739580 0.67118320 0.00000000
-0.21836110 -0.74197390 0.63387190 0.00000000
-0.26224150 1.41113600 0.04334792 1.00000000

0.74355970 -0.54717400 -0.38434310 0.00000000
-0.38475350 -0.82020910 0.42334580 0.00000000
-0.54688540 -0.16690540 -0.82040150 0.00000000
-0.44017560 1.30207200 -0.14561070 1.00000000

0.68967190 -0.53286230 -0.49031680 0.00000000
-0.38256030 -0.84303210 0.37808010 0.00000000
-0.61481730 -0.07317542 -0.78526740 0.00000000
-0.34722950 1.50058000 -0.24795470 1.00000000

-0.61276330 0.67115800 0.41721480 0.00000000
-0.61481740 -0.07317549 -0.78526730 0.00000000
-0.49650840 -0.73769400 0.45747890 0.00000000
-0.29239820 1.55441100 -0.29303510 1.00000000

-0.41923740 -0.87733010 0.23352070 0.00000000
-0.68782560 0.47481990 0.54903750 0.00000000
-0.59256720 0.06955554 -0.80251220 0.00000000
-0.25174970 1.63200300 -0.26214600 1.00000000

-0.56290070 0.70558520 0.43045600 0.00000000
0.59283810 0.70756650 -0.38456820 0.00000000
-0.57592170 0.03871711 -0.81658730 0.00000000
-0.21884200 1.60928500 -0.28841380 1.00000000

-0.31490410 -0.90706950 0.27939330 0.00000000
-0.75440780 0.41783660 0.50624260 0.00000000
-0.57593760 -0.05135850 -0.81587850 0.00000000
-0.27595320 1.63157600 -0.29225050 1.00000000

-0.47533040 0.85406070 0.21128550 0.00000000
0.68714930 0.51035360 -0.51707380 0.00000000
-0.54944240 -0.10059600 -0.82945350 0.00000000
-0.23866130 1.60990300 -0.31716540 1.00000000

-0.37398540 -0.71703180 0.58821780 0.00000000
-0.61719190 0.66582490 0.41922720 0.00000000
-0.69224940 -0.20625840 -0.69155480 0.00000000
-0.29666420 1.62583200 -0.32449040 1.00000000

-0.46111960 0.88027550 0.11173120 0.00000000
0.58099350 0.39469250 -0.71180370 0.00000000
-0.67068270 -0.26331150 -0.69343460 0.00000000
-0.26769100 1.59457700 -0.34417020 1.00000000

-0.43192940 -0.47480630 0.76680880 0.00000000
-0.49441980 0.83572540 0.23898180 0.00000000
-0.75431160 -0.27590210 -0.59572800 0.00000000
-0.31544320 1.61912900 -0.35341650 1.00000000

-0.23673460 0.93583270 -0.26110180 0.00000000
0.65498820 -0.04476668 -0.75431190 0.00000000
-0.71759810 -0.34959020 -0.60236140 0.00000000
-0.29471070 1.58316100 -0.36296680 1.00000000

-0.22023550 -0.47989090 -0.84923550 0.00000000
-0.87013940 -0.29682310 0.39338720 0.00000000
-0.44085570 0.82559120 -0.35220110 0.00000000
-0.26053940 1.55235600 -0.22731770 1.00000000

-0.69085650 -0.55785480 0.45990800 0.00000000
0.30256430 0.35465660 0.88468840 0.00000000
-0.65663690 0.75034460 -0.07622999 0.00000000
-0.20834730 1.57086300 -0.24926790 1.00000000

0.70869330 -0.55636360 -0.43383570 0.00000000
-0.38475350 -0.82020910 0.42334580 0.00000000
-0.59137020 -0.13310240 -0.79533960 0.00000000
-0.38963350 1.41017900 -0.20129620 1.00000000

0.75154500 -0.59208670 0.29088430 0.00000000
0.29252060 0.69433260 0.65752080 0.00000000
-0.59127990 -0.40906690 0.69501980 0.00000000
-0.21700160 1.44856100 0.03804481 1.00000000

0.52977720 -0.84808530 -0.00935662 0.00000000
0.63201050 0.38739580 0.67118320 0.00000000
-0.56559590 -0.36149100 0.74123250 0.00000000
-0.26224150 1.41113600 0.04334792 1.00000000

0.55831050 -0.82836760 -0.04578802 0.00000000
0.63097750 0.38814220 0.67172390 0.00000000
-0.53866200 -0.40392180 0.73938530 0.00000000
-0.33795880 1.36455900 -0.03725896 1.00000000

0.74547500 0.02729892 -0.66597430 0.00000000
0.01124918 0.99850330 0.05352166 0.00000000
0.66643860 -0.04739073 0.74405220 0.00000000
-0.06952645 0.97817190 -0.17743260 1.00000000

0.74519130 -0.00480729 -0.66683340 0.00000000
0.02318259 0.99955640 0.01870080 0.00000000
0.66644760 -0.02939461 0.74497220 0.00000000
-0.18200150 0.98584460 -0.08910117 1.00000000

0.71467690 -0.00162582 -0.69945280 0.00000000
-0.01679801 -0.99974890 -0.01483980 0.00000000
-0.69925300 0.02235509 -0.71452480 0.00000000
-0.11702520 0.99995580 0.10483970 1.00000000

1.00000000 0.00000000 0.00000000 0.00000000
0.00000000 1.00000000 0.00000000 0.00000000
0.00000000 0.00000000 1.00000000 0.00000000
0.00000000 0.00000000 0.00000000 1.00000000

1.00000000 0.00000000 0.00000000 0.00000000
0.00000000 1.00000000 0.00000000 0.00000000
0.00000000 0.00000000 1.00000000 0.00000000
0.00000000 0.00000000 0.00000000 1.00000000

0.99167490 0.10129210 -0.07950351 0.00000000
-0.11391610 0.97796950 -0.17492530 0.00000000
0.06003341 0.18252580 0.98136650 0.00000000
-0.05201074 1.55787000 -0.14319350 1.00000000

0.74532370 0.00579508 -0.66667750 0.00000000
-0.10067130 0.98947480 -0.10394620 0.00000000
0.65905830 0.14458880 0.73806250 0.00000000
-0.01277143 0.87223520 0.03954929 1.00000000

0.96920390 0.22405630 0.10218840 0.00000000
0.24625230 -0.87864540 -0.40907470 0.00000000
-0.00186849 0.42164080 -0.90676110 0.00000000
0.08558510 0.84147670 -0.04954185 1.00000000

0.96920390 0.22405630 0.10218840 0.00000000
0.21263960 -0.97073270 0.11163440 0.00000000
0.12420990 -0.08646718 -0.98848140 0.00000000
0.18408600 0.49001850 -0.21317170 1.00000000

0.99223490 0.12325600 0.01666915 0.00000000
0.12386370 -0.99139280 -0.04240356 0.00000000
0.01129907 0.04413899 -0.99896160 0.00000000
0.26012630 0.14394590 -0.17558220 1.00000000

0.99225300 0.12328970 0.01528642 0.00000000
0.12334620 -0.99235980 -0.00280405 0.00000000
0.01482379 0.00466783 -0.99987940 0.00000000
0.27457990 0.04670036 -0.31687720 1.00000000

0.50043700 -0.23434100 -0.83345490 0.00000000
0.23822440 0.96278270 -0.12766520 0.00000000
0.83235330 -0.13466090 0.53763790 0.00000000
-0.11196170 0.83994020 0.12715990 1.00000000

0.50043620 -0.23434100 -0.83345540 0.00000000
-0.20829210 0.90180770 -0.37862550 0.00000000
0.84034400 0.36308000 0.40248580 0.00000000
-0.20725170 0.45482800 0.17822650 1.00000000

0.31512640 -0.09296554 -0.94448540 0.00000000
0.01889595 0.99560800 -0.09169292 0.00000000
0.94886160 0.01104794 0.31549910 0.00000000
-0.13489420 0.13270180 0.31224370 1.00000000

0.31512640 -0.09296554 -0.94448540 0.00000000
0.05199922 0.99538700 -0.08062633 0.00000000
0.94762420 -0.02370499 0.31850700 0.00000000
-0.26687510 0.02745545 0.27856730 1.00000000

0.71406820 -0.00481074 -0.70005970 0.00000000
0.02481711 0.99952190 0.01844512 0.00000000
0.69963610 -0.03054454 0.71384600 0.00000000
-0.02650338 1.00720500 0.02537064 1.00000000

0.72258040 -0.04600163 -0.68975450 0.00000000
0.01652504 0.99864770 -0.04929107 0.00000000
0.69108920 0.02421854 0.72236350 0.00000000
-0.02222171 1.17965200 0.02855295 1.00000000

0.69066550 -0.19226090 -0.69714920 0.00000000
-0.23785650 0.84998430 -0.47005430 0.00000000
0.68293880 0.49047180 0.54132430 0.00000000
-0.01912140 1.36701000 0.01930537 1.00000000

0.06122899 0.95496420 -0.29033480 0.00000000
0.53546500 -0.27690690 -0.79787230 0.00000000
-0.84233520 -0.10661120 -0.52830450 0.00000000
0.02009152 1.45003300 -0.05553183 1.00000000

0.89257310 0.40090140 0.20637700 0.00000000
0.30615020 -0.20280260 -0.93013080 0.00000000
-0.33103700 0.89339220 -0.30375210 0.00000000
0.13998170 1.38803400 -0.23417510 1.00000000

0.89257310 0.40090140 0.20637700 0.00000000
-0.33799120 0.89782040 -0.28227790 0.00000000
-0.29845510 0.18220020 0.93687130 0.00000000
0.22617530 1.33093800 -0.49604260 1.00000000

0.80687170 0.53720970 0.24569120 0.00000000
-0.48481500 0.83984450 -0.24416430 0.00000000
-0.33750960 0.07789467 0.93809380 0.00000000
0.14456950 1.54819100 -0.56429030 1.00000000

-0.71042630 -0.67488580 -0.19955980 0.00000000
-0.33750970 0.07789465 0.93809370 0.00000000
-0.61756150 0.73380000 -0.28311880 0.00000000
0.07816264 1.60163900 -0.59022540 1.00000000

-0.48083020 0.87390610 -0.07135156 0.00000000
-0.81204110 -0.47452880 -0.33972340 0.00000000
-0.33074470 -0.10540860 0.93781510 0.00000000
0.04899600 1.67939300 -0.54862480 1.00000000

-0.49466030 -0.82164800 -0.28320660 0.00000000
0.80317830 -0.55667440 0.21217620 0.00000000
-0.33198800 -0.12251010 0.93529420 0.00000000
0.01014492 1.65668900 -0.56487840 1.00000000

-0.52091320 0.81467490 -0.25486260 0.00000000
-0.78465660 -0.57455310 -0.23281550 0.00000000
-0.33610090 0.07870305 0.93853200 0.00000000
0.06252769 1.67878600 -0.58480200 1.00000000

-0.40269160 -0.91316620 -0.06298614 0.00000000
0.85202310 -0.39909680 0.33879050 0.00000000
-0.33450950 0.08276261 0.93875140 0.00000000
0.02393451 1.64939800 -0.59611870 1.00000000

-0.66376040 0.59834970 -0.44877590 0.00000000
-0.61953350 -0.77600200 -0.11831890 0.00000000
-0.41904710 0.19949650 0.88577700 0.00000000
0.07209262 1.67284300 -0.62187670 1.00000000

-0.39063000 -0.92003600 0.03069448 0.00000000
0.82008580 -0.33265920 0.46561510 0.00000000
-0.41817190 0.20705550 0.88445490 0.00000000
0.04301021 1.63641500 -0.62743090 1.00000000

-0.78453140 0.40695440 -0.46786670 0.00000000
-0.48957750 -0.86956500 0.06458201 0.00000000
-0.38055860 0.27972370 0.88143660 0.00000000
0.08086655 1.66596100 -0.65519330 1.00000000

-0.04594575 -0.95014150 0.30841650 0.00000000
0.93653830 0.06644319 0.34421190 0.00000000
-0.34754210 0.30465900 0.88679060 0.00000000
0.06063187 1.62860600 -0.65204560 1.00000000

0.02832204 0.49898270 0.86614910 0.00000000
-0.89897790 0.39159350 -0.19619880 0.00000000
-0.43707800 -0.77309200 0.45966490 0.00000000
0.06854886 1.60000600 -0.51781720 1.00000000

-0.82571830 0.56283620 -0.03748721 0.00000000
-0.09092268 -0.19838830 -0.97589710 0.00000000
-0.55670690 -0.80240770 0.21498720 0.00000000
0.01507088 1.62418800 -0.52799680 1.00000000

0.87923000 0.40821020 0.24560000 0.00000000
-0.33799120 0.89782040 -0.28227790 0.00000000
-0.33573330 0.16517670 0.92736180 0.00000000
0.18182230 1.44923500 -0.53317820 1.00000000

0.56908250 0.69570270 -0.43834130 0.00000000
0.00141090 -0.53390560 -0.84554300 0.00000000
-0.82227940 0.48056520 -0.30481790 0.00000000
0.09161312 1.44846900 -0.13251660 1.00000000

0.48782530 0.87243750 -0.02965677 0.00000000
0.30615020 -0.20280260 -0.93013080 0.00000000
-0.81749560 0.44466190 -0.36602910 0.00000000
0.13998170 1.38803400 -0.23417510 1.00000000

0.52331410 0.85201310 -0.01471218 0.00000000
0.30490940 -0.20334440 -0.93042000 0.00000000
-0.79572170 0.48241600 -0.36619980 0.00000000
0.17657090 1.36363300 -0.34582540 1.00000000

0.93737860 -0.06407335 -0.34236790 0.00000000
-0.13911350 0.83226530 -0.53663930 0.00000000
0.31932530 0.55066230 0.77123440 0.00000000
-0.05480008 1.49450800 -0.05120310 1.00000000

0.99036980 0.11210610 -0.08123836 0.00000000
-0.12222330 0.98359270 -0.13269020 0.00000000
0.06502998 0.14134160 0.98782250 0.00000000
-0.06787674 1.57274100 -0.10164720 1.00000000

0.99036980 0.11210610 -0.08123836 0.00000000
-0.13333850 0.93027660 -0.34176930 0.00000000
0.03725979 0.34931020 0.93626590 0.00000000
-0.08567232 1.64256800 -0.22223170 1.00000000

0.99036980 0.11210610 -0.08123836 0.00000000
0.13719880 -0.87332180 0.46742490 0.00000000
-0.01854599 -0.47406930 -0.88029240 0.00000000
-0.01969813 1.62921700 -0.20261760 1.00000000

0.99036980 0.11210610 -0.08123836 0.00000000
-0.13657580 0.88724560 -0.44061590 0.00000000
0.02268270 0.44746790 0.89401230 0.00000000
-0.14265660 1.61313200 -0.19129710 1.00000000

0.99037420 0.11214540 -0.08113226 0.00000000
0.13325230 -0.93107860 0.33961280 0.00000000
-0.03745440 -0.34715490 -0.93705980 0.00000000
-0.04411390 1.65309500 -0.18631630 1.00000000

0.99036750 0.11208500 -0.08129495 0.00000000
-0.13333860 0.93027530 -0.34177300 0.00000000
0.03731903 0.34932070 0.93625970 0.00000000
-0.12219590 1.64425700 -0.17991140 1.00000000

0.95075700 0.25782830 -0.17200430 0.00000000
0.30186170 -0.89615950 0.32523480 0.00000000
-0.07028848 -0.36114080 -0.92985840 0.00000000
-0.06692331 1.64855700 -0.22524750 1.00000000

0.96913110 0.22697060 -0.09627548 0.00000000
-0.24623170 0.91074130 -0.33154210 0.00000000
0.01243171 0.34501390 0.93851530 0.00000000
-0.10218290 1.64548900 -0.22358130 1.00000000

0.99096160 0.11027710 0.07638061 0.00000000
0.09895609 -0.98536440 0.13879780 0.00000000
0.09056905 -0.12998500 -0.98737080 0.00000000
-0.00796961 1.66791500 -0.18685340 1.00000000

0.97752330 0.11190820 -0.17867510 0.00000000
-0.14949180 0.96551780 -0.21313780 0.00000000
0.14866210 0.23505760 0.96054540 0.00000000
-0.16063450 1.65215300 -0.17563270 1.00000000

0.97024150 0.22242480 -0.09569818 0.00000000
0.24183270 -0.90997340 0.33684600 0.00000000
-0.01215997 -0.34996510 -0.93668390 0.00000000
-0.04420253 1.65365600 -0.18662320 1.00000000

0.99783670 0.00035413 -0.06574008 0.00000000
-0.02339101 0.93645890 -0.34999650 0.00000000
0.06143886 0.35077700 0.93444140 0.00000000
-0.12219780 1.64426900 -0.17991770 1.00000000

0.98763850 0.13053570 -0.08677843 0.00000000
-0.15151210 0.93690110 -0.31505640 0.00000000
0.04017672 0.32430970 0.94509740 0.00000000
-0.07464835 1.61723800 -0.12279470 1.00000000

0.94236530 0.30492560 -0.13772430 0.00000000
0.33081890 -0.91075070 0.24716760 0.00000000
-0.05006453 -0.27848400 -0.95913510 0.00000000
-0.06090005 1.55769800 -0.22576420 1.00000000

0.98836460 0.12597130 -0.08524308 0.00000000
-0.14618290 0.94153470 -0.30355080 0.00000000
0.04202044 0.31247990 0.94899440 0.00000000
-0.07611364 1.55748700 -0.22724350 1.00000000

0.99804830 -0.05321619 -0.03267395 0.00000000
0.04198939 0.95918720 -0.27963720 0.00000000
0.04622155 0.27771950 0.95954970 0.00000000
-0.09319630 1.55486400 -0.22090030 1.00000000

0.98459280 0.15194120 -0.08655015 0.00000000
0.17323140 -0.91500270 0.36436340 0.00000000
-0.02383173 -0.37374280 -0.92722620 0.00000000
-0.05321349 1.56922800 -0.21093310 1.00000000

0.99163380 0.10146900 -0.07979190 0.00000000
-0.12392710 0.92132500 -0.36851390 0.00000000
0.03612137 0.37531910 0.92619140 0.00000000
-0.10332890 1.56318500 -0.20386180 1.00000000

0.97894060 0.18589660 -0.08436653 0.00000000
0.20414420 -0.89276420 0.40161890 0.00000000
-0.00065985 -0.41038390 -0.91191270 0.00000000
-0.06342317 1.58139900 -0.22212010 1.00000000

0.98936450 0.11994460 -0.08228609 0.00000000
-0.14317330 0.90287610 -0.40535930 0.00000000
0.02567333 0.41282930 0.91044650 0.00000000
-0.07859185 1.57895300 -0.22527040 1.00000000

0.99460600 0.06275558 -0.08258772 0.00000000
-0.09204885 0.90102430 -0.42388930 0.00000000
0.04781204 0.42920500 0.90194070 0.00000000
