MeshAnim
1
35
83
30
0.77101240 -0.00988551 -0.63674350 0.00000000
-0.01891703 0.99908270 -0.03841688 0.00000000
0.63653920 0.04166519 0.77011810 0.00000000
0.01032645 0.85408100 0.04811063 1.00000000

0.97236630 0.18394360 0.14376550 0.00000000
0.23164280 -0.83685500 -0.49599960 0.00000000
0.02907485 0.51559560 -0.85633890 0.00000000
0.10966790 0.82149950 -0.03922234 1.00000000

0.97236630 0.18394360 0.14376550 0.00000000
0.16069370 -0.97404740 0.15940330 0.00000000
0.16935560 -0.13189620 -0.97668960 0.00000000
0.20232500 0.48675760 -0.23762220 1.00000000

0.99760340 0.05889732 0.03631416 0.00000000
0.05900383 -0.99825630 -0.00186488 0.00000000
0.03614095 0.00400311 -0.99933900 0.00000000
0.25995640 0.13940350 -0.18298610 1.00000000

0.99738090 0.06481755 0.03209594 0.00000000
0.06361136 -0.99727850 0.03727733 0.00000000
0.03442481 -0.03513809 -0.99878970 0.00000000
0.27105600 0.03594345 -0.32010910 1.00000000

0.57979820 -0.23556970 -0.77996230 0.00000000
0.33255590 0.94234160 -0.03740160 0.00000000
0.74380160 -0.23769560 0.62470790 0.00000000
-0.09468763 0.82411920 0.12954540 1.00000000

0.57979700 -0.23556960 -0.77996310 0.00000000
-0.26730000 0.84931110 -0.45521580 0.00000000
0.76966630 0.47241690 0.42946030 0.00000000
-0.22771020 0.44718350 0.14450660 1.00000000

0.31513070 -0.07407252 -0.94615330 0.00000000
-0.00302946 0.99686600 -0.07905173 0.00000000
0.94904350 0.02777798 0.31391870 0.00000000
-0.13417130 0.14352040 0.30575400 1.00000000

0.31649990 -0.09574551 -0.94374820 0.00000000
-0.13088360 0.98096980 -0.14341540 0.00000000
0.93951990 0.16891210 0.29794530 0.00000000
-0.26389270 0.03585064 0.27097710 1.00000000

0.78026340 -0.01236926 -0.62532880 0.00000000
-0.00303020 0.99971800 -0.02355581 0.00000000
0.62544380 0.02027461 0.78000580 0.00000000
0.00774607 0.99036140 0.04287035 1.00000000

0.80547570 -0.03618786 -0.59152300 0.00000000
-0.04353755 0.99182340 -0.11996220 0.00000000
0.59102760 0.12238010 0.79731400 0.00000000
0.00722327 1.16284200 0.03880629 1.00000000

0.71129170 -0.09696772 -0.69617630 0.00000000
-0.32024930 0.83695880 -0.44377940 0.00000000
0.62570320 0.53860660 0.56426810 0.00000000
-0.00094487 1.34892000 0.01629999 1.00000000

-0.32170690 0.42489180 -0.84615110 0.00000000
0.62375110 -0.57723390 -0.52700610 0.00000000
-0.71234770 -0.69732920 -0.07932657 0.00000000
0.03008453 1.43801800 -0.05532300 1.00000000

-0.04335034 -0.17190070 -0.98415990 0.00000000
-0.21430970 -0.96055470 0.17721760 0.00000000
-0.97580330 0.21859750 0.00480029 0.00000000
0.16974200 1.30877600 -0.17331940 1.00000000

-0.06753865 -0.22583870 -0.97182070 0.00000000
-0.99708360 -0.01941628 0.07380655 0.00000000
-0.03553753 0.97397130 -0.22386870 0.00000000
0.10940550 1.03834200 -0.12342640 1.00000000

0.52760840 -0.84584330 0.07860473 0.00000000
-0.84717930 -0.53073430 -0.02466819 0.00000000
0.06258342 -0.05357721 -0.99660060 0.00000000
-0.13180280 1.03360600 -0.10574100 1.00000000

-0.37248180 0.92515410 -0.07312696 0.00000000
0.06258342 -0.05357721 -0.99660060 0.00000000
-0.92592680 -0.37579200 -0.03794289 0.00000000
-0.21881400 1.01564300 -0.11249370 1.00000000

-0.84085850 -0.54125260 -0.00163844 0.00000000
-0.52756070 0.82025670 -0.22104080 0.00000000
0.12098280 -0.18499980 -0.97526320 0.00000000
-0.25905830 0.95185890 -0.16670500 1.00000000

-0.98750830 0.08500710 -0.13267040 0.00000000
0.10702770 0.97981630 -0.16883530 0.00000000
0.11564040 -0.18092570 -0.97667470 0.00000000
-0.28429870 0.99110290 -0.17728030 1.00000000

-0.71701330 -0.68966030 0.10129450 0.00000000
-0.69231190 0.68764000 -0.21875950 0.00000000
0.08121538 -0.22698090 -0.97050700 0.00000000
-0.26206590 0.95154710 -0.12819360 1.00000000

-0.97661130 0.17613710 -0.12331310 0.00000000
0.19925770 0.95690460 -0.21125810 0.00000000
0.08078817 -0.23088820 -0.96962060 0.00000000
-0.29585750 0.98644240 -0.13922090 1.00000000

-0.83690730 -0.54213240 0.07535675 0.00000000
-0.53756740 0.78822390 -0.29954130 0.00000000
0.10299300 -0.29119750 -0.95110270 0.00000000
-0.26640390 0.95779120 -0.09019975 1.00000000

-0.99124930 0.04656920 -0.12351690 0.00000000
0.08051714 0.95478400 -0.28618960 0.00000000
0.10460420 -0.29363050 -0.95017840 0.00000000
-0.29163870 0.99479250 -0.10426100 1.00000000

-0.79500280 -0.60545560 -0.03733918 0.00000000
-0.53497840 0.72881660 -0.42734640 0.00000000
0.28595240 -0.31976600 -0.90331670 0.00000000
-0.26950420 0.96472410 -0.05589722 1.00000000

-0.95462640 -0.15693100 -0.25310270 0.00000000
-0.06021038 0.93404610 -0.35204080 0.00000000
0.29165550 -0.32082810 -0.90111400 0.00000000
-0.29164700 0.99624170 -0.07409247 1.00000000

0.79842030 -0.21117710 -0.56385230 0.00000000
-0.47089510 -0.80259260 -0.36620060 0.00000000
-0.37521060 0.55789720 -0.74024860 0.00000000
-0.19734650 1.01173000 -0.18222070 1.00000000

0.04799938 -0.82831680 -0.55820020 0.00000000
-0.94521920 -0.21831990 0.24268710 0.00000000
-0.32288800 0.51597280 -0.79342040 0.00000000
-0.22399960 0.96357540 -0.20500310 1.00000000

-0.02264309 -0.84828600 -0.52905400 0.00000000
-0.99708360 -0.01941628 0.07380655 0.00000000
-0.07288131 0.52918220 -0.84537240 0.00000000
-0.02190582 1.03574600 -0.11387590 1.00000000

-0.46959120 -0.48971530 -0.73461750 0.00000000
-0.07270309 -0.80779080 0.58496870 0.00000000
-0.87988540 0.32810520 0.34372760 0.00000000
0.16700750 1.31144400 -0.18012010 1.00000000

-0.41340900 -0.07518168 -0.90743640 0.00000000
-0.21430970 -0.96055470 0.17721760 0.00000000
-0.88496580 0.26773580 0.38098970 0.00000000
0.16974200 1.30877600 -0.17331940 1.00000000

-0.36484760 -0.09090978 -0.92661830 0.00000000
-0.21426370 -0.96031250 0.17857980 0.00000000
-0.90607790 0.26369520 0.33088900 0.00000000
0.14403040 1.19353800 -0.15188980 1.00000000

0.91871530 0.25860470 -0.29847230 0.00000000
-0.38590520 0.74843070 -0.53937790 0.00000000
0.08390021 0.61071690 0.78739180 0.00000000
-0.04898229 1.47446400 -0.05026702 1.00000000

0.98864390 0.14720620 0.03022322 0.00000000
-0.13325940 0.95173890 -0.27646850 0.00000000
-0.06946233 0.26930140 0.96054770 0.00000000
-0.08525743 1.54481600 -0.10096860 1.00000000

0.98864390 0.14720620 0.03022322 0.00000000
-0.11522930 0.87168160 -0.47633340 0.00000000
-0.09646419 0.46744150 0.87874530 0.00000000
-0.08916311 1.59775000 -0.23103000 1.00000000

0.98864390 0.14720620 0.03022322 0.00000000
0.10085000 -0.79901980 0.59278750 0.00000000
0.11141090 -0.58300780 -0.80479190 0.00000000
-0.02596271 1.59012700 -0.20164980 1.00000000

0.98864390 0.14720620 0.03022322 0.00000000
-0.10416990 0.81626870 -0.56820240 0.00000000
-0.10831320 0.55860150 0.82233360 0.00000000
-0.14880380 1.56986300 -0.20390100 1.00000000

0.98862540 0.14729600 0.03039268 0.00000000
0.11545210 -0.87276060 0.47429970 0.00000000
0.09638810 -0.46539580 -0.87983890 0.00000000
-0.05301348 1.61472000 -0.19187600 1.00000000

0.98865390 0.14715830 0.03013304 0.00000000
-0.11522810 0.87167610 -0.47634340 0.00000000
-0.09636405 0.46746660 0.87874290 0.00000000
-0.13095940 1.60311500 -0.19425900 1.00000000

0.95692490 0.27811320 -0.08335450 0.00000000
0.28336240 -0.83207830 0.47681420 0.00000000
0.06325081 -0.47989470 -0.87504300 0.00000000
-0.07036901 1.60417700 -0.23242410 1.00000000

0.96611970 0.25808220 -0.00249127 0.00000000
-0.22784950 0.84833160 -0.47793110 0.00000000
-0.12123210 0.46230620 0.87839390 0.00000000
-0.10543400 1.59969500 -0.23482810 1.00000000

0.96859770 0.16556220 0.18549280 0.00000000
0.10945580 -0.95380660 0.27977200 0.00000000
0.22324390 -0.25068330 -0.94197680 0.00000000
-0.01757325 1.63103100 -0.18981070 1.00000000

0.98870890 0.13395650 -0.06715977 0.00000000
-0.14917760 0.92227190 -0.35659590 0.00000000
0.01417118 0.36258820 0.93184180 0.00000000
-0.16984680 1.60967800 -0.19595140 1.00000000

0.96728100 0.25370480 -0.00117984 0.00000000
0.22277130 -0.84709980 0.48248810 0.00000000
0.12141000 -0.46696450 -0.87590180 0.00000000
-0.05307783 1.61523200 -0.19226320 1.00000000

0.99736760 0.03882583 0.06123972 0.00000000
-0.00538902 0.88192000 -0.47136820 0.00000000
-0.07230988 0.46979730 0.87980790 0.00000000
-0.13096080 1.60312500 -0.19426690 1.00000000

0.98611070 0.16462820 0.02198508 0.00000000
-0.13694250 0.88080400 -0.45324520 0.00000000
-0.09398156 0.44393910 0.89111480 0.00000000
-0.09052926 1.58587900 -0.12852110 1.00000000

0.94269470 0.32875800 -0.05696693 0.00000000
0.32274080 -0.85514840 0.40565930 0.00000000
0.08464867 -0.40079830 -0.91224730 0.00000000
-0.06160173 1.51438200 -0.22010790 1.00000000

0.98676590 0.16033660 0.02419227 0.00000000
-0.13331120 0.88711490 -0.44187720 0.00000000
-0.09231043 0.43280410 0.89674930 0.00000000
-0.07647630 1.51326900 -0.22345390 1.00000000

0.99484750 -0.01001069 0.10088600 0.00000000
0.04947825 0.91649820 -0.39696700 0.00000000
-0.08848807 0.39991330 0.91227140 0.00000000
-0.09415708 1.51067900 -0.21902540 1.00000000

0.98241930 0.18572050 0.01898310 0.00000000
0.15133430 -0.85178890 0.50155120 0.00000000
0.10931780 -0.48986070 -0.86491970 0.00000000
-0.05627833 1.52806000 -0.20608870 1.00000000

0.99002610 0.13691240 0.03321695 0.00000000
-0.10212430 0.85983800 -0.50024930 0.00000000
-0.09705165 0.49186750 0.86524420 0.00000000
-0.10668390 1.52062300 -0.20465860 1.00000000

0.97551130 0.21937320 0.01590779 0.00000000
0.17640730 -0.82354470 0.53912420 0.00000000
0.13137020 -0.52311540 -0.84207610 0.00000000
-0.06529256 1.53820900 -0.21999080 1.00000000

0.98754970 0.15479070 0.02802551 0.00000000
-0.11580460 0.83594880 -0.53645030 0.00000000
-0.10646550 0.52652570 0.84346650 0.00000000
-0.07983612 1.53467100 -0.22467720 1.00000000

0.99450190 0.09834182 0.03598386 0.00000000
-0.06265815 0.83414840 -0.54796970 0.00000000
-0.08390430 0.54270210 0.83572390 0.00000000
-0.09820457 1.53428300 -0.21961970 1.00000000

0.98858920 0.14759610 0.03010991 0.00000000
0.10196980 -0.80282400 0.58743170 0.00000000
0.11087560 -0.57765830 -0.80871340 0.00000000
-0.06843036 1.56847700 -0.22025810 1.00000000

0.98858920 0.14759610 0.03010991 0.00000000
-0.10196970 0.80282400 -0.58743150 0.00000000
-0.11087560 0.57765810 0.80871370 0.00000000
-0.08333807 1.56102100 -0.24267810 1.00000000

0.98858920 0.14759610 0.03010991 0.00000000
-0.10196970 0.80282400 -0.58743150 0.00000000
-0.11087560 0.57765810 0.80871370 0.00000000
-0.10106160 1.56299400 -0.22108090 1.00000000

0.98864390 0.14720620 0.03022322 0.00000000
0.02649042 -0.36868270 0.92917790 0.00000000
0.14792360 -0.91782550 -0.36839540 0.00000000
-0.10081070 1.63366700 -0.02496279 1.00000000

0.98864390 0.14720620 0.03022322 0.00000000
-0.13034380 0.94007960 -0.31505670 0.00000000
-0.07479042 0.30753950 0.94859150 0.00000000
-0.10420600 1.68355500 -0.15688710 1.00000000

0.46907310 -0.83572750 0.28553430 0.00000000
0.36810760 -0.10887440 -0.92338690 0.00000000
0.80278720 0.53824320 0.25656750 0.00000000
-0.05995528 1.45029200 0.03280450 1.00000000

0.80835860 -0.33246270 0.48582390 0.00000000
0.58171160 0.57780480 -0.57249730 0.00000000
-0.09037754 0.74539250 0.66047110 0.00000000
-0.14237450 1.47466900 0.23955090 1.00000000

0.80836860 -0.33246610 0.48580520 0.00000000
-0.19422180 0.62841400 0.75324240 0.00000000
-0.55571440 -0.70325140 0.44341790 0.00000000
-0.30614780 1.31199900 0.40072710 1.00000000

0.97687320 0.14256540 -0.15935610 0.00000000
0.02317885 0.67028050 0.74174610 0.00000000
0.21256040 -0.72828530 0.65147430 0.00000000
-0.25930360 1.16003900 0.21842960 1.00000000

-0.97499330 -0.20232670 0.09193540 0.00000000
0.21256040 -0.72828530 0.65147430 0.00000000
-0.06485552 0.65472490 0.75308000 0.00000000
-0.21786270 1.09416200 0.11539740 1.00000000

0.96143030 0.27504920 0.00029960 0.00000000
-0.13871220 0.48392460 0.86404650 0.00000000
0.23751010 -0.83076180 0.50341210 0.00000000
-0.27227220 1.09972300 0.06747528 1.00000000

0.01853710 0.49346290 0.86956940 0.00000000
-0.95687000 -0.24344060 0.15854590 0.00000000
0.28992470 -0.83500380 0.46766700 0.00000000
-0.26563540 1.07657100 0.02613627 1.00000000

0.16469830 0.73764870 0.65478960 0.00000000
-0.94160200 -0.08009006 0.32706510 0.00000000
0.29370100 -0.67041800 0.68138040 0.00000000
-0.26578360 1.07022200 0.09155486 1.00000000

-0.82530580 0.18067260 0.53500310 0.00000000
-0.48038380 -0.72264310 -0.49700990 0.00000000
0.29681990 -0.66719160 0.68319340 0.00000000
-0.21874350 1.07493900 0.07586604 1.00000000

0.30583520 0.71962390 0.62338320 0.00000000
-0.88934910 -0.01781236 0.45688220 0.00000000
0.33988700 -0.69413570 0.63454900 0.00000000
-0.25311430 1.04324400 0.11631410 1.00000000

-0.71295600 0.27272300 0.64600020 0.00000000
-0.57498310 -0.75469090 -0.31596910 0.00000000
0.40135830 -0.59671120 0.69487240 0.00000000
-0.21136620 1.04408000 0.09486633 1.00000000

0.18665690 0.72400380 0.66406180 0.00000000
-0.86619880 -0.19763930 0.45895410 0.00000000
0.46352880 -0.66087620 0.59024020 0.00000000
-0.24099120 1.01989300 0.13959650 1.00000000

-0.59810760 0.43305210 0.67433940 0.00000000
-0.61551180 -0.78708810 -0.04047236 0.00000000
0.51323760 -0.43927050 0.73731170 0.00000000
-0.20396050 1.02890700 0.12056430 1.00000000

0.37792160 -0.91964820 -0.10687870 0.00000000
-0.88356170 -0.39273900 0.25509790 0.00000000
-0.27657560 -0.00197317 -0.96099020 0.00000000
-0.26046000 1.16882600 0.12209180 1.00000000

-0.95875020 -0.28285250 -0.02815023 0.00000000
-0.24878230 0.78709210 0.56444120 0.00000000
-0.13749660 0.54816130 -0.82499340 0.00000000
-0.21399320 1.19079100 0.10599920 1.00000000

0.96793630 -0.00192840 0.25118870 0.00000000
-0.19422180 0.62841400 0.75324240 0.00000000
-0.15930310 -0.77787690 0.60789010 0.00000000
-0.28070800 1.22929900 0.30144980 1.00000000

0.97985960 -0.19802420 0.02572420 0.00000000
0.17441090 0.78596160 -0.59316550 0.00000000
0.09724286 0.58570540 0.80466960 0.00000000
-0.12001510 1.47424400 0.20041120 1.00000000

0.80538770 -0.50767490 0.30596890 0.00000000
0.58171160 0.57780480 -0.57249730 0.00000000
0.11385220 0.63906790 0.76067730 0.00000000
-0.14237450 1.47466900 0.23955090 1.00000000

0.80327750 -0.52172740 0.28730790 0.00000000
0.58059080 0.57827540 -0.57315980 0.00000000
0.13289000 0.62721450 0.76742580 0.00000000
-0.21204540 1.40527600 0.30833010 1.00000000

0.77331670 0.01805620 -0.63376290 0.00000000
0.08325434 0.98804710 0.12973680 0.00000000
0.62853010 -0.15309110 0.76257000 0.00000000
-0.04349023 0.97879110 -0.13223120 1.00000000

0.77028700 -0.01740932 -0.63745970 0.00000000
0.10443310 0.98957540 0.09916800 0.00000000
0.62908790 -0.14295970 0.76407520 0.00000000
-0.15878870 0.98845650 -0.04782279 1.00000000

0.77671390 -0.00824630 -0.62979950 0.00000000
-0.08365928 -0.99240560 -0.09018053 0.00000000
-0.62427290 0.12273310 -0.77150510 0.00000000
-0.10334720 0.98408060 0.14675890 1.00000000

1.00000000 0.00000000 0.00000000 0.00000000
0.00000000 1.00000000 0.00000000 0.00000000
0.00000000 0.00000000 1.00000000 0.00000000
0.00000000 0.00000000 0.00000000 1.00000000

1.00000000 0.00000000 0.00000000 0.00000000
0.00000000 1.00000000 0.00000000 0.00000000
0.00000000 0.00000000 1.00000000 0.00000000
0.00000000 0.00000000 0.00000000 1.00000000

0.98864390 0.14720620 0.03022322 0.00000000
-0.13034370 0.94007950 -0.31505680 0.00000000
-0.07479042 0.30753960 0.94859150 0.00000000
-0.08328522 1.53174000 -0.10180150 1.00000000

0.77154820 -0.01163029 -0.63606450 0.00000000
-0.01782130 0.99904540 -0.03988460 0.00000000
0.63592120 0.04210839 0.77060440 0.00000000
0.01859901 0.85413990 0.04736912 1.00000000

0.97191710 0.18392490 0.14679600 0.00000000
0.23319010 -0.83655980 -0.49577250 0.00000000
0.03161860 0.51608110 -0.85595610 0.00000000
0.11798080 0.82132600 -0.03983089 1.00000000

0.97191710 0.18392490 0.14679600 0.00000000
0.16000720 -0.97392000 0.16086550 0.00000000
0.17255460 -0.13285960 -0.97599860 0.00000000
0.21125680 0.48670210 -0.23813990 1.00000000

0.99760250 0.05893530 0.03627998 0.00000000
0.05904283 -0.99825380 -0.00189845 0.00000000
0.03610462 0.00403585 -0.99933990 0.00000000
0.26865070 0.13939120 -0.18298130 1.00000000

0.99737950 0.06485566 0.03206187 0.00000000
0.06365174 -0.99727710 0.03724373 0.00000000
0.03439000 -0.03510536 -0.99879180 0.00000000
0.27974940 0.03593600 -0.32010780 1.00000000

0.58183750 -0.23764090 -0.77781220 0.00000000
0.33547930 0.94133450 -0.03664786 0.00000000
0.74089050 -0.23961680 0.62742740 0.00000000
-0.08651681 0.82440810 0.12875690 1.00000000

0.58183650 -0.23764080 -0.77781310 0.00000000
-0.26515270 0.84868210 -0.45763820 0.00000000
0.76886950 0.47250990 0.43078310 0.00000000
-0.22070880 0.44787520 0.14341660 1.00000000

0.31594810 -0.07195312 -0.94604410 0.00000000
-0.00608494 0.99694600 -0.07785674 0.00000000
0.94875710 0.03035532 0.31454540 0.00000000
-0.12793310 0.14443610 0.30552420 1.00000000

0.31738330 -0.09362460 -0.94366420 0.00000000
-0.13384880 0.98072940 -0.14231950 0.00000000
0.93880370 0.17147820 0.29873560 0.00000000
-0.25729690 0.03640473 0.27053690 1.00000000

0.78053330 -0.01350403 -0.62496830 0.00000000
-0.00243080 0.99969350 -0.02463678 0.00000000
0.62510960 0.02074901 0.78026120 0.00000000
0.01616810 0.99041520 0.04192864 1.00000000

0.80515190 -0.03700606 -0.59191300 0.00000000
-0.04318369 0.99174400 -0.12074400 0.00000000
0.59149440 0.12277830 0.79690640 0.00000000
0.01574871 1.16289200 0.03767807 1.00000000

0.71017500 -0.09779375 -0.69720010 0.00000000
-0.32057370 0.83676560 -0.44390960 0.00000000
0.62680460 0.53875740 0.56289980 0.00000000
0.00764696 1.34895400 0.01502510 1.00000000

-0.32322170 0.42481710 -0.84561110 0.00000000
0.62270620 -0.57737850 -0.52808250 0.00000000
-0.71257630 -0.69725490 -0.07791504 0.00000000
0.03860413 1.43798600 -0.05671217 1.00000000

-0.04677573 -0.17018290 -0.98430170 0.00000000
-0.21403080 -0.96078770 0.17628850 0.00000000
-0.97570650 0.21891690 0.00851712 0.00000000
0.17802770 1.30871100 -0.17494950 1.00000000

-0.07108203 -0.22443770 -0.97189270 0.00000000
-0.99706570 -0.01176719 0.07564053 0.00000000
-0.02841300 0.97441740 -0.22294250 0.00000000
0.11776970 1.03821200 -0.12531810 1.00000000

0.52546270 -0.84728130 0.07748109 0.00000000
-0.84838280 -0.52866570 -0.02755702 0.00000000
0.06431013 -0.05125354 -0.99661290 0.00000000
-0.12343490 1.03532700 -0.10718910 1.00000000

-0.37015970 0.92621110 -0.07151870 0.00000000
0.06431013 -0.05125345 -0.99661290 0.00000000
-0.92673950 -0.37350520 -0.04059267 0.00000000
-0.21047560 1.01758700 -0.11414770 1.00000000

-0.84212970 -0.53925620 -0.00454184 0.00000000
-0.52521040 0.82204810 -0.21998000 0.00000000
0.12235930 -0.18286630 -0.97549390 0.00000000
-0.25076950 0.95403210 -0.16859170 1.00000000

-0.98705630 0.08767175 -0.13428920 0.00000000
0.10965460 0.97997590 -0.16620190 0.00000000
0.11702910 -0.17877610 -0.97690510 0.00000000
-0.27589750 0.99336180 -0.17911640 1.00000000

-0.71882700 -0.68821110 0.09825152 0.00000000
-0.69027840 0.68981600 -0.21833360 0.00000000
0.08248404 -0.22476500 -0.97091570 0.00000000
-0.25384940 0.95363190 -0.13008690 1.00000000

-0.97596190 0.17875230 -0.12468540 0.00000000
0.20190910 0.95695130 -0.20851040 0.00000000
0.08204597 -0.22867330 -0.97003970 0.00000000
-0.28753810 0.98863430 -0.14109010 1.00000000

-0.83832380 -0.54033620 0.07245785 0.00000000
-0.53514680 0.79023360 -0.29857800 0.00000000
0.10407380 -0.28908080 -0.95163070 0.00000000
-0.25824340 0.95979200 -0.09208582 1.00000000

-0.99090520 0.04922017 -0.12523790 0.00000000
0.08330344 0.95529760 -0.28366700 0.00000000
0.10567750 -0.29151990 -0.95070940 0.00000000
-0.28336450 0.99688770 -0.10610180 1.00000000

-0.79635930 -0.60347860 -0.04031661 0.00000000
-0.53246050 0.73113730 -0.42652540 0.00000000
0.28687610 -0.31820040 -0.90357650 0.00000000
-0.26139120 0.96664700 -0.05777195 1.00000000

-0.95452210 -0.15404400 -0.25526090 0.00000000
-0.05734986 0.93505610 -0.34983030 0.00000000
0.29257250 -0.31928150 -0.90136600 0.00000000
-0.28342550 0.99826200 -0.07592984 1.00000000

0.79896660 -0.21166640 -0.56289400 0.00000000
-0.47210710 -0.80056570 -0.36906570 0.00000000
-0.37251490 0.56061730 -0.73955450 0.00000000
-0.18888780 1.01379500 -0.18384430 1.00000000

0.04708144 -0.82704120 -0.56016620 0.00000000
-0.94618200 -0.21668420 0.24039130 0.00000000
-0.32019270 0.51870110 -0.79273300 0.00000000
-0.21561220 0.96576050 -0.20679570 1.00000000

-0.03012614 -0.84806140 -0.52904080 0.00000000
-0.99706570 -0.01176719 0.07564053 0.00000000
-0.07037303 0.52976720 -0.84521840 0.00000000
-0.01353995 1.03662400 -0.11552610 1.00000000

-0.47116360 -0.48863100 -0.73433290 0.00000000
-0.07155356 -0.80861580 0.58396960 0.00000000
-0.87913890 0.32768930 0.34602700 0.00000000
0.17518200 1.31151400 -0.18166800 1.00000000

-0.41530140 -0.07384597 -0.90668180 0.00000000
-0.21403080 -0.96078770 0.17628850 0.00000000
-0.88414700 0.26727060 0.38321120 0.00000000
0.17802770 1.30871100 -0.17494950 1.00000000

-0.36676650 -0.08955602 -0.92599250 0.00000000
-0.21398010 -0.96054810 0.17765100 0.00000000
-0.90537020 0.26330040 0.33313360 0.00000000
0.15235000 1.19344500 -0.15363140 1.00000000

0.91823140 0.25764480 -0.30078280 0.00000000
-0.38657730 0.74813510 -0.53930660 0.00000000
0.08607677 0.61148410 0.78656080 0.00000000
-0.04043911 1.47446900 -0.05156145 1.00000000

0.98876170 0.14654400 0.02958664 0.00000000
-0.13275240 0.95164160 -0.27704720 0.00000000
-0.06875542 0.27000600 0.96040070 0.00000000
-0.07677744 1.54479400 -0.10225630 1.00000000

0.98876170 0.14654400 0.02958664 0.00000000
-0.11488580 0.87143510 -0.47686690 0.00000000
-0.09566486 0.46810870 0.87847750 0.00000000
-0.08071712 1.59764100 -0.23235180 1.00000000

0.98876170 0.14654400 0.02958664 0.00000000
0.10062000 -0.79868370 0.59327910 0.00000000
0.11057190 -0.58363480 -0.80445310 0.00000000
-0.01750609 1.58999600 -0.20300070 1.00000000

0.98876170 0.14654400 0.02958664 0.00000000
-0.10391470 0.81595180 -0.56870410 0.00000000
-0.10748130 0.55923830 0.82200990 0.00000000
-0.14036230 1.56981400 -0.20517140 1.00000000

0.98874320 0.14663390 0.02975622 0.00000000
0.11510690 -0.87251570 0.47483390 0.00000000
0.09558949 -0.46606360 -0.87957250 0.00000000
-0.04453454 1.61461300 -0.19322900 1.00000000

0.98877160 0.14649590 0.02949640 0.00000000
-0.11488480 0.87142980 -0.47687710 0.00000000
-0.09556457 0.46813370 0.87847500 0.00000000
-0.12248980 1.60306000 -0.19556180 1.00000000

0.95707130 0.27739510 -0.08406341 0.00000000
0.28304660 -0.83194760 0.47722950 0.00000000
0.06244478 -0.48053650 -0.87474870 0.00000000
-0.06191937 1.60405500 -0.23376040 1.00000000

0.96629620 0.25741310 -0.00319138 0.00000000
-0.22752310 0.84816180 -0.47838770 0.00000000
-0.12043650 0.46299030 0.87814280 0.00000000
-0.09698877 1.59959600 -0.23614240 1.00000000

0.96881230 0.16501990 0.18485440 0.00000000
0.10894920 -0.95369060 0.28036500 0.00000000
0.22255980 -0.25148140 -0.94192610 0.00000000
-0.00908196 1.63090100 -0.19119410 1.00000000

0.98876460 0.13322770 -0.06778723 0.00000000
-0.14873440 0.92213060 -0.35714570 0.00000000
0.01492703 0.36321530 0.93158560 0.00000000
-0.16137360 1.60964900 -0.19723760 1.00000000

0.96745520 0.25303570 -0.00187770 0.00000000
0.22244830 -0.84692340 0.48294660 0.00000000
0.12061260 -0.46764690 -0.87564780 0.00000000
-0.04459878 1.61512500 -0.19361660 1.00000000

0.99742730 0.03817882 0.06067270 0.00000000
-0.00503591 0.88160120 -0.47196840 0.00000000
-0.07150823 0.47044860 0.87952530 0.00000000
-0.12249110 1.60307100 -0.19556960 1.00000000

0.98623590 0.16396200 0.02133802 0.00000000
-0.13658030 0.88058820 -0.45377320 0.00000000
-0.09319159 0.44461320 0.89086160 0.00000000
-0.08203588 1.58584100 -0.12983410 1.00000000

0.94289020 0.32806780 -0.05770269 0.00000000
0.32237050 -0.85509370 0.40606920 0.00000000
0.08387700 -0.40148020 -0.91201870 0.00000000
-0.05320738 1.51426200 -0.22138760 1.00000000

0.98688940 0.15967150 0.02354765 0.00000000
-0.13293850 0.88690440 -0.44241150 0.00000000
-0.09152502 0.43348080 0.89650290 0.00000000
-0.06808451 1.51315700 -0.22472470 1.00000000

0.99489500 -0.01062879 0.10035370 0.00000000
0.04989548 0.91619240 -0.39762060 0.00000000
-0.08771706 0.40059800 0.91204540 0.00000000
-0.08576469 1.51058200 -0.22028480 1.00000000

0.98255740 0.18505490 0.01832345 0.00000000
0.15101840 -0.85155020 0.50205170 0.00000000
0.10851050 -0.49052740 -0.86464360 0.00000000
-0.04786694 1.52794600 -0.20738070 1.00000000

0.99013820 0.13625120 0.03258672 0.00000000
-0.10180210 0.85956620 -0.50078180 0.00000000
-0.09624264 0.49252580 0.86495990 0.00000000
-0.09827678 1.52054500 -0.20591810 1.00000000

0.97567120 0.21871020 0.01522902 0.00000000
0.17613130 -0.82329760 0.53959170 0.00000000
0.13055210 -0.52378170 -0.84178910 0.00000000
-0.05688170 1.53809200 -0.22128470 1.00000000

0.98767140 0.15412780 0.02738428 0.00000000
-0.11551860 0.83566160 -0.53695910 0.00000000
-0.10564440 0.52717570 0.84316360 0.00000000
-0.07143022 1.53456100 -0.22596090 1.00000000

0.99458900 0.09767948 0.03537762 0.00000000
-0.06237952 0.83381640 -0.54850600 0.00000000
-0.08307627 0.54333120 0.83539780 0.00000000
-0.08979620 1.53418900 -0.22089310 1.00000000

0.98870720 0.14693390 0.02947304 0.00000000
0.10173420 -0.80249230 0.58792530 0.00000000
0.11003810 -0.57828750 -0.80837820 0.00000000
-0.05999874 1.56836200 -0.22157110 1.00000000

0.98870720 0.14693390 0.02947304 0.00000000
-0.10173420 0.80249230 -0.58792510 0.00000000
-0.11003810 0.57828750 0.80837820 0.00000000
-0.07492380 1.56090100 -0.24397790 1.00000000

0.98870720 0.14693390 0.02947304 0.00000000
-0.10173420 0.80249230 -0.58792510 0.00000000
-0.11003810 0.57828750 0.80837820 0.00000000
-0.09263423 1.56290000 -0.22237240 1.00000000

0.98876170 0.14654400 0.02958664 0.00000000
0.02674010 -0.36806550 0.92941520 0.00000000
0.14709000 -0.91817920 -0.36784770 0.00000000
-0.09222813 1.63370800 -0.02630287 1.00000000

0.98876170 0.14654400 0.02958664 0.00000000
-0.12986570 0.93995370 -0.31562900 0.00000000
-0.07406351 0.30823960 0.94842140 0.00000000
-0.09566061 1.68350800 -0.15825940 1.00000000

0.46822800 -0.83558450 0.28733420 0.00000000
0.36700450 -0.11189920 -0.92346440 0.00000000
0.80378510 0.53784470 0.25426900 0.00000000
-0.05129431 1.45036400 0.03154493 1.00000000

0.80695100 -0.33492490 0.48647210 0.00000000
0.58398190 0.57558790 -0.57241920 0.00000000
-0.08829027 0.74600510 0.66006140 0.00000000
-0.13346650 1.47541800 0.23830870 1.00000000

0.80696110 -0.33492840 0.48645340 0.00000000
-0.19371570 0.62798960 0.75372610 0.00000000
-0.55793190 -0.70246120 0.44188240 0.00000000
-0.29787900 1.31337300 0.39946290 1.00000000

0.97749630 0.14038400 -0.15745880 0.00000000
0.02359807 0.66896470 0.74291930 0.00000000
0.20962840 -0.72991660 0.65059790 0.00000000
-0.25115690 1.16151600 0.21704820 1.00000000

-0.97565180 -0.20003590 0.08994007 0.00000000
0.20962840 -0.72991660 0.65059790 0.00000000
-0.06449407 0.65361090 0.75407770 0.00000000
-0.20970630 1.09571000 0.11397490 1.00000000

0.96211420 0.27263610 0.00239503 0.00000000
-0.13896690 0.48280890 0.86462910 0.00000000
0.23457290 -0.83220480 0.50240490 0.00000000
-0.26402020 1.10148800 0.06597013 1.00000000

0.01829627 0.49194360 0.87043480 0.00000000
-0.95774470 -0.24130750 0.15651140 0.00000000
0.28703740 -0.83651780 0.46674150 0.00000000
-0.25737120 1.07838900 0.02460324 1.00000000

0.16543350 0.73612470 0.65631720 0.00000000
-0.94235370 -0.07828117 0.32533280 0.00000000
0.29086280 -0.67230370 0.68073950 0.00000000
-0.25764640 1.07193000 0.09001067 1.00000000

-0.82575800 0.18183690 0.53390940 0.00000000
-0.48134770 -0.72059420 -0.49904740 0.00000000
0.29398680 -0.66908820 0.68256320 0.00000000
-0.21056800 1.07655600 0.07440960 1.00000000

0.30657790 0.71779930 0.62511940 0.00000000
-0.89016550 -0.01635434 0.45534370 0.00000000
0.33706880 -0.69605790 0.63394620 0.00000000
-0.24508680 1.04487800 0.11474550 1.00000000

-0.71336670 0.27341730 0.64525260 0.00000000
-0.57633440 -0.75271080 -0.31822180 0.00000000
0.39868130 -0.59889010 0.69453880 0.00000000
-0.20330040 1.04564600 0.09336996 1.00000000

0.18734190 0.72240920 0.66560330 0.00000000
-0.86746940 -0.19624200 0.45714980 0.00000000
0.46086870 -0.66303380 0.58990360 0.00000000
-0.23306170 1.02145800 0.13800880 1.00000000

-0.59816530 0.43340970 0.67405800 0.00000000
-0.61741190 -0.78547200 -0.04284939 0.00000000
0.51088240 -0.44180250 0.73743440 0.00000000
-0.19597640 1.03041100 0.11905470 1.00000000

0.37579750 -0.92041070 -0.10779700 0.00000000
-0.88497460 -0.39095240 0.25293430 0.00000000
-0.27494700 0.00034559 -0.96145930 0.00000000
-0.25212770 1.17046900 0.12072370 1.00000000

-0.95940670 -0.28039890 -0.03025422 0.00000000
-0.24776810 0.78675760 0.56535210 0.00000000
-0.13472150 0.54989870 -0.82429460 0.00000000
-0.20557870 1.19234400 0.10474710 1.00000000

0.96760510 -0.00449279 0.25242820 0.00000000
-0.19371570 0.62798960 0.75372610 0.00000000
-0.16190860 -0.77820860 0.60677580 0.00000000
-0.27250550 1.23072900 0.30012170 1.00000000

0.97938950 -0.20005520 0.02782443 0.00000000
0.17714360 0.78458320 -0.59417950 0.00000000
0.09703821 0.58686190 0.80385100 0.00000000
-0.11113180 1.47491200 0.19899240 1.00000000

0.80374490 -0.50887220 0.30829090 0.00000000
0.58398190 0.57558790 -0.57241920 0.00000000
0.11383970 0.64011510 0.75979820 0.00000000
-0.13346650 1.47541800 0.23830870 1.00000000

0.80162510 -0.52301700 0.28956950 0.00000000
0.58286290 0.57606200 -0.57308240 0.00000000
0.13292190 0.62817640 0.76663300 0.00000000
-0.20341010 1.40629100 0.30707860 1.00000000

0.77387960 0.01631325 -0.63312260 0.00000000
0.08419377 0.98814560 0.12837280 0.00000000
0.62771150 -0.15265010 0.76333240 0.00000000
-0.03493002 0.97864480 -0.13320000 1.00000000

0.77077380 -0.01957302 -0.63680810 0.00000000
0.10605770 0.98952350 0.09795491 0.00000000
0.62821930 -0.14303950 0.76477460 0.00000000
-0.15029070 0.98855540 -0.04890495 1.00000000

0.77724560 -0.00998705 -0.62911810 0.00000000
-0.08463733 -0.99244620 -0.08881062 0.00000000
-0.62347890 0.12227450 -0.77221970 0.00000000
-0.09499349 0.98437480 0.14575650 1.00000000

1.00000000 0.00000000 0.00000000 0.00000000
0.00000000 1.00000000 0.00000000 0.00000000
0.00000000 0.00000000 1.00000000 0.00000000
0.00000000 0.00000000 0.00000000 1.00000000

1.00000000 0.00000000 0.00000000 0.00000000
0.00000000 1.00000000 0.00000000 0.00000000
0.00000000 0.00000000 1.00000000 0.00000000
0.00000000 0.00000000 0.00000000 1.00000000

0.98876170 0.14654400 0.02958664 0.00000000
-0.12986560 0.93995360 -0.31562900 0.00000000
-0.07406354 0.30823960 0.94842130 0.00000000
-0.07481471 1.53171600 -0.10308140 1.00000000

0.77211190 -0.01346538 -0.63534390 0.00000000
-0.01666940 0.99900230 -0.04143046 0.00000000
0.63526800 0.04257976 0.77111710 0.00000000
0.02692205 0.85420230 0.04658451 1.00000000

0.97144530 0.18393540 0.14987300 0.00000000
0.23478810 -0.83625480 -0.49553260 0.00000000
0.03418595 0.51657120 -0.85556150 0.00000000
0.12634620 0.82114400 -0.04047471 1.00000000

0.97144530 0.18393540 0.14987300 0.00000000
0.15930530 -0.97376470 0.16249390 0.00000000
0.17582940 -0.13397840 -0.97526090 0.00000000
0.22026150 0.48664210 -0.23868770 1.00000000

0.99760540 0.05893749 0.03619367 0.00000000
0.05904575 -0.99825360 -0.00192774 0.00000000
0.03601685 0.00406023 -0.99934290 0.00000000
0.27741250 0.13938410 -0.18294720 1.00000000

0.99738200 0.06485794 0.03197587 0.00000000
0.06365813 -0.99727790 0.03721406 0.00000000
0.03430241 -0.03508110 -0.99879560 0.00000000
0.28849940 0.03593218 -0.32007730 1.00000000

0.58385550 -0.23983280 -0.77562430 0.00000000
0.33856930 0.94025710 -0.03587936 0.00000000
0.73789130 -0.24165420 0.63017430 0.00000000
-0.07830074 0.82471250 0.12792210 1.00000000

0.58385430 -0.23983260 -0.77562510 0.00000000
-0.26292540 0.84802370 -0.46013710 0.00000000
0.76810440 0.47258460 0.43206420 0.00000000
-0.21372880 0.44861050 0.14227430 1.00000000

0.31682240 -0.06972314 -0.94591870 0.00000000
-0.00930868 0.99701800 -0.07660745 0.00000000
0.94843930 0.03307623 0.31522860 0.00000000
-0.12174500 0.14540580 0.30526950 1.00000000

0.31832720 -0.09139277 -0.94356500 0.00000000
-0.13697500 0.98046270 -0.14117740 0.00000000
0.93803290 0.17418550 0.29958940 0.00000000
-0.25072940 0.03699422 0.27005850 1.00000000

0.78080440 -0.01466378 -0.62460340 0.00000000
-0.00182945 0.99966660 -0.02575607 0.00000000
0.62477280 0.02125314 0.78051720 0.00000000
0.02464825 0.99047170 0.04093317 1.00000000

0.80476830 -0.03781672 -0.59238320 0.00000000
-0.04285928 0.99166180 -0.12153140 0.00000000
0.59203980 0.12319380 0.79643700 0.00000000
0.02433262 1.16294300 0.03648949 1.00000000

0.70890970 -0.09861134 -0.69837130 0.00000000
-0.32100570 0.83656570 -0.44397430 0.00000000
0.62801450 0.53891890 0.56139480 0.00000000
0.01629173 1.34899100 0.01368879 1.00000000

-0.32496350 0.42478080 -0.84496150 0.00000000
0.62155680 -0.57745990 -0.52934600 0.00000000
-0.71278740 -0.69720980 -0.07637215 0.00000000
0.04715982 1.43795600 -0.05816948 1.00000000

-0.05051991 -0.16830740 -0.98443910 0.00000000
-0.21365750 -0.96105640 0.17527420 0.00000000
-0.97560150 0.21918780 0.01259229 0.00000000
0.18632600 1.30866300 -0.17668970 1.00000000

-0.07494184 -0.22289930 -0.97195650 0.00000000
-0.99696670 -0.00378310 0.07773784 0.00000000
-0.02100475 0.97483440 -0.22193960 0.00000000
0.12617310 1.03808800 -0.12734390 1.00000000

0.52326910 -0.84875210 0.07622345 0.00000000
-0.84960900 -0.52653300 -0.03045928 0.00000000
0.06598639 -0.04882184 -0.99662550 0.00000000
-0.11500820 1.03713400 -0.10870760 1.00000000

-0.36778640 0.92728890 -0.06977616 0.00000000
0.06598637 -0.04882176 -0.99662560 0.00000000
-0.92756610 -0.37114950 -0.04323247 0.00000000
-0.20207890 1.01962400 -0.11586900 1.00000000

-0.84342300 -0.53719810 -0.00746056 0.00000000
-0.52282050 0.82388810 -0.21878680 0.00000000
0.12367850 -0.18062940 -0.97574410 0.00000000
-0.24242810 0.95630840 -0.17055060 1.00000000

-0.98659690 0.09041418 -0.13583790 0.00000000
0.11232700 0.98013560 -0.16345510 0.00000000
0.11836090 -0.17652270 -0.97715420 0.00000000
-0.26744170 0.99572630 -0.18101810 1.00000000

-0.72066740 -0.68671830 0.09516701 0.00000000
-0.68821070 0.69205320 -0.21778140 0.00000000
0.08369383 -0.22244300 -0.97134660 0.00000000
-0.24557860 0.95581570 -0.13205250 1.00000000

-0.97529920 0.18144220 -0.12597710 0.00000000
0.20460170 0.95699720 -0.20565730 0.00000000
0.08324474 -0.22635250 -0.97048170 0.00000000
-0.27916230 0.99092830 -0.14302520 1.00000000

-0.83975910 -0.53848750 0.06954303 0.00000000
-0.53269180 0.79230210 -0.29748510 0.00000000
0.10509290 -0.28686100 -0.95219040 0.00000000
-0.25002620 0.96188780 -0.09404347 1.00000000

-0.99055520 0.05194884 -0.12689360 0.00000000
0.08612836 0.95582620 -0.28103120 0.00000000
0.10668910 -0.28930620 -0.95127250 0.00000000
-0.27503210 0.99908070 -0.10800820 1.00000000

-0.79774390 -0.60143860 -0.04331976 0.00000000
-0.52991730 0.73353210 -0.42558060 0.00000000
0.28773700 -0.31654840 -0.90388310 0.00000000
-0.25321940 0.96866140 -0.05971769 1.00000000

-0.95442940 -0.15106490 -0.25737900 0.00000000
-0.05445386 0.93609790 -0.34750010 0.00000000
0.29342690 -0.31764920 -0.90166510 0.00000000
-0.27514420 1.00037700 -0.07783290 1.00000000

0.79946770 -0.21214180 -0.56200310 0.00000000
-0.47337620 -0.79845770 -0.37199580 0.00000000
-0.36981990 0.56343750 -0.73876370 0.00000000
-0.18037430 1.01596100 -0.18553610 1.00000000

0.04609108 -0.82569610 -0.56222950 0.00000000
-0.94713660 -0.21501170 0.23812300 0.00000000
-0.31750320 0.52153280 -0.79195670 0.00000000
-0.20717350 0.96805080 -0.20866050 1.00000000

-0.03803152 -0.84776890 -0.52900050 0.00000000
-0.99696670 -0.00378310 0.07773784 0.00000000
-0.06790495 0.53035240 -0.84505330 0.00000000
-0.00512410 1.03755100 -0.11727570 1.00000000

-0.47283930 -0.48748120 -0.73401980 0.00000000
-0.07024574 -0.80952050 0.58287390 0.00000000
-0.87834420 0.32716770 0.34852960 0.00000000
0.18336230 1.31160800 -0.18331940 1.00000000

-0.41735590 -0.07242177 -0.90585270 0.00000000
-0.21365750 -0.96105640 0.17527420 0.00000000
-0.88326930 0.26669410 0.38562900 0.00000000
0.18632600 1.30866300 -0.17668970 1.00000000

-0.36884880 -0.08810841 -0.92530390 0.00000000
-0.21360160 -0.96081930 0.17663700 0.00000000
-0.90461310 0.26279890 0.33557690 0.00000000
0.16069380 1.19336400 -0.15549330 1.00000000

0.91765850 0.25665910 -0.30336250 0.00000000
-0.38739290 0.74782540 -0.53915100 0.00000000
0.08848417 0.61227700 0.78567620 0.00000000
-0.03185913 1.47447600 -0.05290744 1.00000000

0.98888300 0.14586950 0.02884856 0.00000000
-0.13226290 0.95154460 -0.27761420 0.00000000
-0.06794608 0.27071240 0.96025930 0.00000000
-0.06827414 1.54477100 -0.10358770 1.00000000

0.98888300 0.14586950 0.02884856 0.00000000
-0.11458160 0.87118850 -0.47739030 0.00000000
-0.09476924 0.46877770 0.87821760 0.00000000
-0.07226063 1.59753200 -0.23371680 1.00000000

0.98888300 0.14586950 0.02884856 0.00000000
0.10044200 -0.79834750 0.59376190 0.00000000
0.10964280 -0.58426340 -0.80412370 0.00000000
-0.00903611 1.58986200 -0.20440120 1.00000000

0.98888300 0.14586950 0.02884856 0.00000000
-0.10370870 0.81563460 -0.56919640 0.00000000
-0.10655830 0.55987690 0.82169520 0.00000000
-0.13190790 1.56976600 -0.20647890 1.00000000

0.98886480 0.14595950 0.02901804 0.00000000
0.11480060 -0.87227060 0.47535790 0.00000000
0.09469467 -0.46673340 -0.87931410 0.00000000
-0.03604094 1.61450600 -0.19462900 1.00000000

0.98889280 0.14582140 0.02875850 0.00000000
-0.11458050 0.87118320 -0.47740040 0.00000000
-0.09466892 0.46880270 0.87821510 0.00000000
-0.11400580 1.60300600 -0.19690360 1.00000000

0.95721140 0.27666490 -0.08487082 0.00000000
0.28277020 -0.83181890 0.47761730 0.00000000
0.06154296 -0.48117970 -0.87445890 0.00000000
-0.05345931 1.60393200 -0.23514190 1.00000000

0.96647440 0.25673190 -0.00399098 0.00000000
-0.22723610 0.84799340 -0.47882240 0.00000000
-0.11954460 0.46367660 0.87790260 0.00000000
-0.08853334 1.59949500 -0.23749820 1.00000000

0.96904680 0.16446590 0.18411650 0.00000000
0.10846030 -0.95357460 0.28094870 0.00000000
0.22177510 -0.25228320 -0.94189670 0.00000000
-0.00057560 1.63076900 -0.19262810 1.00000000

0.98881390 0.13248650 -0.06851608 0.00000000
-0.14831730 0.92198990 -0.35768210 0.00000000
0.01578316 0.36384320 0.93132650 0.00000000
-0.15288590 1.60962100 -0.19855880 1.00000000

0.96763100 0.25235450 -0.00267512 0.00000000
0.22216500 -0.84674820 0.48338390 0.00000000
0.11971900 -0.46833160 -0.87540440 0.00000000
-0.03610507 1.61501700 -0.19501690 1.00000000

0.99749270 0.03751957 0.06000328 0.00000000
-0.00472146 0.88128080 -0.47256960 0.00000000
-0.07061026 0.47110150 0.87924830 0.00000000
-0.11400710 1.60301600 -0.19691150 1.00000000

0.98636420 0.16328360 0.02058962 0.00000000
-0.13625480 0.88037270 -0.45428900 0.00000000
-0.09230453 0.44528900 0.89061630 0.00000000
-0.07352152 1.58580300 -0.13119020 1.00000000

0.94308280 0.32736550 -0.05853564 0.00000000
0.32203190 -0.85504150 0.40644760 0.00000000
0.08300650 -0.40216410 -0.91179700 0.00000000
-0.04480242 1.51414100 -0.22271310 1.00000000

0.98701620 0.15899410 0.02280185 0.00000000
-0.13260120 0.88669430 -0.44293390 0.00000000
-0.09064218 0.43415950 0.89626430 0.00000000
-0.05968248 1.51304500 -0.22604000 1.00000000

0.99495180 -0.01125910 0.09971941 0.00000000
0.05028218 0.91588440 -0.39828100 0.00000000
-0.08684719 0.40128460 0.91182700 0.00000000
-0.07736157 1.51048500 -0.22158690 1.00000000

0.98269870 0.18437690 0.01756293 0.00000000
0.15074420 -0.85131160 0.50253800 0.00000000
0.10760800 -0.49119600 -0.86437650 0.00000000
-0.03944330 1.52783100 -0.20871900 1.00000000

0.99025440 0.13557780 0.03185481 0.00000000
-0.10152160 0.85929400 -0.50130550 0.00000000
-0.09533855 0.49318610 0.86468370 0.00000000
-0.08985737 1.52046600 -0.20721890 1.00000000

0.97583400 0.21803500 0.01444986 0.00000000
0.17590120 -0.82305110 0.54004250 0.00000000
0.12964110 -0.52445000 -0.84151360 0.00000000
-0.04845992 1.53797400 -0.22262430 1.00000000

0.98779680 0.15345250 0.02664173 0.00000000
-0.11527820 0.83537450 -0.53745750 0.00000000
-0.10473020 0.52782760 0.84286980 0.00000000
-0.06301396 1.53444900 -0.22728860 1.00000000

0.99467980 0.09700487 0.03466925 0.00000000
-0.06214789 0.83348390 -0.54903740 0.00000000
-0.08215556 0.54396190 0.83507840 0.00000000
