MeshAnim
1
35
83
30
0.77101240 -0.00988551 -0.63674350 0.00000000
-0.01891703 0.99908270 -0.03841688 0.00000000
0.63653920 0.04166519 0.77011810 0.00000000
0.01057782 0.87642340 0.04061815 1.00000000

0.97381820 0.18073090 0.13789330 0.00000000
0.22147860 -0.89100520 -0.39630440 0.00000000
0.05123910 0.41646890 -0.90770510 0.00000000
0.10991930 0.84384190 -0.04671482 1.00000000

0.97381820 0.18073090 0.13789330 0.00000000
0.17281900 -0.98264210 0.06744002 0.00000000
0.14768820 -0.04184372 -0.98814850 0.00000000
0.19851070 0.48743990 -0.20523660 1.00000000

0.99760330 0.05889728 0.03631419 0.00000000
0.05900377 -0.99825610 -0.00186501 0.00000000
0.03614086 0.00400324 -0.99933870 0.00000000
0.26041450 0.13722260 -0.18339320 1.00000000

0.99738090 0.06481752 0.03209594 0.00000000
0.06361135 -0.99727850 0.03727721 0.00000000
0.03442466 -0.03513793 -0.99878940 0.00000000
0.27151410 0.03376257 -0.32051610 1.00000000

0.57722410 -0.23685460 -0.78148080 0.00000000
0.25991580 0.96052860 -0.09913989 0.00000000
0.77411630 -0.14589330 0.61600250 0.00000000
-0.09443626 0.84646160 0.12205290 1.00000000

0.57722340 -0.23685460 -0.78148130 0.00000000
-0.18509610 0.89415000 -0.40771970 0.00000000
0.79533180 0.37999450 0.47228340 0.00000000
-0.19840290 0.46225110 0.16170940 1.00000000

0.31513080 -0.07407244 -0.94615330 0.00000000
-0.00302961 0.99686600 -0.07905167 0.00000000
0.94904340 0.02777810 0.31391870 0.00000000
-0.13421080 0.14281600 0.30593880 1.00000000

0.31649990 -0.09574541 -0.94374820 0.00000000
-0.13088370 0.98096970 -0.14341540 0.00000000
0.93951980 0.16891220 0.29794540 0.00000000
-0.26393210 0.03514618 0.27116180 1.00000000

0.78026340 -0.01236932 -0.62532880 0.00000000
-0.00303016 0.99971800 -0.02355586 0.00000000
0.62544380 0.02027462 0.78000580 0.00000000
0.00799744 1.01270400 0.03537787 1.00000000

0.80547570 -0.03618791 -0.59152300 0.00000000
-0.04353752 0.99182340 -0.11996220 0.00000000
0.59102760 0.12238010 0.79731400 0.00000000
0.00747464 1.18518400 0.03131380 1.00000000

0.83185750 -0.04862344 -0.55285530 0.00000000
-0.19325780 0.90843030 -0.37068280 0.00000000
0.52025440 0.41519880 0.74628770 0.00000000
-0.00069350 1.37126200 0.00880748 1.00000000

-0.04703373 0.82428230 -0.56422200 0.00000000
0.88598000 -0.22644630 -0.40467490 0.00000000
-0.46133240 -0.51892270 -0.71964700 0.00000000
0.04736536 1.46698100 -0.04178363 1.00000000

0.50629110 0.14470610 -0.85013500 0.00000000
0.45731030 -0.88084160 0.12241460 0.00000000
-0.73112010 -0.45075290 -0.51213790 0.00000000
0.24573570 1.41628000 -0.13239020 1.00000000

0.50629200 0.14470460 -0.85013470 0.00000000
-0.05187273 -0.97892560 -0.19751920 0.00000000
-0.86080070 0.14410120 -0.48811590 0.00000000
0.37448650 1.16828900 -0.09792626 1.00000000

0.54981020 0.04908334 -0.83384630 0.00000000
-0.33723660 -0.90025070 -0.27535470 0.00000000
-0.76418610 0.43259640 -0.47841440 0.00000000
0.36202620 0.93150950 -0.14585410 1.00000000

-0.48289670 0.10798920 0.86899320 0.00000000
-0.76418610 0.43259640 -0.47841420 0.00000000
-0.42758690 -0.89509710 -0.12637570 0.00000000
0.31500030 0.85585390 -0.14384400 1.00000000

-0.48893810 -0.86350650 -0.12367930 0.00000000
-0.45498200 0.13147400 0.88074200 0.00000000
-0.74426560 0.48690000 -0.45716220 0.00000000
0.26530770 0.81863840 -0.21292790 1.00000000

-0.36097090 0.26224030 0.89494740 0.00000000
0.56185260 0.82708760 -0.01573622 0.00000000
-0.74432650 0.49714780 -0.44589480 0.00000000
0.24353970 0.82492870 -0.17079000 1.00000000

-0.42092680 -0.89637490 -0.13904250 0.00000000
-0.49023810 0.09583190 0.86630440 0.00000000
-0.76320860 0.43281460 -0.47977520 0.00000000
0.29511090 0.80045710 -0.19639070 1.00000000

-0.40167800 0.27013480 0.87503290 0.00000000
0.50695430 0.86133380 -0.03319149 0.00000000
-0.76266130 0.43026940 -0.48292470 0.00000000
0.27106920 0.80610100 -0.15313200 1.00000000

-0.44316300 -0.89438760 -0.06064481 0.00000000
-0.46359310 0.17075420 0.86943920 0.00000000
-0.76726030 0.41341770 -0.49030380 0.00000000
0.32218360 0.78410850 -0.17400480 1.00000000

-0.41160820 0.28039100 0.86715630 0.00000000
0.49379150 0.86834240 -0.04638919 0.00000000
-0.76599560 0.40910010 -0.49587140 0.00000000
0.30042140 0.79212420 -0.13319100 1.00000000

-0.45813240 -0.88574620 -0.07462224 0.00000000
-0.44144000 0.15384970 0.88400300 0.00000000
-0.77152160 0.43793150 -0.46148710 0.00000000
0.34673960 0.77054910 -0.15285100 1.00000000

-0.34230820 0.36607650 0.86534010 0.00000000
0.56803660 0.81424380 -0.11975840 0.00000000
-0.74843820 0.45055030 -0.48666710 0.00000000
0.32828400 0.77782160 -0.11515170 1.00000000

-0.52288870 0.44035320 -0.72984710 0.00000000
-0.73572840 -0.66553810 0.12555000 0.00000000
-0.43045470 0.60261770 0.67198270 0.00000000
0.27059680 0.89999080 -0.18150450 1.00000000

-0.92379000 -0.21240410 -0.31858540 0.00000000
0.01131627 -0.84681530 0.53176700 0.00000000
-0.38273230 0.48763590 0.78468300 0.00000000
0.22588290 0.86112710 -0.17529490 1.00000000

0.54333910 0.13828460 -0.82804600 0.00000000
-0.05187273 -0.97892560 -0.19751920 0.00000000
-0.83790930 0.15027290 -0.52471530 0.00000000
0.36774360 1.03940500 -0.12408380 1.00000000

0.61206780 -0.28522140 -0.73757840 0.00000000
0.15250120 -0.87261460 0.46399040 0.00000000
-0.77596160 -0.39647520 -0.49060280 0.00000000
0.25476550 1.41615500 -0.14135390 1.00000000

0.46118140 0.11720100 -0.87953150 0.00000000
0.45731030 -0.88084160 0.12241460 0.00000000
-0.76038070 -0.45867420 -0.45982500 0.00000000
0.24573570 1.41628000 -0.13239020 1.00000000

0.49721260 0.13751450 -0.85666170 0.00000000
0.45659840 -0.88104770 0.12358400 0.00000000
-0.73776530 -0.45259780 -0.50085710 0.00000000
0.30052750 1.31055400 -0.11756010 1.00000000

0.97226250 0.21654080 -0.08840632 0.00000000
-0.23160730 0.83863510 -0.49300000 0.00000000
-0.03261408 0.49980100 0.86552600 0.00000000
-0.02968216 1.50752700 -0.04679494 1.00000000

0.98863640 0.14725980 0.03020814 0.00000000
-0.13331210 0.95171930 -0.27651040 0.00000000
-0.06946856 0.26934110 0.96053610 0.00000000
-0.05145331 1.58635800 -0.09313713 1.00000000

0.98863640 0.14725980 0.03020814 0.00000000
-0.11527930 0.87165400 -0.47637170 0.00000000
-0.09648156 0.46747600 0.87872490 0.00000000
-0.05536288 1.63928600 -0.22320090 1.00000000

0.98863640 0.14725980 0.03020814 0.00000000
0.10089730 -0.79898770 0.59282280 0.00000000
0.11143490 -0.58303820 -0.80476640 0.00000000
0.00783814 1.63166900 -0.19382090 1.00000000

0.98863640 0.14725980 0.03020814 0.00000000
-0.10421790 0.81623760 -0.56823840 0.00000000
-0.10833560 0.55863290 0.82230950 0.00000000
-0.11500190 1.61139700 -0.19607020 1.00000000

0.98861790 0.14734970 0.03037786 0.00000000
0.11550220 -0.87273310 0.47433810 0.00000000
0.09640533 -0.46543030 -0.87981870 0.00000000
-0.01921379 1.65626000 -0.18404790 1.00000000

0.98864630 0.14721180 0.03011796 0.00000000
-0.11527820 0.87164860 -0.47638180 0.00000000
-0.09638131 0.46750110 0.87872240 0.00000000
-0.09715916 1.64465000 -0.18642970 1.00000000

0.95690940 0.27815990 -0.08337528 0.00000000
0.28341030 -0.83204160 0.47684920 0.00000000
0.06326881 -0.47993090 -0.87502210 0.00000000
-0.03656913 1.64571500 -0.22459540 1.00000000

0.96610590 0.25813310 -0.00251094 0.00000000
-0.22789840 0.84829800 -0.47796740 0.00000000
-0.12124920 0.46233940 0.87837400 0.00000000
-0.07163391 1.64123100 -0.22699890 1.00000000

0.96859060 0.16562170 0.18547710 0.00000000
0.10950860 -0.95378830 0.27981420 0.00000000
0.22324920 -0.25071390 -0.94196740 0.00000000
0.01622557 1.67257200 -0.18198370 1.00000000

0.98870120 0.13400570 -0.06717414 0.00000000
-0.14922940 0.92224780 -0.35663620 0.00000000
0.01415986 0.36263100 0.93182530 0.00000000
-0.13604690 1.65121100 -0.18812220 1.00000000

0.96726750 0.25375570 -0.00119957 0.00000000
0.22282010 -0.84706630 0.48252450 0.00000000
0.12142730 -0.46699750 -0.87588160 0.00000000
-0.01927820 1.65677200 -0.18443530 1.00000000

0.99736610 0.03888131 0.06122959 0.00000000
-0.00543961 0.88189860 -0.47140790 0.00000000
-0.07232732 0.46983330 0.87978720 0.00000000
-0.09716048 1.64466100 -0.18643770 1.00000000

0.98610220 0.16468120 0.02196941 0.00000000
-0.13699290 0.88077630 -0.45328380 0.00000000
-0.09399754 0.44397440 0.89109550 0.00000000
-0.05672754 1.62741900 -0.12069150 1.00000000

0.94267670 0.32880520 -0.05698967 0.00000000
0.32278940 -0.85511320 0.40569510 0.00000000
0.08466205 -0.40083500 -0.91223000 0.00000000
-0.02779701 1.55592000 -0.21227520 1.00000000

0.98675750 0.16038980 0.02417678 0.00000000
-0.13336180 0.88708780 -0.44191600 0.00000000
-0.09232563 0.43283970 0.89673050 0.00000000
-0.04267154 1.55480600 -0.21562110 1.00000000

0.99484900 -0.00995354 0.10087820 0.00000000
0.04942639 0.91648300 -0.39700890 0.00000000
-0.08850148 0.39994980 0.91225410 0.00000000
-0.06035216 1.55221500 -0.21119230 1.00000000

0.98240950 0.18577320 0.01896638 0.00000000
0.15138350 -0.85175820 0.50158820 0.00000000
0.10933650 -0.48989400 -0.86489840 0.00000000
-0.02247420 1.56959900 -0.19825670 1.00000000

0.99001910 0.13696620 0.03320247 0.00000000
-0.10217390 0.85981000 -0.50028720 0.00000000
-0.09707031 0.49190140 0.86522280 0.00000000
-0.07287931 1.56216000 -0.19682590 1.00000000

0.97549990 0.21942540 0.01588964 0.00000000
0.17645550 -0.82351110 0.53916000 0.00000000
0.13139070 -0.52314660 -0.84205370 0.00000000
-0.03148910 1.57974700 -0.21215920 1.00000000

0.98754180 0.15484420 0.02801016 0.00000000
-0.11585330 0.83591850 -0.53648700 0.00000000
-0.10648620 0.52655820 0.84344360 0.00000000
-0.04603248 1.57620800 -0.21684530 1.00000000

0.99449690 0.09839599 0.03597105 0.00000000
-0.06270680 0.83412020 -0.54800670 0.00000000
-0.08392587 0.54273550 0.83570020 0.00000000
-0.06440090 1.57582000 -0.21178760 1.00000000

0.98858170 0.14764970 0.03009492 0.00000000
0.10201710 -0.80279190 0.58746700 0.00000000
0.11089930 -0.57768900 -0.80868830 0.00000000
-0.03462848 1.61001500 -0.21242790 1.00000000

0.98858170 0.14764970 0.03009492 0.00000000
-0.10201710 0.80279200 -0.58746690 0.00000000
-0.11089930 0.57768890 0.80868840 0.00000000
-0.04953600 1.60255700 -0.23484740 1.00000000

0.98858170 0.14764970 0.03009492 0.00000000
-0.10201710 0.80279200 -0.58746690 0.00000000
-0.11089930 0.57768890 0.80868840 0.00000000
-0.06725945 1.60453000 -0.21325010 1.00000000

0.98863640 0.14725980 0.03020814 0.00000000
0.02651784 -0.36863930 0.92919420 0.00000000
0.14796890 -0.91783430 -0.36835530 0.00000000
-0.06701065 1.67521200 -0.01713522 1.00000000

0.98863640 0.14725980 0.03020814 0.00000000
-0.13039610 0.94005840 -0.31509800 0.00000000
-0.07479870 0.30757840 0.94857810 0.00000000
-0.07040972 1.72509400 -0.14906170 1.00000000

0.43371630 -0.84243540 0.31967630 0.00000000
0.75329000 0.14433400 -0.64165570 0.00000000
0.49441330 0.51910530 0.69719820 0.00000000
-0.05793668 1.47313500 0.02820121 1.00000000

0.05937317 -0.77198150 -0.63286610 0.00000000
0.75581820 0.44890720 -0.47667700 0.00000000
0.65208400 -0.45003010 0.61013080 0.00000000
-0.22659830 1.44081800 0.17186810 1.00000000

0.05937353 -0.77196590 -0.63288530 0.00000000
0.38350820 -0.56770740 0.72844340 0.00000000
-0.92162690 -0.28596690 0.26234840 0.00000000
-0.43938580 1.31443700 0.30607070 1.00000000

0.28278480 -0.65013250 -0.70523790 0.00000000
0.10397880 -0.71013760 0.69634260 0.00000000
-0.95353070 -0.27024490 -0.13321620 0.00000000
-0.53216920 1.45190200 0.12996480 1.00000000

-0.29099700 0.71142080 0.63968820 0.00000000
-0.95353070 -0.27024490 -0.13321620 0.00000000
0.07809973 -0.64872790 0.75700250 0.00000000
-0.52131510 1.50875400 0.01454070 1.00000000

0.29412930 -0.78411450 -0.54649110 0.00000000
-0.13028680 -0.59934020 0.78982080 0.00000000
-0.94684400 -0.16110880 -0.27844330 0.00000000
-0.49274240 1.57397700 0.02928443 1.00000000

-0.11392090 -0.71768620 0.68698510 0.00000000
-0.36193720 0.67394750 0.64404700 0.00000000
-0.92521550 -0.17527510 -0.33653380 0.00000000
-0.48650890 1.60265100 -0.00850358 1.00000000

0.22015420 -0.78342260 0.58118950 0.00000000
-0.32865070 0.50140240 0.80036520 0.00000000
-0.91843390 -0.36721190 -0.14708660 0.00000000
-0.53016830 1.56591900 0.02412322 1.00000000

-0.23254850 0.19738480 0.95234480 0.00000000
-0.32502020 0.90712260 -0.26737690 0.00000000
-0.91666960 -0.37170940 -0.14679590 0.00000000
-0.51355650 1.54021400 -0.01517651 1.00000000

0.23487920 -0.85796760 0.45686280 0.00000000
-0.35106160 0.36341030 0.86295350 0.00000000
-0.90641470 -0.36307680 -0.21584190 0.00000000
-0.56549500 1.55213300 0.01616609 1.00000000

-0.21535550 0.01698956 0.97638800 0.00000000
-0.46464610 0.87763200 -0.11775510 0.00000000
-0.85890980 -0.47903400 -0.18110890 0.00000000
-0.54901510 1.53507400 -0.02434352 1.00000000

0.20538320 -0.79947320 0.56450010 0.00000000
-0.49518570 0.41262610 0.76454620 0.00000000
-0.84416170 -0.43655730 -0.31114120 0.00000000
-0.59707530 1.53827000 0.00947135 1.00000000

-0.09434882 -0.14103920 0.98549800 0.00000000
-0.65609290 0.75333730 0.04500121 0.00000000
-0.74875930 -0.64233240 -0.16361110 0.00000000
-0.57579830 1.52006700 -0.02263308 1.00000000

-0.64813550 0.13807730 -0.74890260 0.00000000
-0.53335390 0.61963650 0.57583350 0.00000000
0.54355700 0.77264810 -0.32796450 0.00000000
-0.46843200 1.50717900 0.08262059 1.00000000

-0.28379510 0.80180410 0.52589960 0.00000000
0.28174380 -0.45451440 0.84500710 0.00000000
0.91655920 0.38797790 -0.09691429 0.00000000
-0.43775160 1.47570900 0.05149315 1.00000000

0.17550170 -0.72958120 -0.66099190 0.00000000
0.38350820 -0.56770740 0.72844340 0.00000000
-0.90670870 -0.38133890 0.18016690 0.00000000
-0.48990030 1.38933000 0.21024910 1.00000000

0.73210470 -0.59765450 -0.32685140 0.00000000
0.51637980 0.79985210 -0.30592220 0.00000000
0.44426860 0.05518766 0.89419220 0.00000000
-0.16582300 1.46390900 0.12981070 1.00000000

0.44196240 -0.88689970 -0.13445660 0.00000000
0.75581820 0.44890720 -0.47667700 0.00000000
0.48312320 0.10904860 0.86873510 0.00000000
-0.22659830 1.44081800 0.17186810 1.00000000

0.42064890 -0.89039740 -0.17391640 0.00000000
0.75574500 0.44996890 -0.47579170 0.00000000
0.50190060 0.06870475 0.86219220 0.00000000
-0.31728770 1.38682200 0.22896300 1.00000000

0.77195780 0.00070392 -0.63567330 0.00000000
0.08907329 0.99001360 0.10926630 0.00000000
0.62940220 -0.14097050 0.76418600 0.00000000
-0.04323886 1.00113300 -0.13972370 1.00000000

0.77096060 -0.01043870 -0.63679740 0.00000000
0.09347672 0.99089210 0.09692758 0.00000000
0.62998570 -0.13425310 0.76491450 0.00000000
-0.15853740 1.01079900 -0.05531527 1.00000000

0.77671390 -0.00824630 -0.62979950 0.00000000
-0.08365928 -0.99240560 -0.09018053 0.00000000
-0.62427290 0.12273310 -0.77150510 0.00000000
-0.10309580 1.00642300 0.13926640 1.00000000

1.00000000 0.00000000 0.00000000 0.00000000
0.00000000 1.00000000 0.00000000 0.00000000
0.00000000 0.00000000 1.00000000 0.00000000
0.00000000 0.00000000 0.00000000 1.00000000

1.00000000 0.00000000 0.00000000 0.00000000
0.00000000 1.00000000 0.00000000 0.00000000
0.00000000 0.00000000 1.00000000 0.00000000
0.00000000 0.00000000 0.00000000 1.00000000

0.98863640 0.14725980 0.03020814 0.00000000
-0.13039610 0.94005840 -0.31509810 0.00000000
-0.07479873 0.30757840 0.94857810 0.00000000
-0.04948043 1.57328300 -0.09396946 1.00000000

0.77336880 0.00217374 -0.63395260 0.00000000
-0.02740289 0.99917410 -0.03000318 0.00000000
0.63336380 0.04057565 0.77278970 0.00000000
0.00599178 0.87659810 0.04224383 1.00000000

0.97262190 0.18407830 0.14185210 0.00000000
0.22537710 -0.89600860 -0.38258870 0.00000000
0.05667421 0.40408430 -0.91296450 0.00000000
0.10592630 0.84561780 -0.04499511 1.00000000

0.97262190 0.18407830 0.14185210 0.00000000
0.17950290 -0.98274990 0.04451504 0.00000000
0.14759920 -0.01783346 -0.98888650 0.00000000
0.19607710 0.48721440 -0.19803060 1.00000000

0.99761210 0.05874404 0.03632224 0.00000000
0.05885109 -0.99826510 -0.00188348 0.00000000
0.03614843 0.00401660 -0.99933840 0.00000000
0.26036230 0.13701180 -0.18435720 1.00000000

0.99739060 0.06466439 0.03210407 0.00000000
0.06345851 -0.99728880 0.03725885 0.00000000
0.03442630 -0.03512435 -0.99879000 0.00000000
0.27144700 0.03355271 -0.32148210 1.00000000

0.58089800 -0.23115030 -0.78046590 0.00000000
0.25975190 0.96134140 -0.09138761 0.00000000
0.77141850 -0.14964070 0.61848310 0.00000000
-0.09905380 0.84504120 0.12303290 1.00000000

0.58089720 -0.23115030 -0.78046660 0.00000000
-0.19809720 0.88985620 -0.41099080 0.00000000
0.78950360 0.39335160 0.47112480 0.00000000
-0.20295490 0.46050550 0.15958840 1.00000000

0.31499760 -0.07474722 -0.94614450 0.00000000
-0.00314090 0.99680630 -0.07979527 0.00000000
0.94908730 0.02810703 0.31375690 0.00000000
-0.13411740 0.14257070 0.30498590 1.00000000

0.31636920 -0.09641827 -0.94372360 0.00000000
-0.13100290 0.98084930 -0.14412810 0.00000000
0.93954710 0.16922820 0.29767950 0.00000000
-0.26383320 0.03486210 0.27030860 1.00000000

0.78306000 -0.00823931 -0.62189150 0.00000000
-0.00805486 0.99969400 -0.02338708 0.00000000
0.62189390 0.02332274 0.78275410 0.00000000
0.00225387 1.01289100 0.03815123 1.00000000

0.81007540 -0.03037751 -0.58553810 0.00000000
-0.05040526 0.99135180 -0.12116520 0.00000000
0.58415500 0.12766720 0.80153850 0.00000000
0.00086416 1.18536700 0.03411625 1.00000000

0.83777830 -0.04079221 -0.54448440 0.00000000
-0.19917490 0.90565900 -0.37431420 0.00000000
0.50838640 0.42204000 0.75061680 0.00000000
-0.00859245 1.37135600 0.01138423 1.00000000

-0.04658189 0.82273570 -0.56651230 0.00000000
0.89323660 -0.21956950 -0.39232340 0.00000000
-0.44716750 -0.52430480 -0.72467010 0.00000000
0.03895032 1.46748800 -0.03891035 1.00000000

0.51265840 0.15881520 -0.84377670 0.00000000
0.46383610 -0.87822580 0.11651640 0.00000000
-0.72252190 -0.45110710 -0.52389440 0.00000000
0.23894540 1.41832700 -0.12675150 1.00000000

0.51265930 0.15881370 -0.84377650 0.00000000
-0.04916117 -0.97570250 -0.21351410 0.00000000
-0.85718370 0.15094090 -0.49239560 0.00000000
0.36953350 1.17107300 -0.09394810 1.00000000

0.55482860 0.06705938 -0.82925770 0.00000000
-0.33892700 -0.89206810 -0.29890380 0.00000000
-0.75979880 0.44689800 -0.47221680 0.00000000
0.35773020 0.93507540 -0.14574400 1.00000000

-0.48754550 0.08886537 0.86856350 0.00000000
-0.75979880 0.44689800 -0.47221680 0.00000000
-0.43012290 -0.89016030 -0.15036360 0.00000000
0.31041640 0.85957290 -0.14582770 1.00000000

-0.49137260 -0.85841050 -0.14725810 0.00000000
-0.45961370 0.11195400 0.88103470 0.00000000
-0.73980320 0.50059810 -0.44954820 0.00000000
0.26099050 0.82422130 -0.21607220 1.00000000

-0.36520790 0.24198160 0.89892640 0.00000000
0.56496300 0.82508310 0.00742513 0.00000000
-0.73989220 0.51057170 -0.43803760 0.00000000
0.23900080 0.82957760 -0.17392020 1.00000000

-0.42339400 -0.89115810 -0.16301930 0.00000000
-0.49491570 0.07680441 0.86554030 0.00000000
-0.75881250 0.44714530 -0.47356670 0.00000000
0.29063000 0.80553380 -0.19980760 1.00000000

-0.40576940 0.25050830 0.87897530 0.00000000
0.51029330 0.85994810 -0.00951375 0.00000000
-0.75825620 0.44467450 -0.47677330 0.00000000
0.26635800 0.81022540 -0.15656380 1.00000000

-0.44607850 -0.89097480 -0.08472511 0.00000000
-0.46801490 0.15152750 0.87063310 0.00000000
-0.76287380 0.42802320 -0.48458270 0.00000000
0.31751200 0.78854780 -0.17766760 1.00000000

-0.41561590 0.26098890 0.87129150 0.00000000
0.49723310 0.86732270 -0.02261384 0.00000000
-0.76159250 0.42383600 -0.49024550 0.00000000
0.29554220 0.79566090 -0.13679780 1.00000000

-0.46093460 -0.88194250 -0.09857571 0.00000000
-0.44600890 0.13419300 0.88491150 0.00000000
-0.76721290 0.45185200 -0.45520840 0.00000000
0.34189460 0.77438940 -0.15670640 1.00000000

-0.34599300 0.34642890 0.87193850 0.00000000
0.57170500 0.81472460 -0.09683929 0.00000000
-0.74393740 0.46498550 -0.47994420 0.00000000
0.32324680 0.78082210 -0.11894920 1.00000000

-0.51701580 0.45978990 -0.72200320 0.00000000
-0.73888160 -0.66556450 0.10525320 0.00000000
-0.43214510 0.58789260 0.68383740 0.00000000
0.26639490 0.90477250 -0.18266690 1.00000000

-0.92269330 -0.20115280 -0.32889970 0.00000000
0.00511763 -0.85941400 0.51125500 0.00000000
-0.38550110 0.47004870 0.79400480 0.00000000
0.22150340 0.86594100 -0.17765230 1.00000000

0.54801150 0.15237130 -0.82247580 0.00000000
-0.04916117 -0.97570250 -0.21351410 0.00000000
-0.83502510 0.15744190 -0.52720580 0.00000000
0.36314870 1.04261600 -0.12221080 1.00000000

0.61623540 -0.27445010 -0.73819460 0.00000000
0.15806330 -0.87514540 0.45731510 0.00000000
-0.77153750 -0.39849530 -0.49591520 0.00000000
0.24776810 1.41829100 -0.13532850 1.00000000

0.46259500 0.12792760 -0.87729170 0.00000000
0.46383610 -0.87822580 0.11651640 0.00000000
-0.75555440 -0.46081930 -0.46560060 0.00000000
0.23894540 1.41832700 -0.12675150 1.00000000

0.49877040 0.14856060 -0.85390730 0.00000000
0.46311540 -0.87845130 0.11767670 0.00000000
-0.73263400 -0.45415130 -0.50694640 0.00000000
0.29451930 1.31291300 -0.11263020 1.00000000

0.97039850 0.22934950 -0.07566583 0.00000000
-0.23606050 0.83457880 -0.49774840 0.00000000
-0.05100918 0.50087610 0.86401460 0.00000000
-0.03846870 1.50720600 -0.04476293 1.00000000

0.98558390 0.16448930 0.03959224 0.00000000
-0.14738400 0.94964550 -0.27649840 0.00000000
-0.08307946 0.26667720 0.96019840 0.00000000
-0.06065848 1.58565600 -0.09155149 1.00000000

0.98558390 0.16448930 0.03959224 0.00000000
-0.12609930 0.87020060 -0.47628750 0.00000000
-0.11279730 0.46442880 0.87839770 0.00000000
-0.06428758 1.63869800 -0.22157700 1.00000000

0.98558390 0.16448930 0.03959224 0.00000000
0.10936770 -0.79796770 0.59269430 0.00000000
0.12908520 -0.57981990 -0.80445380 0.00000000
-0.00123810 1.63214400 -0.19162050 1.00000000

0.98558390 0.16448930 0.03959224 0.00000000
-0.11321780 0.81512090 -0.56811950 0.00000000
-0.12572180 0.55544690 0.82199320 0.00000000
-0.12367820 1.60973000 -0.19503830 1.00000000

0.98556210 0.16457850 0.03976193 0.00000000
0.12635990 -0.87127260 0.47425460 0.00000000
0.11269550 -0.46238320 -0.87948940 0.00000000
-0.02880594 1.65624400 -0.18206750 1.00000000

0.98559550 0.16444160 0.03950202 0.00000000
-0.12609800 0.87019540 -0.47629760 0.00000000
-0.11269760 0.46445560 0.87839630 0.00000000
-0.10651070 1.64327600 -0.18518910 1.00000000

0.95262480 0.29498050 -0.07411069 0.00000000
0.29349940 -0.82765370 0.47838020 0.00000000
0.07977489 -0.47746820 -0.87502000 0.00000000
-0.04559714 1.64545600 -0.22278820 1.00000000

0.96142030 0.27499930 0.00680950 0.00000000
-0.23827250 0.84488020 -0.47896090 0.00000000
-0.13746690 0.45886020 0.87780990 0.00000000
-0.08055425 1.64036300 -0.22552360 1.00000000

0.96378040 0.18227020 0.19469200 0.00000000
0.12359080 -0.95213540 0.27957800 0.00000000
0.23633160 -0.24538970 -0.94017640 0.00000000
0.00632172 1.67317100 -0.17965250 1.00000000

0.98678400 0.15138100 -0.05780232 0.00000000
-0.16203900 0.92001740 -0.35680720 0.00000000
-0.00083458 0.36145780 0.93238790 0.00000000
-0.14549000 1.64915800 -0.18723460 1.00000000

0.96264610 0.27064100 0.00812602 0.00000000
0.23313150 -0.84374420 0.48347210 0.00000000
0.13770350 -0.46351810 -0.87532200 0.00000000
-0.02887569 1.65675500 -0.18245470 1.00000000

0.99592170 0.05623473 0.07055244 0.00000000
-0.01650646 0.88235780 -0.47028920 0.00000000
-0.08869892 0.46720670 0.87968780 0.00000000
-0.10651210 1.64328600 -0.18519700 1.00000000

0.98282160 0.18187570 0.03135297 0.00000000
-0.14818240 0.87890770 -0.45339070 0.00000000
-0.11001700 0.44095610 0.89076020 0.00000000
-0.06639502 1.62665900 -0.11910020 1.00000000

0.93726350 0.34533030 -0.04779258 0.00000000
0.33393460 -0.84992830 0.40756540 0.00000000
0.10012430 -0.39795570 -0.91192450 0.00000000
-0.03536891 1.55581100 -0.21050400 1.00000000

0.98353170 0.17759320 0.03356066 0.00000000
-0.14476800 0.88526510 -0.44198140 0.00000000
-0.10820290 0.42984410 0.89639600 0.00000000
-0.05018998 1.55444200 -0.21398950 1.00000000

0.99389230 0.00730525 0.11011220 0.00000000
0.03705318 0.91778800 -0.39533820 0.00000000
-0.10394760 0.39700360 0.91191170 0.00000000
-0.06786284 1.55153500 -0.20972870 1.00000000

0.97878840 0.20290430 0.02834320 0.00000000
0.16161420 -0.84971330 0.50186480 0.00000000
0.12591400 -0.48663870 -0.86448160 0.00000000
-0.03041663 1.56956000 -0.19641880 1.00000000

0.98711870 0.15421700 0.04258597 0.00000000
-0.11256720 0.85862280 -0.50009550 0.00000000
-0.11368830 0.48885990 0.86492250 0.00000000
-0.08069489 1.56123800 -0.19546640 1.00000000

0.97131930 0.23643490 0.02524623 0.00000000
0.18583810 -0.82108680 0.53970450 0.00000000
0.14833420 -0.51953380 -0.84147600 0.00000000
-0.03947849 1.57956900 -0.21039130 1.00000000

0.98437710 0.17205660 0.03739417 0.00000000
-0.12548990 0.83454860 -0.53645210 0.00000000
-0.12350720 0.52337860 0.84310190 0.00000000
-0.05391362 1.57578300 -0.21521700 1.00000000

0.99224540 0.11572710 0.04534572 0.00000000
-0.07221553 0.83369740 -0.54747940 0.00000000
-0.10116270 0.53995930 0.83558960 0.00000000
-0.07231851 1.57506600 -0.21033090 1.00000000

0.98552360 0.16487830 0.03947911 0.00000000
0.11060360 -0.80174390 0.58734420 0.00000000
0.12849230 -0.57447510 -0.80837370 0.00000000
-0.04314470 1.60977800 -0.21064970 1.00000000

0.98552360 0.16487830 0.03947911 0.00000000
-0.11060370 0.80174400 -0.58734420 0.00000000
-0.12849220 0.57447500 0.80837380 0.00000000
-0.05771080 1.60209300 -0.23321660 1.00000000

0.98552360 0.16487830 0.03947911 0.00000000
-0.11060370 0.80174400 -0.58734420 0.00000000
-0.12849220 0.57447500 0.80837380 0.00000000
-0.07566565 1.60372400 -0.21178250 1.00000000

0.98558390 0.16448930 0.03959224 0.00000000
0.02434862 -0.36947970 0.92891980 0.00000000
0.16742580 -0.91456440 -0.36815850 0.00000000
-0.07847332 1.67411300 -0.01558187 1.00000000

0.98558390 0.16448930 0.03959224 0.00000000
-0.14390650 0.93809390 -0.31507250 0.00000000
-0.08896729 0.30483280 0.94824140 0.00000000
-0.08152143 1.72412000 -0.14746920 1.00000000

0.44138280 -0.83738100 0.32245100 0.00000000
0.75645030 0.15394390 -0.63567640 0.00000000
0.48266380 0.52449460 0.70138500 0.00000000
-0.06710122 1.47265100 0.03001486 1.00000000

0.06926554 -0.76934260 -0.63507040 0.00000000
0.75962780 0.45332880 -0.46632460 0.00000000
0.64665900 -0.45011680 0.61581410 0.00000000
-0.23647040 1.43818300 0.17234300 1.00000000

0.06926605 -0.76932670 -0.63508940 0.00000000
0.39227720 -0.56433030 0.72639530 0.00000000
-0.91723540 -0.29944580 0.26270040 0.00000000
-0.45033040 1.31055700 0.30363100 1.00000000

0.28979380 -0.64207910 -0.70975640 0.00000000
0.11271770 -0.71352110 0.69150770 0.00000000
-0.95042860 -0.28039650 -0.13440030 0.00000000
-0.54523680 1.44720400 0.12802100 1.00000000

-0.29876410 0.70370500 0.64462370 0.00000000
-0.95042860 -0.28039650 -0.13440030 0.00000000
0.08617204 -0.65282260 0.75259360 0.00000000
-0.53512720 1.50494800 0.01297282 1.00000000

0.30280750 -0.77697830 -0.55191710 0.00000000
-0.12274920 -0.60607700 0.78587760 0.00000000
-0.94511410 -0.17022210 -0.27889820 0.00000000
-0.50730240 1.57039900 0.02813397 1.00000000

-0.10508650 -0.72353540 0.68224170 0.00000000
-0.36926140 0.66538220 0.64877770 0.00000000
-0.92336510 -0.18374770 -0.33709650 0.00000000
-0.50142950 1.59939600 -0.00946533 1.00000000

0.22965130 -0.78468170 0.57579090 0.00000000
-0.33386170 0.49219410 0.80391630 0.00000000
-0.91421930 -0.37685490 -0.14894210 0.00000000
-0.54463600 1.56194200 0.02294325 1.00000000

-0.23412820 0.18830340 0.95379560 0.00000000
-0.33571660 0.90505620 -0.26108940 0.00000000
-0.91240260 -0.38133350 -0.14868260 0.00000000
-0.52775570 1.53669400 -0.01653828 1.00000000

0.24514970 -0.85821810 0.45095870 0.00000000
-0.35462460 0.35353600 0.86559460 0.00000000
-0.90229880 -0.37212110 -0.21767600 0.00000000
-0.57980610 1.54780000 0.01491710 1.00000000

-0.21482610 0.00796318 0.97662010 0.00000000
-0.47488190 0.87294770 -0.11157740 0.00000000
-0.85342680 -0.48774880 -0.18375050 0.00000000
-0.56315890 1.53120500 -0.02571637 1.00000000

0.21505550 -0.80079070 0.55900420 0.00000000
-0.49938170 0.40173250 0.76761260 0.00000000
-0.83926710 -0.44423560 -0.31350540 0.00000000
-0.61122840 1.53361700 0.00815036 1.00000000

-0.09198770 -0.14870790 0.98459350 0.00000000
-0.66475510 0.74535480 0.05046824 0.00000000
-0.74137640 -0.64987110 -0.16741790 0.00000000
-0.58976490 1.51587700 -0.02408902 1.00000000

-0.65023950 0.13554810 -0.74753960 0.00000000
-0.54008640 0.60954270 0.58031410 0.00000000
0.53431770 0.78107910 -0.32314120 0.00000000
-0.48217970 1.50353300 0.08100619 1.00000000

-0.29269430 0.79492400 0.53143780 0.00000000
0.28761370 -0.45685130 0.84176330 0.00000000
0.91192590 0.39922800 -0.09491333 0.00000000
-0.45115880 1.47263000 0.04964884 1.00000000

0.18477150 -0.72525270 -0.66322550 0.00000000
0.39227720 -0.56433030 0.72639530 0.00000000
-0.90109840 -0.39438540 0.18022800 0.00000000
-0.50200150 1.38500500 0.20807950 1.00000000

0.73857340 -0.59370320 -0.31941490 0.00000000
0.51663240 0.80281660 -0.29761820 0.00000000
0.43312860 0.05479279 0.89966520 0.00000000
-0.17504980 1.46216200 0.13039890 1.00000000

0.44735460 -0.88466810 -0.13128710 0.00000000
0.75962780 0.45332880 -0.46632460 0.00000000
0.47205870 0.10888300 0.87481730 0.00000000
-0.23647040 1.43818300 0.17234300 1.00000000

0.42658190 -0.88815000 -0.17093070 0.00000000
0.75954070 0.45438680 -0.46543610 0.00000000
0.49104570 0.06871782 0.86841930 0.00000000
-0.32761520 1.38365600 0.22819530 1.00000000

0.77401190 0.00982780 -0.63309480 0.00000000
0.08111550 0.99010150 0.11454030 0.00000000
0.62795370 -0.14000940 0.76555310 0.00000000
-0.04824642 1.00237300 -0.13723030 1.00000000

0.77329520 0.00129544 -0.63404480 0.00000000
0.08507794 0.99074260 0.10578720 0.00000000
0.62831230 -0.13574790 0.76602630 0.00000000
-0.16392890 1.01032600 -0.05316924 1.00000000

0.77928950 0.00388716 -0.62665190 0.00000000
-0.07452593 -0.99230940 -0.09883403 0.00000000
-0.62221690 0.12372210 -0.77300670 0.00000000
-0.10900090 1.00540200 0.14135360 1.00000000

1.00000000 0.00000000 0.00000000 0.00000000
0.00000000 1.00000000 0.00000000 0.00000000
0.00000000 0.00000000 1.00000000 0.00000000
0.00000000 0.00000000 0.00000000 1.00000000

1.00000000 0.00000000 0.00000000 0.00000000
0.00000000 1.00000000 0.00000000 0.00000000
0.00000000 0.00000000 1.00000000 0.00000000
0.00000000 0.00000000 0.00000000 1.00000000

0.98558390 0.16448930 0.03959224 0.00000000
-0.14390650 0.93809390 -0.31507260 0.00000000
-0.08896720 0.30483290 0.94824140 0.00000000
-0.05844932 1.57261800 -0.09238247 1.00000000

0.77495320 0.01410251 -0.63186130 0.00000000
-0.03580584 0.99912500 -0.02161500 0.00000000
0.63100360 0.03937494 0.77478000 0.00000000
0.00149810 0.87701470 0.04652974 1.00000000

0.97145080 0.18674810 0.14631690 0.00000000
0.22860000 -0.90177830 -0.36679410 0.00000000
0.06344733 0.38977050 -0.91872380 0.00000000
0.10191640 0.84762320 -0.04070344 1.00000000

0.97145080 0.18674810 0.14631690 0.00000000
0.18658950 -0.98232450 0.01493178 0.00000000
0.14651920 0.01279574 -0.98912510 0.00000000
0.19335640 0.48691190 -0.18742110 1.00000000

0.99762740 0.05843049 0.03640866 0.00000000
0.05853813 -0.99828330 -0.00189818 0.00000000
0.03623524 0.00402499 -0.99933520 0.00000000
0.26016420 0.13692860 -0.18428910 1.00000000

0.99740800 0.06435097 0.03219059 0.00000000
0.06314254 -0.99730930 0.03724450 0.00000000
0.03450072 -0.03511534 -0.99878750 0.00000000
0.27122820 0.03346884 -0.32141500 1.00000000

0.58599160 -0.22345940 -0.77889650 0.00000000
0.25990910 0.96226940 -0.08052879 0.00000000
0.76750310 -0.15525310 0.62196090 0.00000000
-0.10348360 0.84388490 0.12677020 1.00000000

0.58599070 -0.22345940 -0.77889720 0.00000000
-0.21080650 0.88608700 -0.41280820 0.00000000
0.78241640 0.40609850 0.47213200 0.00000000
-0.20744760 0.45897800 0.15898230 1.00000000

0.31476660 -0.07629474 -0.94609770 0.00000000
-0.00307164 0.99667720 -0.08139551 0.00000000
0.94916420 0.02852665 0.31348650 0.00000000
-0.13406590 0.14235810 0.30502510 1.00000000

0.31613710 -0.09796196 -0.94364230 0.00000000
-0.13095030 0.98062840 -0.14567230 0.00000000
0.93963270 0.16962270 0.29718480 0.00000000
-0.26379950 0.03460538 0.27055160 1.00000000

0.78524560 -0.00512944 -0.61916320 0.00000000
-0.01369335 0.99957730 -0.02564739 0.00000000
0.61903310 0.02861792 0.78484340 0.00000000
-0.00338603 1.01330100 0.04358132 1.00000000

0.81390550 -0.02676030 -0.58038060 0.00000000
-0.05683432 0.99048060 -0.12537170 0.00000000
0.57821080 0.13502630 0.80463670 0.00000000
-0.00574855 1.18575700 0.03915635 1.00000000

0.84312840 -0.03658572 -0.53646620 0.00000000
-0.20347560 0.90178520 -0.38128880 0.00000000
0.49772700 0.43063320 0.75287640 0.00000000
-0.01641133 1.37158300 0.01563514 1.00000000

-0.04378870 0.81911760 -0.57195180 0.00000000
0.89923660 -0.21711340 -0.37978320 0.00000000
-0.43526550 -0.53095020 -0.72707340 0.00000000
0.03076770 1.46783900 -0.03476343 1.00000000

0.51483830 0.17133930 -0.83999050 0.00000000
0.46769620 -0.87730250 0.10770550 0.00000000
-0.71847160 -0.44831130 -0.53180370 0.00000000
0.23210620 1.41922800 -0.11979680 1.00000000

0.51483930 0.17133780 -0.83999030 0.00000000
-0.05146790 -0.97187950 -0.22978520 0.00000000
-0.85574030 0.16153510 -0.49154340 0.00000000
0.36378100 1.17223300 -0.08947402 1.00000000

0.55530300 0.08077502 -0.82771600 0.00000000
-0.34875710 -0.88091150 -0.31994240 0.00000000
-0.75498810 0.46633710 -0.46100190 0.00000000
0.35142010 0.93716320 -0.14520540 1.00000000

-0.48630570 0.07342078 0.87069870 0.00000000
-0.75498810 0.46633710 -0.46100190 0.00000000
-0.43988610 -0.88155500 -0.17135050 0.00000000
0.30328220 0.86220650 -0.14706690 1.00000000

-0.50078360 -0.84922000 -0.16745490 0.00000000
-0.45811910 0.09589788 0.88370270 0.00000000
-0.73439940 0.51925810 -0.43706800 0.00000000
0.25345310 0.82908590 -0.21810920 1.00000000

-0.36229030 0.22442030 0.90464440 0.00000000
0.57396640 0.81843920 0.02682641 0.00000000
-0.73437600 0.52895440 -0.42532220 0.00000000
0.23153500 0.83367400 -0.17582970 1.00000000

-0.43317210 -0.88232380 -0.18403010 0.00000000
-0.49380830 0.06151683 0.86739210 0.00000000
-0.75399960 0.46660570 -0.46234600 0.00000000
0.28289060 0.80969200 -0.20231140 1.00000000

-0.40276140 0.23386450 0.88492420 0.00000000
0.51967720 0.85429530 0.01075438 0.00000000
-0.75347130 0.46420630 -0.46561090 0.00000000
0.25868320 0.81361450 -0.15895490 1.00000000

-0.45583170 -0.88376240 -0.10574170 0.00000000
-0.46608940 0.13579820 0.87425360 0.00000000
-0.75827300 0.44779780 -0.47381340 0.00000000
0.30959100 0.79188880 -0.18059790 1.00000000

-0.41249460 0.24463270 0.87749810 0.00000000
0.50669500 0.86212280 -0.00215888 0.00000000
-0.75703910 0.44373340 -0.47957520 0.00000000
0.28771150 0.79826370 -0.13955810 1.00000000

-0.47059180 -0.87424000 -0.11936460 0.00000000
-0.44427070 0.11788780 0.88810250 0.00000000
-0.76234290 0.47096400 -0.44387620 0.00000000
0.33382280 0.77696790 -0.15999390 1.00000000

-0.34194020 0.32926600 0.88014810 0.00000000
0.58056610 0.81050140 -0.07765910 0.00000000
-0.73893170 0.48442940 -0.46830350 0.00000000
0.31525690 0.78270030 -0.12208380 1.00000000

-0.51214660 0.48253510 -0.71053900 0.00000000
-0.74609680 -0.65976460 0.08972257 0.00000000
-0.42549430 0.57608210 0.69791410 0.00000000
0.25974830 0.90875220 -0.18279260 1.00000000

-0.92493050 -0.18313120 -0.33311630 0.00000000
-0.00415437 -0.87138610 0.49058060 0.00000000
-0.38011340 0.45513700 0.80521050 0.00000000
0.21443570 0.87030540 -0.17868280 1.00000000

0.54849210 0.16477250 -0.81975980 0.00000000
-0.05146790 -0.97187950 -0.22978520 0.00000000
-0.83457010 0.16822690 -0.52458780 0.00000000
0.35709290 1.04428200 -0.11987870 1.00000000

0.61492170 -0.26583360 -0.74243090 0.00000000
0.16302120 -0.87827960 0.44949840 0.00000000
-0.77155370 -0.39743840 -0.49673690 0.00000000
0.24039260 1.41918700 -0.12767300 1.00000000

0.45923380 0.13706940 -0.87767660 0.00000000
0.46769620 -0.87730250 0.10770550 0.00000000
-0.75522480 -0.45994800 -0.46699390 0.00000000
0.23210620 1.41922800 -0.11979680 1.00000000

0.49577990 0.15788530 -0.85397560 0.00000000
0.46697260 -0.87754550 0.10886040 0.00000000
-0.73221490 -0.45275400 -0.50879750 0.00000000
0.28814290 1.31392200 -0.10673350 1.00000000

0.96857790 0.24044940 -0.06356865 0.00000000
-0.23897510 0.82894070 -0.50571550 0.00000000
-0.06890416 0.50501630 0.86035500 0.00000000
-0.04693271 1.50685100 -0.04155826 1.00000000

0.98271790 0.17833090 0.04963249 0.00000000
-0.15776460 0.94713590 -0.27936330 0.00000000
-0.09682781 0.26670520 0.95890190 0.00000000
-0.06939645 1.58477100 -0.08909571 1.00000000

0.98271790 0.17833090 0.04963249 0.00000000
-0.13328450 0.86774370 -0.47880700 0.00000000
-0.12845430 0.46391700 0.87651600 0.00000000
-0.07240931 1.63759200 -0.21922690 1.00000000

0.98271790 0.17833090 0.04963249 0.00000000
0.11432880 -0.79560450 0.59493080 0.00000000
0.14558230 -0.57897470 -0.80224330 0.00000000
-0.00959064 1.63196000 -0.18860550 1.00000000

0.98271790 0.17833090 0.04963249 0.00000000
-0.11867490 0.81273340 -0.57042160 0.00000000
-0.14206180 0.55467340 0.81985100 0.00000000
-0.13166270 1.60782900 -0.19326790 1.00000000

0.98269320 0.17841990 0.04980186 0.00000000
0.13358130 -0.86881450 0.47677850 0.00000000
0.12833530 -0.46187440 -0.87761170 0.00000000
-0.03759131 1.65568400 -0.17937450 1.00000000

0.98273110 0.17828320 0.04954255 0.00000000
-0.13328300 0.86773840 -0.47881700 0.00000000
-0.12835490 0.46394530 0.87651560 0.00000000
-0.11507010 1.64162400 -0.18328770 1.00000000

0.94912520 0.30820320 -0.06459233 0.00000000
0.30004170 -0.82285310 0.48258460 0.00000000
0.09558406 -0.47741360 -0.87346430 0.00000000
-0.05380368 1.64461000 -0.22025280 1.00000000

0.95735380 0.28844980 0.01644322 0.00000000
-0.24505830 0.84085090 -0.48261390 0.00000000
-0.15303610 0.45800270 0.87567880 0.00000000
-0.08865560 1.63902400 -0.22334520 1.00000000

0.95904890 0.19600130 0.20447110 0.00000000
0.13397760 -0.94995500 0.28219820 0.00000000
0.24954940 -0.24324730 -0.93731320 0.00000000
-0.00273113 1.67310400 -0.17661740 1.00000000

0.98511860 0.16511710 -0.04772562 0.00000000
-0.17116380 0.91720350 -0.35977840 0.00000000
-0.01563144 0.36259340 0.93181630 0.00000000
-0.15410440 1.64695700 -0.18574770 1.00000000

0.95862650 0.28411070 0.01777858 0.00000000
0.23985510 -0.83978120 0.48706970 0.00000000
0.15331180 -0.46265360 -0.87318210 0.00000000
-0.03766419 1.65619300 -0.17976310 1.00000000

0.99424570 0.07027110 0.08085188 0.00000000
-0.02394123 0.88144270 -0.47168370 0.00000000
-0.10441210 0.46703400 0.87805310 0.00000000
-0.11507160 1.64163500 -0.18329560 1.00000000

0.97979870 0.19566650 0.04134029 0.00000000
-0.15572530 0.87616950 -0.45615400 0.00000000
-0.12547520 0.44050130 0.88894010 0.00000000
-0.07541823 1.62565500 -0.11676070 1.00000000

0.93278660 0.35836610 -0.03850725 0.00000000
0.34152220 -0.84464890 0.41222670 0.00000000
0.11520300 -0.39767060 -0.91026710 0.00000000
-0.04245068 1.55513300 -0.20773580 1.00000000

0.98054530 0.19139710 0.04356137 0.00000000
-0.15251950 0.88258880 -0.44471880 0.00000000
-0.12356450 0.42942310 0.89461030 0.00000000
-0.05721392 1.55355200 -0.21137360 1.00000000

0.99248840 0.02136823 0.12045760 0.00000000
0.02833156 0.91771470 -0.39622860 0.00000000
-0.11901230 0.39666500 0.91021590 0.00000000
-0.07488790 1.55040300 -0.20729320 1.00000000

0.97550320 0.21663260 0.03825882 0.00000000
0.16824010 -0.84672820 0.50472410 0.00000000
0.14173450 -0.48592320 -0.86243250 0.00000000
-0.03783869 1.56896800 -0.19361910 1.00000000

0.98436510 0.16808490 0.05265650 0.00000000
-0.11934390 0.85632640 -0.50245630 0.00000000
-0.12954650 0.48831610 0.86299760 0.00000000
-0.08800275 1.55994300 -0.19317920 1.00000000

0.96759830 0.25005130 0.03503686 0.00000000
0.19166450 -0.81771730 0.54277380 0.00000000
0.16437140 -0.51847170 -0.83914780 0.00000000
-0.04689334 1.57883100 -0.20769950 1.00000000

0.98142820 0.18587760 0.04741120 0.00000000
-0.13154790 0.83202730 -0.53891150 0.00000000
-0.13961910 0.52266610 0.84102700 0.00000000
-0.06122286 1.57483700 -0.21267010 1.00000000

0.99000080 0.12967410 0.05552420 0.00000000
-0.07815455 0.83190860 -0.54938160 0.00000000
-0.11743140 0.53954880 0.83372470 0.00000000
-0.07966593 1.57386900 -0.20797510 1.00000000

0.98265330 0.17871880 0.04951808 0.00000000
