MeshAnim
1
35
83
30
0.54357840 0.01686241 -0.83918910 0.00000000
-0.00670477 0.99985350 0.01574780 0.00000000
0.83933160 -0.00293360 0.54361180 0.00000000
-0.00277021 0.84816270 -0.00171213 1.00000000

0.96110010 0.27002460 0.05807877 0.00000000
0.26947670 -0.87062540 -0.41157470 0.00000000
-0.06057045 0.41121530 -0.90952360 0.00000000
0.06496031 0.81934190 -0.11633880 1.00000000

0.96110010 0.27002460 0.05807877 0.00000000
0.24376280 -0.92813560 0.28132540 0.00000000
0.12986980 -0.25622450 -0.95785340 0.00000000
0.17275100 0.47109180 -0.28096870 1.00000000

0.99760330 0.05889734 0.03631410 0.00000000
0.05900377 -0.99825610 -0.00186502 0.00000000
0.03614104 0.00400316 -0.99933870 0.00000000
0.25989330 0.13982130 -0.18284890 1.00000000

0.99765400 0.05887543 0.03493193 0.00000000
0.05755335 -0.99762970 0.03771812 0.00000000
0.03706980 -0.03561919 -0.99867770 0.00000000
0.27099290 0.03636134 -0.31997190 1.00000000

0.53039000 -0.27931060 -0.80042000 0.00000000
0.35215570 0.93144050 -0.09167863 0.00000000
0.77115040 -0.23324700 0.59238760 0.00000000
-0.07911428 0.81487210 0.10608680 1.00000000

0.53038880 -0.27931050 -0.80042080 0.00000000
-0.25786950 0.84627160 -0.46618440 0.00000000
0.80758350 0.45366320 0.37682730 0.00000000
-0.21997680 0.44229680 0.14275880 1.00000000

0.31290850 -0.06881993 -0.94728680 0.00000000
0.02798231 0.99760650 -0.06323248 0.00000000
0.94937100 -0.00672130 0.31408530 0.00000000
-0.12988180 0.13975820 0.30803080 1.00000000

0.31290850 -0.06881993 -0.94728680 0.00000000
0.06109785 0.99676410 -0.05223254 0.00000000
0.94781610 -0.04153315 0.31610070 0.00000000
-0.26287920 0.03673840 0.27158290 1.00000000

0.55469830 0.02354591 -0.83171840 0.00000000
-0.01680217 0.99971260 0.01709594 0.00000000
0.83188190 0.00449158 0.55493460 0.00000000
-0.00368478 0.98454820 0.00043597 1.00000000

0.57899800 -0.00453256 -0.81531650 0.00000000
-0.10462150 0.99130460 -0.07980803 0.00000000
0.80858870 0.13150830 0.57348920 0.00000000
-0.00658364 1.15702800 0.00338552 1.00000000

0.60774810 -0.02344467 -0.79378370 0.00000000
-0.39446390 0.85861740 -0.32737470 0.00000000
0.68923170 0.51208040 0.51257510 0.00000000
-0.02621185 1.34300800 -0.01158741 1.00000000

-0.30192670 0.65951150 -0.68839310 0.00000000
0.59670020 -0.43242090 -0.67598920 0.00000000
-0.74349820 -0.61486340 -0.26297130 0.00000000
-0.00717718 1.43813300 -0.07955981 1.00000000

0.11938710 0.53706490 -0.83504970 0.00000000
0.54929550 -0.73634830 -0.39505180 0.00000000
-0.82705590 -0.41152510 -0.38291780 0.00000000
0.12642360 1.34131400 -0.23091340 1.00000000

0.14830540 0.47183550 -0.86912430 0.00000000
-0.90589910 -0.28769860 -0.31076810 0.00000000
-0.39667710 0.83342730 0.38476790 0.00000000
0.28107160 1.13400400 -0.34213630 1.00000000

0.34573710 0.83616070 -0.42579480 0.00000000
-0.80899320 0.03572474 -0.58673160 0.00000000
-0.47539040 0.54731980 0.68879960 0.00000000
0.06195845 1.06449100 -0.41746230 1.00000000

-0.23872000 -0.78929870 0.56570350 0.00000000
-0.58434900 0.58202950 0.56548950 0.00000000
-0.77559620 -0.19557470 -0.60016790 0.00000000
-0.11375720 1.09847100 -0.39607390 1.00000000

-0.58836380 0.49738530 -0.63752340 0.00000000
-0.72360560 -0.67574050 0.14060610 0.00000000
-0.36086490 0.54404310 0.75749180 0.00000000
-0.08971638 1.09890700 -0.46648790 1.00000000

-0.90132630 -0.40712450 -0.14785340 0.00000000
0.23038870 -0.73968050 0.63229260 0.00000000
-0.36678600 0.53583820 0.76049040 0.00000000
-0.12433630 1.06657600 -0.45976080 1.00000000

-0.55306660 0.53526010 -0.63844660 0.00000000
-0.77308950 -0.61537130 0.15378900 0.00000000
-0.31056450 0.57863190 0.75414530 0.00000000
-0.07222667 1.07929400 -0.49480280 1.00000000

-0.92341710 -0.37249540 -0.09245810 0.00000000
0.22628930 -0.72299120 0.65274570 0.00000000
-0.30999090 0.58183420 0.75191400 0.00000000
-0.11021200 1.04815800 -0.48650680 1.00000000

-0.55756910 0.42207080 -0.71482380 0.00000000
-0.74193850 -0.63961170 0.20105730 0.00000000
-0.37234920 0.64245870 0.66977830 0.00000000
-0.05505682 1.05438500 -0.51901170 1.00000000

-0.92604060 -0.31580220 -0.20668440 0.00000000
0.07742095 -0.69491580 0.71491150 0.00000000
-0.36939850 0.64603510 0.66796960 0.00000000
-0.08988541 1.02436000 -0.50957350 1.00000000

-0.49128240 0.50679950 -0.70837570 0.00000000
-0.84253050 -0.48275050 0.23894480 0.00000000
-0.22087150 0.71421740 0.66416100 0.00000000
-0.03866068 1.03128000 -0.53978880 1.00000000

-0.97507610 -0.08093508 -0.20658310 0.00000000
-0.09292328 -0.69652940 0.71148580 0.00000000
-0.20147520 0.71294910 0.67164840 0.00000000
-0.07415866 1.01033200 -0.52902790 1.00000000

0.21911520 0.07517307 0.97279920 0.00000000
-0.62006670 -0.75906910 0.19832230 0.00000000
0.75333010 -0.64665570 -0.11971140 0.00000000
-0.03636021 1.08860000 -0.39807390 1.00000000

-0.36723230 -0.47498170 0.79970820 0.00000000
-0.85499390 -0.16615050 -0.49130420 0.00000000
0.36623250 -0.86416840 -0.34509060 0.00000000
-0.07290015 1.04353300 -0.38457790 1.00000000

0.04821283 0.65898560 -0.75060870 0.00000000
-0.90589910 -0.28769860 -0.31076810 0.00000000
-0.42074070 0.69495880 0.58310370 0.00000000
0.16180520 1.09620000 -0.38321010 1.00000000

0.14535800 0.04010319 -0.98856610 0.00000000
0.47849520 -0.87740180 0.03476384 0.00000000
-0.86597570 -0.47807740 -0.14672680 0.00000000
0.10729870 1.36366800 -0.20342050 1.00000000

-0.10361770 0.40909140 -0.90659130 0.00000000
0.54929550 -0.73634830 -0.39505180 0.00000000
-0.82917920 -0.53892090 -0.14841350 0.00000000
0.12642360 1.34131400 -0.23091340 1.00000000

-0.05717400 0.43708150 -0.89760300 0.00000000
0.54911770 -0.73709700 -0.39390090 0.00000000
-0.83378740 -0.51541050 -0.19786660 0.00000000
0.19231780 1.25286200 -0.27818150 1.00000000

0.93642820 0.24640170 -0.24977710 0.00000000
-0.32271020 0.88426350 -0.33754420 0.00000000
0.13769740 0.39669150 0.90756560 0.00000000
-0.08538146 1.47180100 -0.06069362 1.00000000

0.99538770 0.07917932 -0.05416524 0.00000000
-0.09422447 0.91301250 -0.39690040 0.00000000
0.01802725 0.40017350 0.91626210 0.00000000
-0.11571620 1.55492200 -0.09242283 1.00000000

0.99538770 0.07917932 -0.05416524 0.00000000
-0.09589738 0.80574880 -0.58444210 0.00000000
-0.00263208 0.58694090 0.80962550 0.00000000
-0.12589060 1.59004300 -0.22805540 1.00000000

0.99538770 0.07917932 -0.05416524 0.00000000
0.09462160 -0.71726140 0.69034990 0.00000000
0.01581085 -0.69229100 -0.72144530 0.00000000
-0.06129404 1.58195800 -0.20202650 1.00000000

0.99538770 0.07917932 -0.05416524 0.00000000
-0.09505612 0.73784950 -0.66823840 0.00000000
-0.01294491 0.67030500 0.74197280 0.00000000
-0.18498440 1.57037100 -0.19353580 1.00000000

0.99538760 0.07924496 -0.05407429 0.00000000
0.09590323 -0.80709800 0.58257680 0.00000000
0.00252298 -0.58507550 -0.81097520 0.00000000
-0.08598465 1.60950400 -0.19404600 1.00000000

0.99538790 0.07914425 -0.05421352 0.00000000
-0.09589732 0.80574640 -0.58444540 0.00000000
-0.00257301 0.58694880 0.80962000 0.00000000
-0.16446230 1.60326100 -0.18977580 1.00000000

0.96355030 0.19556180 -0.18255560 0.00000000
0.26573420 -0.77850970 0.56860180 0.00000000
-0.03092462 -0.59638760 -0.80210050 0.00000000
-0.10688890 1.59487100 -0.23153480 1.00000000

0.97740610 0.18597400 -0.10045340 0.00000000
-0.20955640 0.79047230 -0.57553400 0.00000000
-0.02762854 0.58358110 0.81158460 0.00000000
-0.14224540 1.59261400 -0.23103270 1.00000000

0.98797110 0.11961070 0.09801146 0.00000000
0.07064557 -0.91291780 0.40198300 0.00000000
0.13755780 -0.39022350 -0.91038660 0.00000000
-0.04954972 1.62337900 -0.19655070 1.00000000

0.98748200 0.05299472 -0.14856250 0.00000000
-0.11777280 0.87425520 -0.47096420 0.00000000
0.10492300 0.48256530 0.86955260 0.00000000
-0.20288960 1.61228900 -0.18985970 1.00000000

0.97838820 0.18174090 -0.09862405 0.00000000
0.20491240 -0.78828110 0.58019280 0.00000000
0.02770126 -0.58786300 -0.80848590 0.00000000
-0.08604557 1.60996200 -0.19449580 1.00000000

0.99966190 -0.02439449 -0.00901401 0.00000000
0.01443282 0.80871640 -0.58802180 0.00000000
0.02163431 0.58769270 0.80879490 0.00000000
-0.16446350 1.60327100 -0.18978500 1.00000000

0.99333610 0.09547217 -0.06456420 0.00000000
-0.11525170 0.81941260 -0.56149770 0.00000000
-0.00070253 0.56519710 0.82495560 0.00000000
-0.12045370 1.59218000 -0.12501780 1.00000000

0.95444870 0.25017610 -0.16260210 0.00000000
0.29828110 -0.81367520 0.49896000 0.00000000
-0.00747743 -0.52473280 -0.85123420 0.00000000
-0.10279830 1.50715000 -0.20744890 1.00000000

0.99388560 0.09148037 -0.06182894 0.00000000
-0.11041290 0.82691920 -0.55137430 0.00000000
0.00068757 0.55482970 0.83196370 0.00000000
-0.11791870 1.50666000 -0.20964430 1.00000000

0.99705180 -0.06715696 0.03711370 0.00000000
0.07664528 0.84898350 -0.52283160 0.00000000
0.00360295 0.52413470 0.85162760 0.00000000
-0.13535250 1.50595300 -0.20377100 1.00000000

0.99074260 0.11617860 -0.07022479 0.00000000
0.13491560 -0.78526920 0.60427640 0.00000000
0.01505849 -0.60815670 -0.79367400 0.00000000
-0.09562571 1.52217400 -0.19583820 1.00000000

0.99634810 0.06930903 -0.04986498 0.00000000
-0.08534026 0.78989670 -0.60727290 0.00000000
-0.00270125 0.60931080 0.79292690 0.00000000
-0.14615260 1.51860400 -0.19015010 1.00000000

0.98571720 0.14951860 -0.07749611 0.00000000
0.16437550 -0.75408990 0.63586890 0.00000000
0.03663510 -0.63952540 -0.76789670 0.00000000
-0.10499320 1.53097900 -0.21040710 1.00000000

0.99460520 0.08645828 -0.05732045 0.00000000
-0.10309060 0.76239510 -0.63884740 0.00000000
-0.01153275 0.64131000 0.76719510 0.00000000
-0.12003220 1.52788700 -0.21361130 1.00000000

0.99862650 0.03124009 -0.04205844 0.00000000
-0.05114639 0.75528450 -0.65339820 0.00000000
0.01135397 0.65465210 0.75584510 0.00000000
-0.13796840 1.52949100 -0.20737840 1.00000000

0.99534900 0.07955335 -0.05432779 0.00000000
0.09510806 -0.72182060 0.68551380 0.00000000
0.01531994 -0.68749250 -0.72602980 0.00000000
-0.10626850 1.56108200 -0.21467570 1.00000000

0.99534900 0.07955335 -0.05432779 0.00000000
-0.09510806 0.72182070 -0.68551370 0.00000000
-0.01531991 0.68749240 0.72602980 0.00000000
-0.12321430 1.55176200 -0.23483660 1.00000000

0.99534900 0.07955335 -0.05432779 0.00000000
-0.09510806 0.72182070 -0.68551370 0.00000000
-0.01531991 0.68749240 0.72602980 0.00000000
-0.13914810 1.55787500 -0.21262850 1.00000000

0.99538770 0.07917932 -0.05416524 0.00000000
0.07186675 -0.24143760 0.96775160 0.00000000
0.06354832 -0.96718070 -0.24601450 0.00000000
-0.12013250 1.65405900 -0.02866080 1.00000000

0.99538770 0.07917932 -0.05416524 0.00000000
-0.09487592 0.89609650 -0.43360080 0.00000000
0.01420513 0.43673980 0.89947570 0.00000000
-0.13012370 1.68588300 -0.16574370 1.00000000

0.48450260 -0.84239850 0.23584290 0.00000000
0.49906740 0.04475245 -0.86540690 0.00000000
0.71846290 0.53699330 0.44209640 0.00000000
-0.08410961 1.44109900 0.02092336 1.00000000

0.30732660 -0.65864350 -0.68683280 0.00000000
0.74088280 0.61856560 -0.26166670 0.00000000
0.59719600 -0.42844540 0.67807930 0.00000000
-0.19585070 1.43107900 0.21468810 1.00000000

0.37901930 -0.61162220 -0.69445150 0.00000000
0.34066800 -0.60552080 0.71922890 0.00000000
-0.86040090 -0.50917910 -0.02114385 0.00000000
-0.40443390 1.25693400 0.28835820 1.00000000

0.89919210 0.35517710 0.25554450 0.00000000
0.09327975 -0.72620790 0.68111770 0.00000000
0.42749580 -0.58861830 -0.68613120 0.00000000
-0.48690890 1.40351800 0.11449200 1.00000000

-0.90172930 -0.22367650 -0.36993710 0.00000000
0.42749580 -0.58861830 -0.68613120 0.00000000
-0.06428041 -0.77685100 0.62639510 0.00000000
-0.46755530 1.47651400 0.06720316 1.00000000

0.62145300 -0.42896370 0.65558090 0.00000000
-0.70490840 -0.67133520 0.22894050 0.00000000
0.34190730 -0.60440010 -0.71958330 0.00000000
-0.52308680 1.54905200 0.05042646 1.00000000

-0.36715220 -0.78614440 0.49716840 0.00000000
-0.86840800 0.09820008 -0.48602940 0.00000000
0.33326730 -0.61019180 -0.71874850 0.00000000
-0.48936130 1.58117100 0.03947360 1.00000000

0.64364710 -0.40063100 0.65208410 0.00000000
-0.66393050 -0.71610790 0.21537430 0.00000000
0.38067680 -0.57156350 -0.72691170 0.00000000
-0.50830310 1.52703400 0.02233850 1.00000000

-0.39948650 -0.81148840 0.42649410 0.00000000
-0.83229150 0.12601090 -0.53982620 0.00000000
0.38431980 -0.57062070 -0.72573460 0.00000000
-0.47463770 1.56233700 0.01226180 1.00000000

0.55448460 -0.40668240 0.72605530 0.00000000
-0.71061730 -0.68543150 0.15876670 0.00000000
0.43309360 -0.60398110 -0.66905710 0.00000000
-0.48768100 1.50560000 -0.00249363 1.00000000

-0.31757560 -0.79916190 0.51037840 0.00000000
-0.84104230 -0.01119360 -0.54085360 0.00000000
0.43794250 -0.60101190 -0.66857420 0.00000000
-0.45432310 1.53777600 -0.00994678 1.00000000

0.46423640 -0.44833600 0.76385840 0.00000000
-0.71396300 -0.69979990 0.02317455 0.00000000
0.52415800 -0.55612510 -0.64496790 0.00000000
-0.46832870 1.48547200 -0.02381647 1.00000000

-0.19428020 -0.83125560 0.52083580 0.00000000
-0.82656140 -0.14720270 -0.54325680 0.00000000
0.52825340 -0.53604670 -0.65848520 0.00000000
-0.43756170 1.51493400 -0.02417616 1.00000000

0.24212440 -0.25613670 -0.93582590 0.00000000
-0.82747230 -0.55814820 -0.06132442 0.00000000
-0.50662200 0.78921790 -0.34708720 0.00000000
-0.50481620 1.50462900 0.12340980 1.00000000

-0.54131260 -0.69749390 -0.46955630 0.00000000
-0.58690770 -0.08645767 0.80502450 0.00000000
-0.60209640 0.71135630 -0.36256380 0.00000000
-0.45596660 1.53830700 0.12868430 1.00000000

0.89864050 -0.01517481 -0.43842350 0.00000000
0.34066800 -0.60552080 0.71922890 0.00000000
-0.27638850 -0.79568510 -0.53897570 0.00000000
-0.44936120 1.33677900 0.19376050 1.00000000

0.86516940 -0.43158430 -0.25537660 0.00000000
0.42150240 0.90173640 -0.09595343 0.00000000
0.27169420 -0.02462599 0.96206840 0.00000000
-0.17512360 1.44998700 0.17374910 1.00000000

0.59845690 -0.78484140 -0.16085210 0.00000000
0.74088280 0.61856560 -0.26166670 0.00000000
0.30486430 0.03742360 0.95166040 0.00000000
-0.19585070 1.43107900 0.21468810 1.00000000

0.58455030 -0.78501980 -0.20504910 0.00000000
0.74046530 0.61947070 -0.26070580 0.00000000
0.33168090 0.00056379 0.94339140 0.00000000
-0.28470650 1.35674200 0.24597270 1.00000000

0.54357840 0.01686241 -0.83918910 0.00000000
0.14006820 0.98395660 0.11049950 0.00000000
0.82758890 -0.17760890 0.53249570 0.00000000
-0.10542540 0.98239370 -0.15143170 1.00000000

0.54211730 0.00679734 -0.84027530 0.00000000
0.15618980 0.98172650 0.10871000 0.00000000
0.82565950 -0.19017600 0.53114920 0.00000000
-0.18977460 0.98860390 -0.03585232 1.00000000

0.55048010 0.01823877 -0.83464910 0.00000000
-0.12858320 -0.98597960 -0.10635070 0.00000000
-0.82488660 0.16586580 -0.54041700 0.00000000
-0.07817184 0.97355290 0.13257730 1.00000000

1.00000000 0.00000000 0.00000000 0.00000000
0.00000000 1.00000000 0.00000000 0.00000000
0.00000000 0.00000000 1.00000000 0.00000000
0.00000000 0.00000000 0.00000000 1.00000000

1.00000000 0.00000000 0.00000000 0.00000000
0.00000000 1.00000000 0.00000000 0.00000000
0.00000000 0.00000000 1.00000000 0.00000000
0.00000000 0.00000000 0.00000000 1.00000000

0.99538770 0.07917932 -0.05416524 0.00000000
-0.09487595 0.89609640 -0.43360090 0.00000000
0.01420513 0.43673990 0.89947570 0.00000000
-0.11462110 1.54174600 -0.09155564 1.00000000

0.54274000 0.01789259 -0.83971020 0.00000000
-0.00744841 0.99983630 0.01649034 0.00000000
0.83986780 -0.00269546 0.54278450 0.00000000
-0.00336538 0.84816270 -0.00971585 1.00000000

0.96073830 0.27095220 0.05972421 0.00000000
0.27077550 -0.86867190 -0.41483720 0.00000000
-0.06052035 0.41472180 -0.90793350 0.00000000
0.06427427 0.81947770 -0.12443020 1.00000000

0.96073830 0.27095220 0.05972421 0.00000000
0.24448430 -0.92849710 0.27950050 0.00000000
0.13118500 -0.25392520 -0.95828620 0.00000000
0.17258440 0.47200890 -0.29036500 1.00000000

0.99749400 0.06063097 0.03646356 0.00000000
0.06088683 -0.99812690 -0.00594622 0.00000000
0.03603464 0.00815139 -0.99931730 0.00000000
0.25998680 0.14061490 -0.19289650 1.00000000

0.99754460 0.06061484 0.03508121 0.00000000
0.05943917 -0.99766500 0.03363932 0.00000000
0.03703827 -0.03147158 -0.99881820 0.00000000
0.27126800 0.03773665 -0.33044170 1.00000000

0.53225930 -0.27516990 -0.80061330 0.00000000
0.35334400 0.93159820 -0.08528106 0.00000000
0.76931660 -0.23750020 0.59308150 0.00000000
-0.07957811 0.81473480 0.09813350 1.00000000

0.53225820 -0.27516980 -0.80061400 0.00000000
-0.26059600 0.84652820 -0.46419790 0.00000000
0.80547550 0.45570990 0.37886350 0.00000000
-0.22091590 0.44209640 0.13224640 1.00000000

0.31271530 -0.06878218 -0.94735320 0.00000000
0.02773434 0.99761050 -0.06327613 0.00000000
0.94944190 -0.00648683 0.31387580 0.00000000
-0.12984480 0.13946200 0.29680620 1.00000000

0.31271530 -0.06878218 -0.94735320 0.00000000
0.06085252 0.99677650 -0.05228352 0.00000000
0.94789560 -0.04129894 0.31589290 0.00000000
-0.26282610 0.03640944 0.26039150 1.00000000

0.55368420 0.02514603 -0.83234700 0.00000000
-0.01843464 0.99966910 0.01793812 0.00000000
0.83252260 0.00541196 0.55396470 0.00000000
-0.00438138 0.98454590 -0.00746646 1.00000000

0.57766150 -0.00252042 -0.81627260 0.00000000
-0.10637140 0.99123580 -0.07833777 0.00000000
0.80931590 0.13208070 0.57233060 0.00000000
-0.00756190 1.15701800 -0.00437161 1.00000000

0.60606690 -0.02135664 -0.79512690 0.00000000
-0.39639910 0.85855040 -0.32520610 0.00000000
0.68960200 0.51228420 0.51187330 0.00000000
-0.02751839 1.34298500 -0.01906870 1.00000000

-0.30482800 0.66099450 -0.68568660 0.00000000
0.59525520 -0.42978710 -0.67893620 0.00000000
-0.74347230 -0.61511720 -0.26244930 0.00000000
-0.00876674 1.43824100 -0.08693594 1.00000000

0.11525300 0.53720490 -0.83554020 0.00000000
0.55018870 -0.73485820 -0.39658000 0.00000000
-0.82704840 -0.41399770 -0.38025890 0.00000000
0.12451050 1.34201200 -0.23894930 1.00000000

0.14425340 0.47205100 -0.86968900 0.00000000
-0.90563900 -0.29118640 -0.30826690 0.00000000
-0.39875920 0.83209280 0.38550310 0.00000000
0.27940990 1.13512100 -0.35060240 1.00000000

0.33986670 0.83834790 -0.42622000 0.00000000
-0.81168040 0.03255737 -0.58319370 0.00000000
-0.47504270 0.54416260 0.69153580 0.00000000
0.06035901 1.06476500 -0.42532370 1.00000000

-0.23247360 -0.79114510 0.56572540 0.00000000
-0.58469800 0.57850030 0.56874030 0.00000000
-0.77722850 -0.19856150 -0.59706720 0.00000000
-0.11542430 1.09787100 -0.40313510 1.00000000

-0.59349730 0.49533880 -0.63435050 0.00000000
-0.71973030 -0.67939500 0.14286620 0.00000000
-0.36020730 0.54135200 0.75972940 0.00000000
-0.09168994 1.09851000 -0.47365150 1.00000000

-0.89998560 -0.41127890 -0.14448370 0.00000000
0.23667380 -0.73934970 0.63035510 0.00000000
-0.36607580 0.53311520 0.76274310 0.00000000
-0.12612450 1.06600500 -0.46681620 1.00000000

-0.55838720 0.53338460 -0.63537760 0.00000000
-0.76944710 -0.61928150 0.15633880 0.00000000
-0.31008880 0.57618700 0.75620980 0.00000000
-0.07422829 1.07901800 -0.50206630 1.00000000

-0.92200330 -0.37682570 -0.08894977 0.00000000
0.23258230 -0.72270590 0.65084670 0.00000000
-0.30954050 0.57939490 0.75398040 0.00000000
-0.11202720 1.04768900 -0.49364610 1.00000000

-0.56267430 0.42027010 -0.71187820 0.00000000
-0.73797610 -0.64343040 0.20344160 0.00000000
-0.37254370 0.63982060 0.67219130 0.00000000
-0.05704338 1.05422200 -0.52638040 1.00000000

-0.92539260 -0.32000340 -0.20309170 0.00000000
0.08385023 -0.69542600 0.71368920 0.00000000
-0.36961810 0.64341330 0.67037430 0.00000000
-0.09168588 1.02401700 -0.51683030 1.00000000

-0.49676920 0.50530920 -0.70560840 0.00000000
-0.83915770 -0.48710330 0.24196120 0.00000000
-0.22143870 0.71231540 0.66601190 0.00000000
-0.04062597 1.03122200 -0.54725740 1.00000000

-0.97555740 -0.08537570 -0.20248130 0.00000000
-0.08649755 -0.69785630 0.71099570 0.00000000
-0.20200460 0.71113120 0.67341420 0.00000000
-0.07597602 1.01009000 -0.53637020 1.00000000

0.22294720 0.07501458 0.97194020 0.00000000
-0.61554320 -0.76229550 0.20002990 0.00000000
0.75591070 -0.64286740 -0.12377690 0.00000000
-0.03798991 1.08837500 -0.40548110 1.00000000

-0.36148660 -0.47774340 0.80068060 0.00000000
-0.85629640 -0.16965630 -0.48782520 0.00000000
0.36889570 -0.86196190 -0.34776140 0.00000000
-0.07425398 1.04311700 -0.39188490 1.00000000

0.04325169 0.65973790 -0.75025000 0.00000000
-0.90563900 -0.29118640 -0.30826690 0.00000000
-0.42183800 0.69278870 0.58489010 0.00000000
0.16017710 1.09685900 -0.39134710 1.00000000

0.14347140 0.04111232 -0.98880000 0.00000000
0.48048570 -0.87637100 0.03327915 0.00000000
-0.86518750 -0.47987890 -0.14548810 0.00000000
0.10558960 1.36407300 -0.21154070 1.00000000

-0.10617200 0.40950710 -0.90610790 0.00000000
0.55018870 -0.73485820 -0.39658000 0.00000000
-0.82826300 -0.54063610 -0.14728490 0.00000000
0.12451050 1.34201200 -0.23894930 1.00000000

-0.05979455 0.43757920 -0.89718960 0.00000000
0.55001660 -0.73560730 -0.39542850 0.00000000
-0.83301030 -0.51711360 -0.19669060 0.00000000
0.19051250 1.25373900 -0.28640070 1.00000000

0.93562500 0.24839890 -0.25080620 0.00000000
-0.32471160 0.88430580 -0.33550830 0.00000000
0.13844950 0.39534960 0.90803660 0.00000000
-0.08697828 1.47176800 -0.06784962 1.00000000

0.99531890 0.07993008 -0.05433035 0.00000000
-0.09493749 0.91386220 -0.39476930 0.00000000
0.01809663 0.39807920 0.91717270 0.00000000
-0.11750120 1.55489300 -0.09938746 1.00000000

0.99531890 0.07993008 -0.05433035 0.00000000
-0.09660856 0.80702850 -0.58255630 0.00000000
-0.00271758 0.58507780 0.81097260 0.00000000
-0.12774510 1.59031900 -0.23493550 1.00000000

0.99531890 0.07993008 -0.05433035 0.00000000
0.09531429 -0.71878560 0.68866750 0.00000000
0.01599342 -0.69062200 -0.72303920 0.00000000
-0.06313438 1.58221500 -0.20894780 1.00000000

0.99531890 0.07993008 -0.05433035 0.00000000
-0.09575394 0.73932240 -0.66650840 0.00000000
-0.01310641 0.66859070 0.74351510 0.00000000
-0.18681450 1.57053100 -0.20044050 1.00000000

0.99531850 0.07999552 -0.05423924 0.00000000
0.09661457 -0.80837350 0.58068770 0.00000000
0.00260681 -0.58320930 -0.81231800 0.00000000
-0.08783951 1.60972600 -0.20089540 1.00000000

0.99531890 0.07989516 -0.05437878 0.00000000
-0.09660850 0.80702630 -0.58255950 0.00000000
-0.00265855 0.58508590 0.81096700 0.00000000
-0.16631170 1.60342500 -0.19661210 1.00000000

0.96336320 0.19658710 -0.18244200 0.00000000
0.26642270 -0.77964630 0.56671940 0.00000000
-0.03083053 -0.59456320 -0.80345780 0.00000000
-0.10874770 1.59516700 -0.23841040 1.00000000

0.97725380 0.18681940 -0.10036690 0.00000000
-0.21025480 0.79166020 -0.57364370 0.00000000
-0.02771121 0.58169810 0.81293270 0.00000000
-0.14410250 1.59288700 -0.23790110 1.00000000

0.98793000 0.12000720 0.09794143 0.00000000
0.07136029 -0.91379420 0.39986020 0.00000000
0.13748430 -0.38804480 -0.91132870 0.00000000
-0.05141421 1.62363100 -0.20338100 1.00000000

0.98739660 0.05395743 -0.14878480 0.00000000
-0.11848730 0.87526040 -0.46891360 0.00000000
0.10492410 0.48063260 0.87062240 0.00000000
-0.20474480 1.61242900 -0.19666190 1.00000000

0.97823920 0.18258280 -0.09854755 0.00000000
0.20561110 -0.78948250 0.57830890 0.00000000
0.02778772 -0.58598690 -0.80984380 0.00000000
-0.08790090 1.61018600 -0.20134400 1.00000000

0.99967380 -0.02374451 -0.00941846 0.00000000
0.01371843 0.81007370 -0.58616740 0.00000000
0.02154788 0.58584690 0.81013530 0.00000000
-0.16631300 1.60343500 -0.19662130 1.00000000

0.99325320 0.09624548 -0.06469119 0.00000000
-0.11596350 0.82062760 -0.55957380 0.00000000
-0.00076917 0.56330010 0.82625200 0.00000000
-0.12227350 1.59222300 -0.13189510 1.00000000

0.95423450 0.25114970 -0.16235980 0.00000000
0.29896730 -0.81463110 0.49698540 0.00000000
-0.00744572 -0.52278080 -0.85243460 0.00000000
-0.10459350 1.50739400 -0.21452750 1.00000000

0.99380620 0.09224772 -0.06196532 0.00000000
-0.11112580 0.82811370 -0.54943480 0.00000000
0.00063014 0.55291750 0.83323570 0.00000000
-0.11971430 1.50689900 -0.21671870 1.00000000

0.99710690 -0.06661437 0.03661153 0.00000000
0.07592843 0.85023010 -0.52090660 0.00000000
0.00357163 0.52217950 0.85282830 0.00000000
-0.13714570 1.50616700 -0.21084100 1.00000000

0.99064480 0.11696320 -0.07030329 0.00000000
0.13562090 -0.78657000 0.60242390 0.00000000
0.01516300 -0.60632260 -0.79507410 0.00000000
-0.09742630 1.52239500 -0.20288480 1.00000000

0.99628700 0.07005052 -0.05005312 0.00000000
-0.08604950 0.79123560 -0.60542700 0.00000000
-0.00280660 0.60748590 0.79432550 0.00000000
-0.14794900 1.51878000 -0.19718730 1.00000000

0.98559590 0.15031660 -0.07749626 0.00000000
0.16507230 -0.75544490 0.63407770 0.00000000
0.03676826 -0.63773680 -0.76937640 0.00000000
-0.10680440 1.53122800 -0.21743010 1.00000000

0.99453040 0.08721574 -0.05746862 0.00000000
-0.10379360 0.76379540 -0.63705840 0.00000000
-0.01166725 0.63953870 0.76867030 0.00000000
-0.12184260 1.52813400 -0.22063620 1.00000000

0.99859200 0.03196523 -0.04233485 0.00000000
-0.05184999 0.75675090 -0.65164370 0.00000000
0.01120698 0.65292130 0.75734290 0.00000000
-0.13977770 1.52971300 -0.21439330 1.00000000

0.99527980 0.08030447 -0.05449209 0.00000000
0.09580189 -0.72333330 0.68382080 0.00000000
0.01549792 -0.68581340 -0.72761250 0.00000000
-0.10810020 1.56134000 -0.22162920 1.00000000

0.99527980 0.08030447 -0.05449209 0.00000000
-0.09580186 0.72333330 -0.68382060 0.00000000
-0.01549795 0.68581320 0.72761250 0.00000000
-0.12504720 1.55205500 -0.24180540 1.00000000

0.99527980 0.08030447 -0.05449209 0.00000000
-0.09580186 0.72333330 -0.68382060 0.00000000
-0.01549795 0.68581320 0.72761250 0.00000000
-0.14097700 1.55810700 -0.21957780 1.00000000

0.99531890 0.07993008 -0.05433035 0.00000000
0.07235742 -0.24361450 0.96716920 0.00000000
0.06407025 -0.96657300 -0.24825770 0.00000000
-0.12195750 1.65388100 -0.03539630 1.00000000

0.99531890 0.07993008 -0.05433035 0.00000000
-0.09559119 0.89703020 -0.43150810 0.00000000
0.01424548 0.43468150 0.90047150 0.00000000
-0.13201670 1.68601300 -0.17240230 1.00000000

0.48525000 -0.84228350 0.23471460 0.00000000
0.49799250 0.04558092 -0.86598270 0.00000000
0.71870450 0.53710400 0.44156900 0.00000000
-0.08548634 1.44094300 0.01371724 1.00000000

0.30905320 -0.65879280 -0.68591420 0.00000000
0.73355710 0.62414780 -0.26894910 0.00000000
0.60529370 -0.42003750 0.67615700 0.00000000
-0.19698680 1.43073700 0.20761080 1.00000000

0.38034960 -0.61109420 -0.69418880 0.00000000
0.34869240 -0.60045500 0.71963050 0.00000000
-0.85659100 -0.51576930 -0.01529911 0.00000000
-0.40350760 1.25502100 0.28333120 1.00000000

0.89840600 0.35951710 0.25221910 0.00000000
0.09946361 -0.72596060 0.68050610 0.00000000
0.42775470 -0.58628390 -0.68796600 0.00000000
-0.48792390 1.40037900 0.10936800 1.00000000

-0.90202910 -0.22799350 -0.36655600 0.00000000
0.42775470 -0.58628390 -0.68796600 0.00000000
-0.05805409 -0.77736120 0.62637050 0.00000000
-0.46911120 1.47348500 0.06203027 1.00000000

0.62606570 -0.42611130 0.65304780 0.00000000
-0.70071260 -0.67487170 0.23140950 0.00000000
0.34211730 -0.60247610 -0.72109530 0.00000000
-0.52506310 1.54575400 0.04549137 1.00000000

-0.36136980 -0.78810380 0.49830190 0.00000000
-0.87073770 0.09408085 -0.48266460 0.00000000
0.33350910 -0.60831040 -0.72022940 0.00000000
-0.49153830 1.57804200 0.03442032 1.00000000

0.64810650 -0.39766830 0.64947560 0.00000000
-0.65956740 -0.71943770 0.21767110 0.00000000
0.38069640 -0.56944660 -0.72856100 0.00000000
-0.51027890 1.52381900 0.01733935 1.00000000

-0.39384950 -0.81358370 0.42774340 0.00000000
-0.83496520 0.12208650 -0.53659000 0.00000000
0.38433900 -0.56848630 -0.72739740 0.00000000
-0.47682650 1.55929000 0.00714590 1.00000000

0.55925890 -0.40418290 0.72378580 0.00000000
-0.70662100 -0.68897330 0.16125320 0.00000000
0.43349340 -0.60162440 -0.67091860 0.00000000
-0.48964690 1.50249400 -0.00757888 1.00000000

-0.31167930 -0.80088130 0.51131740 0.00000000
-0.84304440 -0.01515889 -0.53763100 0.00000000
0.43832940 -0.59863160 -0.67045330 0.00000000
-0.45647670 1.53483700 -0.01514881 1.00000000

0.46936250 -0.44629250 0.76192030 0.00000000
-0.71041580 -0.70331410 0.02566999 0.00000000
0.52441280 -0.55332850 -0.64716220 0.00000000
-0.47027760 1.48246900 -0.02898265 1.00000000

-0.18818820 -0.83237080 0.52129130 0.00000000
-0.82790340 -0.15109430 -0.54013600 0.00000000
0.52835750 -0.53322580 -0.66068810 0.00000000
-0.43965760 1.51208200 -0.02945014 1.00000000

0.23979300 -0.25463800 -0.93683450 0.00000000
-0.82494400 -0.56219550 -0.05834487 0.00000000
-0.51182750 0.78682660 -0.34487280 0.00000000
-0.50629440 1.50139800 0.11838890 1.00000000

-0.53966900 -0.69999840 -0.46771800 0.00000000
-0.58338500 -0.08960731 0.80723790 0.00000000
-0.60697620 0.70850080 -0.36001020 0.00000000
-0.45759110 1.53531400 0.12348770 1.00000000

0.89643620 -0.01041318 -0.44305100 0.00000000
0.34869240 -0.60045500 0.71963050 0.00000000
-0.27352580 -0.79959080 -0.53463840 0.00000000
-0.44949170 1.33419900 0.18868070 1.00000000

0.86704310 -0.42483840 -0.26028560 0.00000000
0.41290420 0.90506560 -0.10181470 0.00000000
0.27883040 -0.01919529 0.96014860 0.00000000
-0.17693720 1.44910600 0.16743080 1.00000000

0.60410010 -0.78011660 -0.16273060 0.00000000
0.73355710 0.62414780 -0.26894910 0.00000000
0.31137980 0.04309998 0.94930780 0.00000000
-0.19698680 1.43073700 0.20761080 1.00000000

0.58985300 -0.78055610 -0.20689500 0.00000000
0.73313740 0.62505290 -0.26798950 0.00000000
0.33850120 0.00639187 0.94094430 0.00000000
-0.28496330 1.35573100 0.23976950 1.00000000

0.54274000 0.01789259 -0.83971020 0.00000000
0.13942970 0.98398130 0.11108600 0.00000000
0.82824680 -0.17737140 0.53155130 0.00000000
-0.10626960 0.98242570 -0.15923560 1.00000000

0.54114880 0.00688859 -0.84089860 0.00000000
0.15705180 0.98154460 0.10910930 0.00000000
0.82613120 -0.19110900 0.53008000 0.00000000
-0.19050980 0.98848680 -0.04356887 1.00000000

0.54964520 0.01927085 -0.83517590 0.00000000
-0.12793910 -0.98599860 -0.10695010 0.00000000
-0.82554330 0.16563620 -0.53948390 0.00000000
-0.07870453 0.97337940 0.12473710 1.00000000

1.00000000 0.00000000 0.00000000 0.00000000
0.00000000 1.00000000 0.00000000 0.00000000
0.00000000 0.00000000 1.00000000 0.00000000
0.00000000 0.00000000 0.00000000 1.00000000

1.00000000 0.00000000 0.00000000 0.00000000
0.00000000 1.00000000 0.00000000 0.00000000
0.00000000 0.00000000 1.00000000 0.00000000
0.00000000 0.00000000 0.00000000 1.00000000

0.99531890 0.07993008 -0.05433035 0.00000000
-0.09559119 0.89703010 -0.43150820 0.00000000
0.01424548 0.43468160 0.90047150 0.00000000
-0.11639750 1.54171500 -0.09855090 1.00000000

0.54181100 0.01903324 -0.84028480 0.00000000
-0.00827433 0.99981590 0.01731153 0.00000000
0.84045960 -0.00242678 0.54186870 0.00000000
-0.00399514 0.84816270 -0.01763116 1.00000000

0.96035090 0.27196280 0.06133935 0.00000000
0.27212590 -0.86657830 -0.41831780 0.00000000
-0.06061152 0.41842380 -0.90622720 0.00000000
0.06354386 0.81962800 -0.13244220 1.00000000

0.96035090 0.27196280 0.06133935 0.00000000
0.24530820 -0.92884420 0.27761980 0.00000000
0.13247690 -0.25156550 -0.95873090 0.00000000
0.17239420 0.47299670 -0.29976930 1.00000000

0.99737480 0.06248706 0.03659019 0.00000000
0.06289810 -0.99796810 -0.01019020 0.00000000
0.03587911 0.01246489 -0.99927850 0.00000000
0.26009290 0.14148420 -0.20297180 1.00000000

0.99742520 0.06247692 0.03520781 0.00000000
0.06145502 -0.99767700 0.02939701 0.00000000
0.03696266 -0.02715777 -0.99894780 0.00000000
0.27156240 0.03921366 -0.34095390 1.00000000

0.53421190 -0.27072830 -0.80082700 0.00000000
0.35453200 0.93174400 -0.07848676 0.00000000
0.76741430 -0.24199020 0.59373060 0.00000000
-0.08006228 0.81458280 0.09027375 1.00000000

0.53421070 -0.27072820 -0.80082780 0.00000000
-0.26351280 0.84679940 -0.46205170 0.00000000
0.80323080 0.45786140 0.38102890 0.00000000
-0.22187530 0.44188610 0.12166900 1.00000000

0.31247000 -0.06867584 -0.94744190 0.00000000
0.02745746 0.99761950 -0.06325741 0.00000000
0.94953060 -0.00624830 0.31361170 0.00000000
-0.12975990 0.13915030 0.28545930 1.00000000

0.31247000 -0.06867584 -0.94744190 0.00000000
0.06057877 0.99679370 -0.05227401 0.00000000
0.94799410 -0.04106089 0.31562830 0.00000000
-0.26272450 0.03606427 0.24907880 1.00000000

0.55255750 0.02691762 -0.83303990 0.00000000
-0.02024543 0.99961690 0.01887130 0.00000000
0.83322880 0.00643778 0.55289080 0.00000000
-0.00512381 0.98454310 -0.01526975 1.00000000

0.57617520 -0.00029221 -0.81732610 0.00000000
-0.10831100 0.99115310 -0.07670838 0.00000000
0.81011770 0.13272290 0.57104620 0.00000000
-0.00861673 1.15700600 -0.01201391 1.00000000

0.60415030 -0.01903716 -0.79664300 0.00000000
-0.39854160 0.85848270 -0.32275700 0.00000000
0.69004860 0.51248910 0.51106550 0.00000000
-0.02893713 1.34295800 -0.02640530 1.00000000

-0.30806770 0.66264330 -0.68264070 0.00000000
0.59358760 -0.42686050 -0.68223460 0.00000000
-0.74347050 -0.61538140 -0.26183490 0.00000000
-0.01050131 1.43835900 -0.09415417 1.00000000

0.11069120 0.53748770 -0.83597510 0.00000000
0.55106550 -0.73319450 -0.39843850 0.00000000
-0.82708790 -0.41657330 -0.37734900 0.00000000
0.12240260 1.34278600 -0.24690610 1.00000000

0.13977310 0.47242040 -0.87021970 0.00000000
-0.90537600 -0.29488910 -0.30550770 0.00000000
-0.40094640 0.83057810 0.38650060 0.00000000
0.27754880 1.13636400 -0.35908240 1.00000000

0.33351270 0.84071830 -0.42657040 0.00000000
-0.81459790 0.02922582 -0.57928970 0.00000000
-0.47455260 0.54068390 0.69459420 0.00000000
0.05856077 1.06511100 -0.43313630 1.00000000

-0.22570300 -0.79316740 0.56563570 0.00000000
-0.58496560 0.57463600 0.57237180 0.00000000
-0.77902110 -0.20169150 -0.59367250 0.00000000
-0.11728360 1.09727700 -0.41006500 1.00000000

-0.59904870 0.49320240 -0.63078700 0.00000000
-0.71553180 -0.68331120 0.14525910 0.00000000
-0.35938160 0.53836550 0.76223840 0.00000000
-0.09388802 1.09814300 -0.48069200 1.00000000

-0.89852970 -0.41570630 -0.14083120 0.00000000
0.24347290 -0.73904620 0.62811800 0.00000000
-0.36519340 0.53009410 0.76526760 0.00000000
-0.12812170 1.06545000 -0.47374230 1.00000000

-0.56414050 0.53143050 -0.63192360 0.00000000
-0.76549340 -0.62347510 0.15905740 0.00000000
-0.30946070 0.57346400 0.75853360 0.00000000
-0.07646122 1.07878200 -0.50921850 1.00000000

-0.92046070 -0.38144910 -0.08514196 0.00000000
0.23939300 -0.72245380 0.64865370 0.00000000
-0.30893950 0.57667800 0.75630620 0.00000000
-0.11405770 1.04724600 -0.50066620 1.00000000

-0.56820770 0.41840830 -0.70857240 0.00000000
-0.73367490 -0.64753070 0.20597420 0.00000000
-0.37264110 0.63689810 0.67490730 0.00000000
-0.05926443 1.05411100 -0.53365100 1.00000000

-0.92468480 -0.32447680 -0.19918120 0.00000000
0.09082228 -0.69603440 0.71224130 0.00000000
-0.36974280 0.64050850 0.67308190 0.00000000
-0.09370501 1.02371400 -0.52398200 1.00000000

-0.50271280 0.50377700 -0.70248760 0.00000000
-0.83547700 -0.49178470 0.24520710 0.00000000
-0.22194300 0.71018100 0.66812030 0.00000000
-0.04282794 1.03122800 -0.55464000 1.00000000

-0.97605510 -0.09011239 -0.19798170 0.00000000
-0.07952148 -0.69934030 0.71035160 0.00000000
-0.20246800 0.70908630 0.67542860 0.00000000
-0.07801650 1.00989700 -0.54361690 1.00000000

0.22717030 0.07473256 0.97098340 0.00000000
-0.61064860 -0.76575700 0.20180400 0.00000000
0.75861870 -0.63877370 -0.12832200 0.00000000
-0.03981333 1.08818500 -0.41279230 1.00000000

-0.35521290 -0.48078220 0.80166890 0.00000000
-0.85771730 -0.17335570 -0.48401350 0.00000000
0.37167900 -0.85953310 -0.35079700 0.00000000
-0.07577858 1.04271900 -0.39909220 1.00000000

0.03778985 0.66068450 -0.74971160 0.00000000
-0.90537600 -0.29488910 -0.30550770 0.00000000
-0.42292590 0.69031630 0.58702400 0.00000000
0.15834990 1.09761300 -0.39946380 1.00000000

0.14133020 0.04239736 -0.98905410 0.00000000
0.48258400 -0.87528560 0.03143795 0.00000000
-0.86437190 -0.48174470 -0.14416470 0.00000000
0.10370340 1.36453200 -0.21958020 1.00000000

-0.10900000 0.41014220 -0.90548460 0.00000000
0.55106550 -0.73319450 -0.39843850 0.00000000
-0.82731250 -0.54241110 -0.14609690 0.00000000
0.12240260 1.34278600 -0.24690610 1.00000000

-0.06269261 0.43829790 -0.89664070 0.00000000
0.55089960 -0.73394370 -0.39728640 0.00000000
-0.83221350 -0.51886600 -0.19544530 0.00000000
0.18851060 1.25471200 -0.29458050 1.00000000

0.93471940 0.25060050 -0.25198950 0.00000000
-0.32692800 0.88435820 -0.33320950 0.00000000
0.13934660 0.39383980 0.90855520 0.00000000
-0.08871839 1.47173100 -0.07481885 1.00000000

0.99524010 0.08073816 -0.05457249 0.00000000
-0.09572886 0.91480690 -0.39238290 0.00000000
0.01824307 0.39573940 0.91818170 0.00000000
-0.11944960 1.55486000 -0.10614060 1.00000000

0.99524010 0.08073816 -0.05457249 0.00000000
-0.09741291 0.80845370 -0.58044230 0.00000000
-0.00274462 0.58299560 0.81247040 0.00000000
-0.12977850 1.59062700 -0.24159270 1.00000000

0.99524010 0.08073816 -0.05457249 0.00000000
0.09610730 -0.72048390 0.68678000 0.00000000
0.01613098 -0.68875580 -0.72481410 0.00000000
-0.06515062 1.58250000 -0.21565490 1.00000000

0.99524010 0.08073816 -0.05457249 0.00000000
-0.09655067 0.74096360 -0.66456810 0.00000000
-0.01321995 0.66667400 0.74523200 0.00000000
-0.18881890 1.57071000 -0.20712200 1.00000000

0.99524000 0.08080344 -0.05448109 0.00000000
0.09741895 -0.80979390 0.57857020 0.00000000
0.00263199 -0.58112390 -0.81381090 0.00000000
-0.08987056 1.60997400 -0.20752090 1.00000000

0.99524030 0.08070340 -0.05462095 0.00000000
-0.09741288 0.80845140 -0.58044540 0.00000000
-0.00268555 0.58300350 0.81246510 0.00000000
-0.16833660 1.60360900 -0.20321860 1.00000000

0.96314850 0.19770160 -0.18237030 0.00000000
0.26720130 -0.78091690 0.56459930 0.00000000
-0.03079382 -0.59252270 -0.80496490 0.00000000
-0.11078590 1.59549600 -0.24506370 1.00000000

0.97708270 0.18773300 -0.10032670 0.00000000
-0.21104480 0.79298630 -0.57151810 0.00000000
-0.02773508 0.57959400 0.81443320 0.00000000
-0.14613900 1.59319100 -0.24454440 1.00000000

0.98789320 0.12042000 0.09780481 0.00000000
0.07215393 -0.91476790 0.39748460 0.00000000
0.13733380 -0.38561540 -0.91238160 0.00000000
-0.05345574 1.62390900 -0.20998720 1.00000000

0.98729270 0.05500241 -0.14908950 0.00000000
-0.11928630 0.87637940 -0.46661530 0.00000000
0.10499410 0.47847030 0.87180410 0.00000000
-0.20677570 1.61258600 -0.20322800 1.00000000

0.97807170 0.18349240 -0.09851870 0.00000000
0.20640170 -0.79082380 0.57619120 0.00000000
0.02781582 -0.58389080 -0.81135550 0.00000000
-0.08993245 1.61043400 -0.20796840 1.00000000

0.99968490 -0.02304818 -0.00992841 0.00000000
0.01291034 0.81158240 -0.58409520 0.00000000
0.02151999 0.58378310 0.81162430 0.00000000
-0.16833780 1.60361800 -0.20322770 1.00000000

0.99315910 0.09707870 -0.06489044 0.00000000
-0.11676670 0.82198100 -0.55741630 0.00000000
-0.00077453 0.56118010 0.82769320 0.00000000
-0.12426160 1.59227000 -0.13855030 1.00000000

0.95399210 0.25220650 -0.16214420 0.00000000
0.29973810 -0.81570090 0.49476140 0.00000000
-0.00747916 -0.52059940 -0.85376830 0.00000000
-0.10656200 1.50766500 -0.22140780 1.00000000

0.99371590 0.09307437 -0.06217512 0.00000000
-0.11192940 0.82944430 -0.54726030 0.00000000
0.00063473 0.55078050 0.83464980 0.00000000
-0.12168350 1.50716500 -0.22359350 1.00000000

0.99716770 -0.06603764 0.03599283 0.00000000
0.07512288 0.85161330 -0.51875970 0.00000000
0.00360575 0.51999440 0.85416200 0.00000000
-0.13911170 1.50640700 -0.21770980 1.00000000

0.99053420 0.11780900 -0.07044825 0.00000000
0.13642040 -0.78802000 0.60034480 0.00000000
0.01521146 -0.60427270 -0.79663230 0.00000000
-0.09939963 1.52264200 -0.20972990 1.00000000

0.99621690 0.07084839 -0.05032098 0.00000000
-0.08685350 0.79272650 -0.60335820 0.00000000
-0.00285620 0.60544620 0.79588090 0.00000000
-0.14991720 1.51897800 -0.20401900 1.00000000

0.98545970 0.15117730 -0.07755357 0.00000000
0.16586520 -0.75695640 0.63206510 0.00000000
0.03684932 -0.63573780 -0.77102480 0.00000000
-0.10879030 1.53150500 -0.22424830 1.00000000

0.99444540 0.08803134 -0.05769175 0.00000000
-0.10459340 0.76535560 -0.63505180 0.00000000
-0.01174983 0.63755870 0.77031200 0.00000000
-0.12382780 1.52841000 -0.22745550 1.00000000

0.99855100 0.03274497 -0.04270142 0.00000000
-0.05265173 0.75838360 -0.64967860 0.00000000
