MeshAnim
1
34
83
30
0.77101240 -0.00988551 -0.63674350 0.00000000
-0.01891703 0.99908270 -0.03841688 0.00000000
0.63653920 0.04166519 0.77011810 0.00000000
0.01057782 0.87642340 0.04061815 1.00000000

0.97381820 0.18073090 0.13789330 0.00000000
0.22147860 -0.89100520 -0.39630440 0.00000000
0.05123910 0.41646890 -0.90770510 0.00000000
0.10991930 0.84384190 -0.04671482 1.00000000

0.97381820 0.18073090 0.13789330 0.00000000
0.17281900 -0.98264210 0.06744002 0.00000000
0.14768820 -0.04184372 -0.98814850 0.00000000
0.19851070 0.48743990 -0.20523660 1.00000000

0.99760330 0.05889728 0.03631419 0.00000000
0.05900377 -0.99825610 -0.00186501 0.00000000
0.03614086 0.00400324 -0.99933870 0.00000000
0.26041450 0.13722260 -0.18339320 1.00000000

0.99738090 0.06481752 0.03209594 0.00000000
0.06361135 -0.99727850 0.03727721 0.00000000
0.03442466 -0.03513793 -0.99878940 0.00000000
0.27151410 0.03376257 -0.32051610 1.00000000

0.57722410 -0.23685460 -0.78148080 0.00000000
0.25991580 0.96052860 -0.09913989 0.00000000
0.77411630 -0.14589330 0.61600250 0.00000000
-0.09443626 0.84646160 0.12205290 1.00000000

0.57722340 -0.23685460 -0.78148130 0.00000000
-0.18509610 0.89415000 -0.40771970 0.00000000
0.79533180 0.37999450 0.47228340 0.00000000
-0.19840290 0.46225110 0.16170940 1.00000000

0.31513080 -0.07407244 -0.94615330 0.00000000
-0.00302961 0.99686600 -0.07905167 0.00000000
0.94904340 0.02777810 0.31391870 0.00000000
-0.13421080 0.14281600 0.30593880 1.00000000

0.31649990 -0.09574541 -0.94374820 0.00000000
-0.13088370 0.98096970 -0.14341540 0.00000000
0.93951980 0.16891220 0.29794540 0.00000000
-0.26393210 0.03514618 0.27116180 1.00000000

0.78026340 -0.01236932 -0.62532880 0.00000000
-0.00303016 0.99971800 -0.02355586 0.00000000
0.62544380 0.02027462 0.78000580 0.00000000
0.00799744 1.01270400 0.03537787 1.00000000

0.80547570 -0.03618791 -0.59152300 0.00000000
-0.04353752 0.99182340 -0.11996220 0.00000000
0.59102760 0.12238010 0.79731400 0.00000000
0.00747464 1.18518400 0.03131380 1.00000000

0.83185750 -0.04862344 -0.55285530 0.00000000
-0.19325780 0.90843030 -0.37068280 0.00000000
0.52025440 0.41519880 0.74628770 0.00000000
-0.00069350 1.37126200 0.00880748 1.00000000

-0.04703373 0.82428230 -0.56422200 0.00000000
0.88598000 -0.22644630 -0.40467490 0.00000000
-0.46133240 -0.51892270 -0.71964700 0.00000000
0.04736536 1.46698100 -0.04178363 1.00000000

0.50629110 0.14470610 -0.85013500 0.00000000
0.45731030 -0.88084160 0.12241460 0.00000000
-0.73112010 -0.45075290 -0.51213790 0.00000000
0.24573570 1.41628000 -0.13239020 1.00000000

0.50629200 0.14470460 -0.85013470 0.00000000
-0.05187273 -0.97892560 -0.19751920 0.00000000
-0.86080070 0.14410120 -0.48811590 0.00000000
0.37448650 1.16828900 -0.09792626 1.00000000

0.54981020 0.04908334 -0.83384630 0.00000000
-0.33723660 -0.90025070 -0.27535470 0.00000000
-0.76418610 0.43259640 -0.47841440 0.00000000
0.36202620 0.93150950 -0.14585410 1.00000000

-0.48289670 0.10798920 0.86899320 0.00000000
-0.76418610 0.43259640 -0.47841420 0.00000000
-0.42758690 -0.89509710 -0.12637570 0.00000000
0.31500030 0.85585390 -0.14384400 1.00000000

-0.48893810 -0.86350650 -0.12367930 0.00000000
-0.45498200 0.13147400 0.88074200 0.00000000
-0.74426560 0.48690000 -0.45716220 0.00000000
0.26530770 0.81863840 -0.21292790 1.00000000

-0.36097090 0.26224030 0.89494740 0.00000000
0.56185260 0.82708760 -0.01573622 0.00000000
-0.74432650 0.49714780 -0.44589480 0.00000000
0.24353970 0.82492870 -0.17079000 1.00000000

-0.42092680 -0.89637490 -0.13904250 0.00000000
-0.49023810 0.09583190 0.86630440 0.00000000
-0.76320860 0.43281460 -0.47977520 0.00000000
0.29511090 0.80045710 -0.19639070 1.00000000

-0.40167800 0.27013480 0.87503290 0.00000000
0.50695430 0.86133380 -0.03319149 0.00000000
-0.76266130 0.43026940 -0.48292470 0.00000000
0.27106920 0.80610100 -0.15313200 1.00000000

-0.44316300 -0.89438760 -0.06064481 0.00000000
-0.46359310 0.17075420 0.86943920 0.00000000
-0.76726030 0.41341770 -0.49030380 0.00000000
0.32218360 0.78410850 -0.17400480 1.00000000

-0.41160820 0.28039100 0.86715630 0.00000000
0.49379150 0.86834240 -0.04638919 0.00000000
-0.76599560 0.40910010 -0.49587140 0.00000000
0.30042140 0.79212420 -0.13319100 1.00000000

-0.45813240 -0.88574620 -0.07462224 0.00000000
-0.44144000 0.15384970 0.88400300 0.00000000
-0.77152160 0.43793150 -0.46148710 0.00000000
0.34673960 0.77054910 -0.15285100 1.00000000

-0.34230820 0.36607650 0.86534010 0.00000000
0.56803660 0.81424380 -0.11975840 0.00000000
-0.74843820 0.45055030 -0.48666710 0.00000000
0.32828400 0.77782160 -0.11515170 1.00000000

-0.52288870 0.44035320 -0.72984710 0.00000000
-0.73572840 -0.66553810 0.12555000 0.00000000
-0.43045470 0.60261770 0.67198270 0.00000000
0.27059680 0.89999080 -0.18150450 1.00000000

-0.92379000 -0.21240410 -0.31858540 0.00000000
0.01131627 -0.84681530 0.53176700 0.00000000
-0.38273230 0.48763590 0.78468300 0.00000000
0.22588290 0.86112710 -0.17529490 1.00000000

0.54333910 0.13828460 -0.82804600 0.00000000
-0.05187273 -0.97892560 -0.19751920 0.00000000
-0.83790930 0.15027290 -0.52471530 0.00000000
0.36774360 1.03940500 -0.12408380 1.00000000

0.61206780 -0.28522140 -0.73757840 0.00000000
0.15250120 -0.87261460 0.46399040 0.00000000
-0.77596160 -0.39647520 -0.49060280 0.00000000
0.25476550 1.41615500 -0.14135390 1.00000000

0.46118140 0.11720100 -0.87953150 0.00000000
0.45731030 -0.88084160 0.12241460 0.00000000
-0.76038070 -0.45867420 -0.45982500 0.00000000
0.24573570 1.41628000 -0.13239020 1.00000000

0.49721260 0.13751450 -0.85666170 0.00000000
0.45659840 -0.88104770 0.12358400 0.00000000
-0.73776530 -0.45259780 -0.50085710 0.00000000
0.30052750 1.31055400 -0.11756010 1.00000000

0.97226250 0.21654080 -0.08840632 0.00000000
-0.23160730 0.83863510 -0.49300000 0.00000000
-0.03261408 0.49980100 0.86552600 0.00000000
-0.02968216 1.50752700 -0.04679494 1.00000000

0.98863640 0.14725980 0.03020814 0.00000000
-0.13331210 0.95171930 -0.27651040 0.00000000
-0.06946856 0.26934110 0.96053610 0.00000000
-0.05145331 1.58635800 -0.09313713 1.00000000

0.98863640 0.14725980 0.03020814 0.00000000
-0.11527930 0.87165400 -0.47637170 0.00000000
-0.09648156 0.46747600 0.87872490 0.00000000
-0.05536288 1.63928600 -0.22320090 1.00000000

0.98863640 0.14725980 0.03020814 0.00000000
0.10089730 -0.79898770 0.59282280 0.00000000
0.11143490 -0.58303820 -0.80476640 0.00000000
0.00783814 1.63166900 -0.19382090 1.00000000

0.98863640 0.14725980 0.03020814 0.00000000
-0.10421790 0.81623760 -0.56823840 0.00000000
-0.10833560 0.55863290 0.82230950 0.00000000
-0.11500190 1.61139700 -0.19607020 1.00000000

0.98861790 0.14734970 0.03037786 0.00000000
0.11550220 -0.87273310 0.47433810 0.00000000
0.09640533 -0.46543030 -0.87981870 0.00000000
-0.01921379 1.65626000 -0.18404790 1.00000000

0.98864630 0.14721180 0.03011796 0.00000000
-0.11527820 0.87164860 -0.47638180 0.00000000
-0.09638131 0.46750110 0.87872240 0.00000000
-0.09715916 1.64465000 -0.18642970 1.00000000

0.95690940 0.27815990 -0.08337528 0.00000000
0.28341030 -0.83204160 0.47684920 0.00000000
0.06326881 -0.47993090 -0.87502210 0.00000000
-0.03656913 1.64571500 -0.22459540 1.00000000

0.96610590 0.25813310 -0.00251094 0.00000000
-0.22789840 0.84829800 -0.47796740 0.00000000
-0.12124920 0.46233940 0.87837400 0.00000000
-0.07163391 1.64123100 -0.22699890 1.00000000

0.96859060 0.16562170 0.18547710 0.00000000
0.10950860 -0.95378830 0.27981420 0.00000000
0.22324920 -0.25071390 -0.94196740 0.00000000
0.01622557 1.67257200 -0.18198370 1.00000000

0.98870120 0.13400570 -0.06717414 0.00000000
-0.14922940 0.92224780 -0.35663620 0.00000000
0.01415986 0.36263100 0.93182530 0.00000000
-0.13604690 1.65121100 -0.18812220 1.00000000

0.96726750 0.25375570 -0.00119957 0.00000000
0.22282010 -0.84706630 0.48252450 0.00000000
0.12142730 -0.46699750 -0.87588160 0.00000000
-0.01927820 1.65677200 -0.18443530 1.00000000

0.99736610 0.03888131 0.06122959 0.00000000
-0.00543961 0.88189860 -0.47140790 0.00000000
-0.07232732 0.46983330 0.87978720 0.00000000
-0.09716048 1.64466100 -0.18643770 1.00000000

0.98610220 0.16468120 0.02196941 0.00000000
-0.13699290 0.88077630 -0.45328380 0.00000000
-0.09399754 0.44397440 0.89109550 0.00000000
-0.05672754 1.62741900 -0.12069150 1.00000000

0.94267670 0.32880520 -0.05698967 0.00000000
0.32278940 -0.85511320 0.40569510 0.00000000
0.08466205 -0.40083500 -0.91223000 0.00000000
-0.02779701 1.55592000 -0.21227520 1.00000000

0.98675750 0.16038980 0.02417678 0.00000000
-0.13336180 0.88708780 -0.44191600 0.00000000
-0.09232563 0.43283970 0.89673050 0.00000000
-0.04267154 1.55480600 -0.21562110 1.00000000

0.99484900 -0.00995354 0.10087820 0.00000000
0.04942639 0.91648300 -0.39700890 0.00000000
-0.08850148 0.39994980 0.91225410 0.00000000
-0.06035216 1.55221500 -0.21119230 1.00000000

0.98240950 0.18577320 0.01896638 0.00000000
0.15138350 -0.85175820 0.50158820 0.00000000
0.10933650 -0.48989400 -0.86489840 0.00000000
-0.02247420 1.56959900 -0.19825670 1.00000000

0.99001910 0.13696620 0.03320247 0.00000000
-0.10217390 0.85981000 -0.50028720 0.00000000
-0.09707031 0.49190140 0.86522280 0.00000000
-0.07287931 1.56216000 -0.19682590 1.00000000

0.97549990 0.21942540 0.01588964 0.00000000
0.17645550 -0.82351110 0.53916000 0.00000000
0.13139070 -0.52314660 -0.84205370 0.00000000
-0.03148910 1.57974700 -0.21215920 1.00000000

0.98754180 0.15484420 0.02801016 0.00000000
-0.11585330 0.83591850 -0.53648700 0.00000000
-0.10648620 0.52655820 0.84344360 0.00000000
-0.04603248 1.57620800 -0.21684530 1.00000000

0.99449690 0.09839599 0.03597105 0.00000000
-0.06270680 0.83412020 -0.54800670 0.00000000
-0.08392587 0.54273550 0.83570020 0.00000000
-0.06440090 1.57582000 -0.21178760 1.00000000

0.98858170 0.14764970 0.03009492 0.00000000
0.10201710 -0.80279190 0.58746700 0.00000000
0.11089930 -0.57768900 -0.80868830 0.00000000
-0.03462848 1.61001500 -0.21242790 1.00000000

0.98858170 0.14764970 0.03009492 0.00000000
-0.10201710 0.80279200 -0.58746690 0.00000000
-0.11089930 0.57768890 0.80868840 0.00000000
-0.04953600 1.60255700 -0.23484740 1.00000000

0.98858170 0.14764970 0.03009492 0.00000000
-0.10201710 0.80279200 -0.58746690 0.00000000
-0.11089930 0.57768890 0.80868840 0.00000000
-0.06725945 1.60453000 -0.21325010 1.00000000

0.98863640 0.14725980 0.03020814 0.00000000
0.02651784 -0.36863930 0.92919420 0.00000000
0.14796890 -0.91783430 -0.36835530 0.00000000
-0.06701065 1.67521200 -0.01713522 1.00000000

0.98863640 0.14725980 0.03020814 0.00000000
-0.13039610 0.94005840 -0.31509800 0.00000000
-0.07479870 0.30757840 0.94857810 0.00000000
-0.07040972 1.72509400 -0.14906170 1.00000000

0.43371630 -0.84243540 0.31967630 0.00000000
0.75329000 0.14433400 -0.64165570 0.00000000
0.49441330 0.51910530 0.69719820 0.00000000
-0.05793668 1.47313500 0.02820121 1.00000000

0.05937317 -0.77198150 -0.63286610 0.00000000
0.75581820 0.44890720 -0.47667700 0.00000000
0.65208400 -0.45003010 0.61013080 0.00000000
-0.22659830 1.44081800 0.17186810 1.00000000

0.05937353 -0.77196590 -0.63288530 0.00000000
0.38350820 -0.56770740 0.72844340 0.00000000
-0.92162690 -0.28596690 0.26234840 0.00000000
-0.43938580 1.31443700 0.30607070 1.00000000

0.28278480 -0.65013250 -0.70523790 0.00000000
0.10397880 -0.71013760 0.69634260 0.00000000
-0.95353070 -0.27024490 -0.13321620 0.00000000
-0.53216920 1.45190200 0.12996480 1.00000000

-0.29099700 0.71142080 0.63968820 0.00000000
-0.95353070 -0.27024490 -0.13321620 0.00000000
0.07809973 -0.64872790 0.75700250 0.00000000
-0.52131510 1.50875400 0.01454070 1.00000000

0.29412930 -0.78411450 -0.54649110 0.00000000
-0.13028680 -0.59934020 0.78982080 0.00000000
-0.94684400 -0.16110880 -0.27844330 0.00000000
-0.49274240 1.57397700 0.02928443 1.00000000

-0.11392090 -0.71768620 0.68698510 0.00000000
-0.36193720 0.67394750 0.64404700 0.00000000
-0.92521550 -0.17527510 -0.33653380 0.00000000
-0.48650890 1.60265100 -0.00850358 1.00000000

0.22015420 -0.78342260 0.58118950 0.00000000
-0.32865070 0.50140240 0.80036520 0.00000000
-0.91843390 -0.36721190 -0.14708660 0.00000000
-0.53016830 1.56591900 0.02412322 1.00000000

-0.23254850 0.19738480 0.95234480 0.00000000
-0.32502020 0.90712260 -0.26737690 0.00000000
-0.91666960 -0.37170940 -0.14679590 0.00000000
-0.51355650 1.54021400 -0.01517651 1.00000000

0.23487920 -0.85796760 0.45686280 0.00000000
-0.35106160 0.36341030 0.86295350 0.00000000
-0.90641470 -0.36307680 -0.21584190 0.00000000
-0.56549500 1.55213300 0.01616609 1.00000000

-0.21535550 0.01698956 0.97638800 0.00000000
-0.46464610 0.87763200 -0.11775510 0.00000000
-0.85890980 -0.47903400 -0.18110890 0.00000000
-0.54901510 1.53507400 -0.02434352 1.00000000

0.20538320 -0.79947320 0.56450010 0.00000000
-0.49518570 0.41262610 0.76454620 0.00000000
-0.84416170 -0.43655730 -0.31114120 0.00000000
-0.59707530 1.53827000 0.00947135 1.00000000

-0.09434882 -0.14103920 0.98549800 0.00000000
-0.65609290 0.75333730 0.04500121 0.00000000
-0.74875930 -0.64233240 -0.16361110 0.00000000
-0.57579830 1.52006700 -0.02263308 1.00000000

-0.64813550 0.13807730 -0.74890260 0.00000000
-0.53335390 0.61963650 0.57583350 0.00000000
0.54355700 0.77264810 -0.32796450 0.00000000
-0.46843200 1.50717900 0.08262059 1.00000000

-0.28379510 0.80180410 0.52589960 0.00000000
0.28174380 -0.45451440 0.84500710 0.00000000
0.91655920 0.38797790 -0.09691429 0.00000000
-0.43775160 1.47570900 0.05149315 1.00000000

0.17550170 -0.72958120 -0.66099190 0.00000000
0.38350820 -0.56770740 0.72844340 0.00000000
-0.90670870 -0.38133890 0.18016690 0.00000000
-0.48990030 1.38933000 0.21024910 1.00000000

0.73210470 -0.59765450 -0.32685140 0.00000000
0.51637980 0.79985210 -0.30592220 0.00000000
0.44426860 0.05518766 0.89419220 0.00000000
-0.16582300 1.46390900 0.12981070 1.00000000

0.44196240 -0.88689970 -0.13445660 0.00000000
0.75581820 0.44890720 -0.47667700 0.00000000
0.48312320 0.10904860 0.86873510 0.00000000
-0.22659830 1.44081800 0.17186810 1.00000000

0.42064890 -0.89039740 -0.17391640 0.00000000
0.75574500 0.44996890 -0.47579170 0.00000000
0.50190060 0.06870475 0.86219220 0.00000000
-0.31728770 1.38682200 0.22896300 1.00000000

0.77195780 0.00070392 -0.63567330 0.00000000
0.08907329 0.99001360 0.10926630 0.00000000
0.62940220 -0.14097050 0.76418600 0.00000000
-0.04323886 1.00113300 -0.13972370 1.00000000

0.77096060 -0.01043870 -0.63679740 0.00000000
0.09347672 0.99089210 0.09692758 0.00000000
0.62998570 -0.13425310 0.76491450 0.00000000
-0.15853740 1.01079900 -0.05531527 1.00000000

0.77671390 -0.00824630 -0.62979950 0.00000000
-0.08365928 -0.99240560 -0.09018053 0.00000000
-0.62427290 0.12273310 -0.77150510 0.00000000
-0.10309580 1.00642300 0.13926640 1.00000000

1.00000000 0.00000000 0.00000000 0.00000000
0.00000000 1.00000000 0.00000000 0.00000000
0.00000000 0.00000000 1.00000000 0.00000000
0.00000000 0.00000000 0.00000000 1.00000000

1.00000000 0.00000000 0.00000000 0.00000000
0.00000000 1.00000000 0.00000000 0.00000000
0.00000000 0.00000000 1.00000000 0.00000000
0.00000000 0.00000000 0.00000000 1.00000000

0.98863640 0.14725980 0.03020814 0.00000000
-0.13039610 0.94005840 -0.31509810 0.00000000
-0.07479873 0.30757840 0.94857810 0.00000000
-0.04948043 1.57328300 -0.09396946 1.00000000

0.77120700 -0.00952304 -0.63651320 0.00000000
-0.01990361 0.99903850 -0.03906233 0.00000000
0.63627320 0.04279405 0.77027600 0.00000000
0.00428389 0.87646710 0.04157908 1.00000000

0.97385770 0.18182790 0.13616110 0.00000000
0.22187940 -0.88988020 -0.39860080 0.00000000
0.04869023 0.41839180 -0.90696050 0.00000000
0.10368320 0.84392890 -0.04570417 1.00000000

0.97385770 0.18182790 0.13616110 0.00000000
0.17403880 -0.98244480 0.06717683 0.00000000
0.14598530 -0.04172333 -0.98840640 0.00000000
0.19243500 0.48797690 -0.20514450 1.00000000

0.99726260 0.06471979 0.03575814 0.00000000
0.06497124 -0.99786960 -0.00591410 0.00000000
0.03529915 0.00822118 -0.99934290 0.00000000
0.25476960 0.13783020 -0.18339540 1.00000000

0.99700120 0.07065541 0.03156388 0.00000000
0.06960488 -0.99702100 0.03322806 0.00000000
0.03381756 -0.03093140 -0.99894920 0.00000000
0.26637570 0.03498846 -0.32094090 1.00000000

0.57512780 -0.23643810 -0.78315070 0.00000000
0.26173060 0.96018550 -0.09767709 0.00000000
0.77506460 -0.14879770 0.61411250 0.00000000
-0.10072390 0.84645260 0.12300250 1.00000000

0.57512700 -0.23643810 -0.78315130 0.00000000
-0.18551710 0.89468590 -0.40635030 0.00000000
0.79675110 0.37899090 0.47069470 0.00000000
-0.20541650 0.46237920 0.16207390 1.00000000

0.31516860 -0.07395960 -0.94614950 0.00000000
-0.00310773 0.99687290 -0.07895975 0.00000000
0.94903060 0.02782596 0.31395330 0.00000000
-0.14107740 0.14275550 0.30581870 1.00000000

0.31653950 -0.09563266 -0.94374630 0.00000000
-0.13095830 0.98097240 -0.14332930 0.00000000
0.93949600 0.16896070 0.29799260 0.00000000
-0.27078890 0.03507835 0.27102750 1.00000000

0.78085420 -0.01234584 -0.62459140 0.00000000
-0.00474288 0.99965870 -0.02568900 0.00000000
0.62469540 0.02302172 0.78052910 0.00000000
0.00156893 1.01274100 0.03625076 1.00000000

0.80678780 -0.03581462 -0.58975480 0.00000000
-0.04503336 0.99153010 -0.12181950 0.00000000
0.58912250 0.12484110 0.79834160 0.00000000
0.00075064 1.18521200 0.03181866 1.00000000

0.83376200 -0.04777022 -0.55005370 0.00000000
-0.19378500 0.90755220 -0.37255360 0.00000000
0.51699940 0.41721320 0.74742540 0.00000000
-0.00769814 1.37123400 0.00896389 1.00000000

-0.04702273 0.82331510 -0.56563340 0.00000000
0.88844970 -0.22434530 -0.40040770 0.00000000
-0.45655910 -0.52136520 -0.72092490 0.00000000
0.04034258 1.46697700 -0.04159956 1.00000000

0.50934060 0.14465390 -0.84832040 0.00000000
0.45682650 -0.88085980 0.12408100 0.00000000
-0.72930230 -0.45073460 -0.51473940 0.00000000
0.23926590 1.41674600 -0.13125070 1.00000000

0.50934140 0.14465250 -0.84832010 0.00000000
-0.05223494 -0.97875740 -0.19825690 0.00000000
-0.85897810 0.14529240 -0.49096600 0.00000000
0.36788050 1.16875000 -0.09631764 1.00000000

0.55447470 0.04911023 -0.83075030 0.00000000
-0.33806160 -0.89888820 -0.27877380 0.00000000
-0.76044240 0.43541780 -0.48180850 0.00000000
0.35533310 0.93201150 -0.14442360 1.00000000

-0.48734720 0.10772620 0.86653790 0.00000000
-0.76044240 0.43541780 -0.48180850 0.00000000
-0.42920920 -0.89376000 -0.13028020 0.00000000
0.30810090 0.85647540 -0.14280310 1.00000000

-0.49049220 -0.86201440 -0.12786270 0.00000000
-0.45943620 0.13111770 0.87848000 0.00000000
-0.74049740 0.48963230 -0.46035270 0.00000000
0.25868970 0.81950990 -0.21222210 1.00000000

-0.36516540 0.26161410 0.89342760 0.00000000
0.56407140 0.82565000 -0.01121747 0.00000000
-0.74059310 0.49986060 -0.44906770 0.00000000
0.23670860 0.82578300 -0.17019250 1.00000000

-0.42248360 -0.89503290 -0.14291290 0.00000000
-0.49470530 0.09559272 0.86378770 0.00000000
-0.75945700 0.43563590 -0.48316400 0.00000000
0.28835500 0.80122210 -0.19555480 1.00000000

-0.40574280 0.26964920 0.87330570 0.00000000
0.50935820 0.86006920 -0.02891122 0.00000000
-0.75889890 0.43309460 -0.48631460 0.00000000
0.26409240 0.80685280 -0.15241790 1.00000000

-0.44514180 -0.89312480 -0.06463413 0.00000000
-0.46788390 0.17043980 0.86719970 0.00000000
-0.76350100 0.41626800 -0.49374840 0.00000000
0.31526280 0.78476420 -0.17305060 1.00000000

-0.41560330 0.27994490 0.86539320 0.00000000
0.49628560 0.86713490 -0.04216816 0.00000000
-0.76221730 0.41195680 -0.49931660 0.00000000
0.29329920 0.79276500 -0.13234200 1.00000000

-0.46001230 -0.88442010 -0.07867773 0.00000000
-0.44585420 0.15345240 0.88185410 0.00000000
-0.76785620 0.44074240 -0.46491240 0.00000000
0.33966790 0.77110400 -0.15178730 1.00000000

-0.34607260 0.36545290 0.86410560 0.00000000
0.57078930 0.81297190 -0.11522670 0.00000000
-0.74460310 0.45334510 -0.48994370 0.00000000
0.32102580 0.77835860 -0.11417630 1.00000000

-0.51775790 0.44298620 -0.73190860 0.00000000
-0.73812440 -0.66384070 0.12036650 0.00000000
-0.43254990 0.60256050 0.67068760 0.00000000
0.26401810 0.90079320 -0.18062710 1.00000000

-0.92258630 -0.20944370 -0.32398810 0.00000000
0.00622174 -0.84776970 0.53032820 0.00000000
-0.38574100 0.48725780 0.78344370 0.00000000
0.21917050 0.86203510 -0.17472980 1.00000000

0.54715680 0.13802630 -0.82557140 0.00000000
-0.05223494 -0.97875740 -0.19825690 0.00000000
-0.83539880 0.15160120 -0.52832420 0.00000000
0.36109050 1.03988900 -0.12257200 1.00000000

0.61289070 -0.28639270 -0.73644050 0.00000000
0.15157920 -0.87208250 0.46529140 0.00000000
-0.77549280 -0.39680180 -0.49108010 0.00000000
0.24836960 1.41663900 -0.14020870 1.00000000

0.46232630 0.11593610 -0.87909810 0.00000000
0.45682650 -0.88085980 0.12408100 0.00000000
-0.75997670 -0.45896120 -0.46020740 0.00000000
0.23926590 1.41674600 -0.13125070 1.00000000

0.49844950 0.13633410 -0.85613160 0.00000000
0.45611040 -0.88106570 0.12524770 0.00000000
-0.73723270 -0.45292010 -0.50135030 0.00000000
0.29399910 1.31101800 -0.11622100 1.00000000

0.97211770 0.21867120 -0.08467785 0.00000000
-0.23151000 0.83756080 -0.49486860 0.00000000
-0.03729048 0.50067420 0.86483230 0.00000000
-0.03676587 1.50736700 -0.04691916 1.00000000

0.98851570 0.14768850 0.03201440 0.00000000
-0.13322180 0.95167080 -0.27672090 0.00000000
-0.07133558 0.26927790 0.96041690 0.00000000
-0.05852787 1.58609800 -0.09343701 1.00000000

0.98851570 0.14768850 0.03201440 0.00000000
-0.11479010 0.87162010 -0.47655180 0.00000000
-0.09828550 0.46740390 0.87856340 0.00000000
-0.06222345 1.63902800 -0.22350590 1.00000000

0.98851570 0.14768850 0.03201440 0.00000000
0.10016440 -0.79896400 0.59297880 0.00000000
0.11315440 -0.58296220 -0.80458150 0.00000000
0.00092725 1.63143700 -0.19401110 1.00000000

0.98851570 0.14768850 0.03201440 0.00000000
-0.10353720 0.81621170 -0.56839990 0.00000000
-0.11007660 0.55855750 0.82212930 0.00000000
-0.12189970 1.61111300 -0.19648480 1.00000000

0.98849680 0.14777830 0.03218406 0.00000000
0.11501710 -0.87269900 0.47451850 0.00000000
0.09821057 -0.46535830 -0.87965720 0.00000000
-0.02615315 1.65601700 -0.18428660 1.00000000

0.98852590 0.14764060 0.03192413 0.00000000
-0.11478900 0.87161480 -0.47656180 0.00000000
-0.09818533 0.46742910 0.87856110 0.00000000
-0.10408900 1.64437300 -0.18681080 1.00000000

0.95693890 0.27857870 -0.08162224 0.00000000
0.28290280 -0.83193480 0.47733700 0.00000000
0.06507137 -0.47987330 -0.87492130 0.00000000
-0.04342999 1.64546500 -0.22486590 1.00000000

0.96599690 0.25855310 -0.00074193 0.00000000
-0.22739590 0.84821530 -0.47835350 0.00000000
-0.12305030 0.46225660 0.87816720 0.00000000
-0.07848840 1.64096600 -0.22733350 1.00000000

0.96817900 0.16603640 0.18724720 0.00000000
0.10941310 -0.95375010 0.27998120 0.00000000
0.22507380 -0.25058470 -0.94156740 0.00000000
0.00927527 1.67234500 -0.18215720 1.00000000

0.98876360 0.13443780 -0.06536809 0.00000000
-0.14898030 0.92219520 -0.35687670 0.00000000
0.01230451 0.36260520 0.93186160 0.00000000
-0.14297650 1.65091700 -0.18857380 1.00000000

0.96715780 0.25417630 0.00057134 0.00000000
0.22230890 -0.84698570 0.48290120 0.00000000
0.12322590 -0.46691470 -0.87567460 0.00000000
-0.02621707 1.65652900 -0.18467400 1.00000000

0.99723590 0.03931271 0.06304803 0.00000000
-0.00496399 0.88191220 -0.47138760 0.00000000
-0.07413429 0.46977160 0.87966970 0.00000000
-0.10409030 1.64438400 -0.18681870 1.00000000

0.98598890 0.16510910 0.02377158 0.00000000
-0.13654960 0.88073210 -0.45350310 0.00000000
-0.09581381 0.44390300 0.89093760 0.00000000
-0.06376974 1.62715800 -0.12099950 1.00000000

0.94263600 0.32921690 -0.05526099 0.00000000
0.32242140 -0.85498660 0.40625390 0.00000000
0.08649811 -0.40076680 -0.91208770 0.00000000
-0.03464132 1.55567500 -0.21253280 1.00000000

0.98664210 0.16081790 0.02597991 0.00000000
-0.13294210 0.88704490 -0.44212860 0.00000000
-0.09414750 0.43276890 0.89657550 0.00000000
-0.04950924 1.55455400 -0.21590580 1.00000000

0.99466780 -0.00952457 0.10269020 0.00000000
0.04975128 0.91651800 -0.39688740 0.00000000
-0.09033725 0.39988010 0.91210470 0.00000000
-0.06719679 1.55195500 -0.21150930 1.00000000

0.98229250 0.18619960 0.02076256 0.00000000
0.15083970 -0.85170950 0.50183480 0.00000000
0.11112500 -0.48981680 -0.86471450 0.00000000
-0.02935001 1.56935500 -0.19850410 1.00000000

0.98989750 0.13739540 0.03501096 0.00000000
-0.10163600 0.85978270 -0.50044370 0.00000000
-0.09886041 0.49182960 0.86506100 0.00000000
-0.07975442 1.56189400 -0.19716540 1.00000000

0.97537400 0.21984890 0.01767445 0.00000000
0.17583070 -0.82345280 0.53945290 0.00000000
0.13315210 -0.52306060 -0.84183050 0.00000000
-0.03834396 1.57950000 -0.21242270 1.00000000

0.98742160 0.15527250 0.02981466 0.00000000
-0.11523910 0.83588640 -0.53666920 0.00000000
-0.10825160 0.52648290 0.84326580 0.00000000
-0.05287725 1.57595400 -0.21713550 1.00000000

0.99438700 0.09882706 0.03778625 0.00000000
-0.06207080 0.83411170 -0.54809210 0.00000000
-0.08568427 0.54267030 0.83556390 0.00000000
-0.07125469 1.57555800 -0.21211130 1.00000000

0.98846110 0.14807840 0.03190103 0.00000000
0.10129570 -0.80276780 0.58762500 0.00000000
0.11262360 -0.57761300 -0.80850430 0.00000000
-0.04149601 1.60976600 -0.21269610 1.00000000

0.98846110 0.14807840 0.03190103 0.00000000
-0.10129560 0.80276780 -0.58762490 0.00000000
-0.11262360 0.57761290 0.80850430 0.00000000
-0.05635942 1.60230200 -0.23514300 1.00000000

0.98846110 0.14807840 0.03190103 0.00000000
-0.10129560 0.80276780 -0.58762490 0.00000000
-0.11262360 0.57761290 0.80850430 0.00000000
-0.07412306 1.60426700 -0.21357800 1.00000000

0.98851570 0.14768850 0.03201440 0.00000000
0.02498516 -0.36865950 0.92922860 0.00000000
0.14903870 -0.91775710 -0.36811590 0.00000000
-0.07426227 1.67494300 -0.01746057 1.00000000

0.98851570 0.14768850 0.03201440 0.00000000
-0.13023040 0.94001260 -0.31530370 0.00000000
-0.07666063 0.30751330 0.94845070 0.00000000
-0.07744265 1.72482700 -0.14939140 1.00000000

0.43428250 -0.84116330 0.32224710 0.00000000
0.75511570 0.14491480 -0.63937440 0.00000000
0.49112010 0.52100300 0.69810970 0.00000000
-0.06520054 1.47302300 0.02803062 1.00000000

0.06037438 -0.77319930 -0.63128270 0.00000000
0.75755280 0.44731270 -0.47542100 0.00000000
0.64997590 -0.44952660 0.61274550 0.00000000
-0.23427090 1.44057600 0.17118670 1.00000000

0.06037492 -0.77318360 -0.63130190 0.00000000
0.38177950 -0.56647980 0.73030490 0.00000000
-0.92227960 -0.28511010 0.26098440 0.00000000
-0.44754680 1.31464400 0.30503570 1.00000000

0.28468360 -0.65082610 -0.70383290 0.00000000
0.10337050 -0.70909080 0.69749900 0.00000000
-0.95303190 -0.27132220 -0.13459040 0.00000000
-0.53991200 1.45181200 0.12847930 1.00000000

-0.29283350 0.71201750 0.63818470 0.00000000
-0.95303190 -0.27132220 -0.13459040 0.00000000
0.07732293 -0.64762290 0.75802770 0.00000000
-0.52890010 1.50851700 0.01299775 1.00000000

0.29586340 -0.78458080 -0.54488300 0.00000000
-0.13116940 -0.59838630 0.79039800 0.00000000
-0.94618170 -0.16237770 -0.27995370 0.00000000
-0.50041570 1.57378700 0.02770469 1.00000000

-0.11450440 -0.71685700 0.68775370 0.00000000
-0.36374630 0.67448320 0.64246490 0.00000000
-0.92443380 -0.17660280 -0.33798540 0.00000000
-0.49414000 1.60241600 -0.01011088 1.00000000

0.21982510 -0.78242330 0.58265850 0.00000000
-0.33058400 0.50218250 0.79907890 0.00000000
-0.91781880 -0.36827510 -0.14826430 0.00000000
-0.53782450 1.56568700 0.02248601 1.00000000

-0.23447500 0.19846250 0.95164810 0.00000000
-0.32538090 0.90645180 -0.26920720 0.00000000
-0.91605080 -0.37277030 -0.14796430 0.00000000
-0.52111680 1.53994400 -0.01674809 1.00000000

0.23484740 -0.85712360 0.45846070 0.00000000
-0.35298010 0.36425480 0.86181420 0.00000000
-0.90567770 -0.36422220 -0.21700320 0.00000000
-0.57312360 1.55185700 0.01448322 1.00000000

-0.21715690 0.01811650 0.97596870 0.00000000
-0.46525250 0.87703360 -0.11980080 0.00000000
-0.85812790 -0.48008730 -0.18202520 0.00000000
-0.55655360 1.53475800 -0.02597295 1.00000000

0.20509970 -0.79851030 0.56596400 0.00000000
-0.49697000 0.41320120 0.76307650 0.00000000
-0.84318150 -0.43777390 -0.31208810 0.00000000
-0.60467860 1.53795500 0.00774965 1.00000000

-0.09601900 -0.13978580 0.98551550 0.00000000
-0.65688010 0.75278090 0.04277465 0.00000000
-0.74785640 -0.64325820 -0.16410360 0.00000000
-0.58332570 1.51972900 -0.02429097 1.00000000

-0.64689380 0.13644800 -0.75027360 0.00000000
-0.53498700 0.61991850 0.57401240 0.00000000
0.54343140 0.77271140 -0.32802350 0.00000000
-0.47614030 1.50708500 0.08117627 1.00000000

-0.28550830 0.80225240 0.52428640 0.00000000
0.28062360 -0.45309830 0.84613970 0.00000000
0.91637100 0.38870710 -0.09576783 0.00000000
-0.44537350 1.47560200 0.05014791 1.00000000

0.17707980 -0.73068680 -0.65934780 0.00000000
0.38177950 -0.56647980 0.73030490 0.00000000
-0.90713140 -0.38104770 0.17864900 0.00000000
-0.49783380 1.38937600 0.20896870 1.00000000

0.73242900 -0.59894900 -0.32374070 0.00000000
0.51798120 0.79879780 -0.30596930 0.00000000
0.44186340 0.05640921 0.89530710 0.00000000
-0.17313930 1.46391700 0.12905710 1.00000000

0.44148340 -0.88756430 -0.13161360 0.00000000
0.75755280 0.44731270 -0.47542100 0.00000000
0.48083910 0.11018630 0.86985800 0.00000000
-0.23427090 1.44057600 0.17118670 1.00000000

0.42027500 -0.89111440 -0.17112520 0.00000000
0.75747790 0.44837600 -0.47453780 0.00000000
0.49959590 0.06981277 0.86344090 0.00000000
-0.32516830 1.38677100 0.22813120 1.00000000

0.77220310 0.00180947 -0.63537310 0.00000000
0.08780470 0.99009730 0.10953350 0.00000000
0.62927950 -0.14037080 0.76439740 0.00000000
-0.04960485 1.00100800 -0.13885820 1.00000000

0.77113360 -0.01031550 -0.63658990 0.00000000
0.09283500 0.99100410 0.09639719 0.00000000
0.62986890 -0.13343290 0.76515420 0.00000000
-0.16493750 1.01061200 -0.05448947 1.00000000

0.77714940 -0.00776673 -0.62926820 0.00000000
-0.08248410 -0.99255480 -0.08961769 0.00000000
-0.62388720 0.12155100 -0.77200410 0.00000000
-0.10955430 1.00645400 0.14004720 1.00000000

1.00000000 0.00000000 0.00000000 0.00000000
0.00000000 1.00000000 0.00000000 0.00000000
0.00000000 0.00000000 1.00000000 0.00000000
0.00000000 0.00000000 0.00000000 1.00000000

1.00000000 0.00000000 0.00000000 0.00000000
0.00000000 1.00000000 0.00000000 0.00000000
0.00000000 0.00000000 1.00000000 0.00000000
0.00000000 0.00000000 0.00000000 1.00000000

0.98851570 0.14768850 0.03201440 0.00000000
-0.13023040 0.94001260 -0.31530370 0.00000000
-0.07666063 0.30751350 0.94845070 0.00000000
-0.05654778 1.57302300 -0.09426617 1.00000000

0.77141820 -0.00912494 -0.63626300 0.00000000
-0.02098346 0.99898860 -0.03976774 0.00000000
0.63598240 0.04402856 0.77044650 0.00000000
-0.00204206 0.87651340 0.04259727 1.00000000

0.97387810 0.18299910 0.13443470 0.00000000
0.22234460 -0.88868890 -0.40099250 0.00000000
0.04608926 0.42040870 -0.90616350 0.00000000
0.09742041 0.84402290 -0.04463182 1.00000000

0.97387810 0.18299910 0.13443470 0.00000000
0.17531880 -0.98222900 0.06700546 0.00000000
0.14430750 -0.04168630 -0.98865450 0.00000000
0.18635820 0.48854730 -0.20502880 1.00000000

0.99686490 0.07088082 0.03516042 0.00000000
0.07127526 -0.99740570 -0.01009260 0.00000000
0.03435376 0.01256702 -0.99933080 0.00000000
0.24914520 0.13847760 -0.18334140 1.00000000

0.99656220 0.07683194 0.03099087 0.00000000
0.07593839 -0.99668940 0.02904873 0.00000000
0.03312007 -0.02659550 -0.99909760 0.00000000
0.26127850 0.03627968 -0.32132050 1.00000000

0.57302870 -0.23599620 -0.78482090 0.00000000
0.26360010 0.95982760 -0.09615591 0.00000000
0.77598520 -0.15177880 0.61221740 0.00000000
-0.10704270 0.84644100 0.12400860 1.00000000

0.57302800 -0.23599620 -0.78482150 0.00000000
-0.18602130 0.89519080 -0.40500540 0.00000000
0.79814480 0.37807300 0.46906910 0.00000000
-0.21248300 0.46251080 0.16247140 1.00000000

0.31521380 -0.07392710 -0.94613680 0.00000000
-0.00329048 0.99687020 -0.07898739 0.00000000
0.94901490 0.02801124 0.31398410 0.00000000
-0.14796740 0.14270910 0.30574080 1.00000000

0.31658860 -0.09559988 -0.94373320 0.00000000
-0.13113600 0.98094400 -0.14336070 0.00000000
0.93945460 0.16914380 0.29801910 0.00000000
-0.27765770 0.03500694 0.27094820 1.00000000

0.78150050 -0.01231251 -0.62378310 0.00000000
-0.00661802 0.99958540 -0.02802159 0.00000000
0.62386950 0.02602709 0.78109500 0.00000000
-0.00490431 1.01278100 0.03717273 1.00000000

0.80821900 -0.03539241 -0.58781750 0.00000000
-0.04667057 0.99120280 -0.12384980 0.00000000
0.58702980 0.12753160 0.79945720 0.00000000
-0.00604612 1.18523900 0.03233819 1.00000000

0.83583350 -0.04681790 -0.54698300 0.00000000
-0.19436060 0.90658800 -0.37459590 0.00000000
0.51342610 0.41941170 0.74865720 0.00000000
-0.01480205 1.37120000 0.00910251 1.00000000

-0.04701002 0.82225700 -0.56717160 0.00000000
0.89112450 -0.22201950 -0.39573310 0.00000000
-0.45131750 -0.52402390 -0.72229630 0.00000000
0.03321784 1.46696900 -0.04143027 1.00000000

0.51269020 0.14460230 -0.84630910 0.00000000
0.45639700 -0.88081200 0.12598540 0.00000000
-0.72722150 -0.45084430 -0.51757990 0.00000000
0.23274000 1.41725900 -0.13003480 1.00000000

0.51269090 0.14460090 -0.84630880 0.00000000
-0.05249160 -0.97859240 -0.19900250 0.00000000
-0.85696740 0.14645080 -0.49412520 0.00000000
0.36123370 1.16927600 -0.09456553 1.00000000

0.55958960 0.04915398 -0.82731090 0.00000000
-0.33880220 -0.89744930 -0.28248590 0.00000000
-0.75635490 0.43837090 -0.48555000 0.00000000
0.34862480 0.93257770 -0.14285150 1.00000000

-0.49225600 0.10743320 0.86379540 0.00000000
-0.75635490 0.43837090 -0.48555000 0.00000000
-0.43082680 -0.89235040 -0.13453340 0.00000000
0.30118030 0.85716680 -0.14165650 1.00000000

-0.49203740 -0.86044380 -0.13242430 0.00000000
-0.46435420 0.13072680 0.87594870 0.00000000
-0.73639320 0.49249120 -0.46387300 0.00000000
0.25208770 0.82046450 -0.21144040 1.00000000

-0.36982330 0.26093940 0.89170720 0.00000000
0.56635310 0.82413910 -0.00627923 0.00000000
-0.73652940 0.50269850 -0.45256970 0.00000000
0.22987130 0.82671890 -0.16953190 1.00000000

-0.42402880 -0.89361830 -0.14712780 0.00000000
-0.49963000 0.09532483 0.86097810 0.00000000
-0.75536080 0.43858890 -0.48689900 0.00000000
0.28160290 0.80206560 -0.19462950 1.00000000

-0.41025720 0.26912180 0.87135700 0.00000000
0.51184030 0.85873910 -0.02423680 0.00000000
-0.75479070 0.43605190 -0.49005120 0.00000000
0.25709670 0.80768160 -0.15162860 1.00000000

-0.44715200 -0.89179430 -0.06898311 0.00000000
-0.47262790 0.17009260 0.86469170 0.00000000
-0.75939360 0.41925160 -0.49754390 0.00000000
0.30833040 0.78549280 -0.17199500 1.00000000

-0.42004210 0.27945890 0.86340480 0.00000000
0.49886670 0.86586480 -0.03755867 0.00000000
-0.75808790 0.41494730 -0.50311250 0.00000000
0.28614410 0.79347740 -0.13140410 1.00000000

-0.46191420 -0.88302330 -0.08309931 0.00000000
-0.45073260 0.15301830 0.87944610 0.00000000
-0.76385610 0.44368410 -0.46868880 0.00000000
0.33257020 0.77172710 -0.15061100 1.00000000

-0.35027470 0.36478050 0.86269530 0.00000000
0.57366190 0.81163610 -0.11027000 0.00000000
-0.74041880 0.45627040 -0.49355620 0.00000000
0.31372210 0.77896230 -0.11309930 1.00000000

-0.51215180 0.44574740 -0.73417310 0.00000000
-0.74062220 -0.66206240 0.11468420 0.00000000
-0.43494810 0.60248060 0.66920680 0.00000000
0.25744530 0.90167420 -0.17966140 1.00000000

-0.92118310 -0.20634170 -0.32991680 0.00000000
0.00074700 -0.84876860 0.52876420 0.00000000
-0.38912890 0.48684230 0.78202530 0.00000000
0.21245870 0.86302670 -0.17410640 1.00000000

0.55134110 0.13775300 -0.82282880 0.00000000
-0.05249160 -0.97859240 -0.19900250 0.00000000
-0.83262730 0.15290980 -0.53230730 0.00000000
0.35441040 1.04043700 -0.12091770 1.00000000

0.61385590 -0.28764090 -0.73514900 0.00000000
0.15065810 -0.87145050 0.46677210 0.00000000
-0.77490870 -0.39728690 -0.49160970 0.00000000
0.24192360 1.41717100 -0.13898460 1.00000000

0.46360380 0.11454840 -0.87860700 0.00000000
0.45639700 -0.88081200 0.12598540 0.00000000
-0.75945620 -0.45940080 -0.46062750 0.00000000
0.23274000 1.41725900 -0.13003480 1.00000000

0.49982390 0.13504510 -0.85553420 0.00000000
0.45567620 -0.88101790 0.12714940 0.00000000
-0.73657020 -0.45339880 -0.50189090 0.00000000
0.28742120 1.31153700 -0.11477690 1.00000000

0.97193360 0.22101700 -0.08060217 0.00000000
-0.23140130 0.83638380 -0.49690590 0.00000000
-0.04241022 0.50161080 0.86405320 0.00000000
-0.04395612 1.50718800 -0.04708686 1.00000000

0.98836270 0.14825140 0.03406689 0.00000000
-0.13318920 0.95159630 -0.27699270 0.00000000
-0.07348248 0.26923190 0.96026800 0.00000000
-0.06570794 1.58580800 -0.09379625 1.00000000

0.98836270 0.14825140 0.03406689 0.00000000
-0.11429710 0.87155720 -0.47678520 0.00000000
-0.10037540 0.46734290 0.87835930 0.00000000
-0.06916364 1.63873700 -0.22387230 1.00000000

0.98836270 0.14825140 0.03406689 0.00000000
0.09938827 -0.79891000 0.59318200 0.00000000
0.11515650 -0.58289310 -0.80434750 0.00000000
-0.00606999 1.63118200 -0.19424650 1.00000000

0.98836270 0.14825140 0.03406689 0.00000000
-0.10282200 0.81615560 -0.56861010 0.00000000
-0.11210120 0.55849010 0.82190160 0.00000000
-0.12887990 1.61078800 -0.19697530 1.00000000

0.98834350 0.14834110 0.03423664 0.00000000
0.11452900 -0.87263590 0.47475240 0.00000000
0.10030130 -0.46529730 -0.87945350 0.00000000
-0.03318451 1.65574600 -0.18457810 1.00000000

0.98837300 0.14820340 0.03397676 0.00000000
-0.11429590 0.87155180 -0.47679530 0.00000000
-0.10027520 0.46736810 0.87835740 0.00000000
-0.11110830 1.64405800 -0.18726420 1.00000000

0.95694720 0.27912420 -0.07963428 0.00000000
0.28238520 -0.83177610 0.47791960 0.00000000
0.06716105 -0.47983130 -0.87478640 0.00000000
-0.05037107 1.64518500 -0.22519330 1.00000000

0.96584870 0.25910340 0.00126439 0.00000000
-0.22688550 0.84808810 -0.47882070 0.00000000
-0.12513630 0.46218150 0.87791170 0.00000000
-0.08542170 1.64066600 -0.22773360 1.00000000

0.96769330 0.16658680 0.18925720 0.00000000
0.10937500 -0.95368920 0.28020360 0.00000000
0.22717070 -0.25045110 -0.94109930 0.00000000
0.00223014 1.67209400 -0.18237510 1.00000000

0.98882060 0.13500130 -0.06331483 0.00000000
-0.14876440 0.92211200 -0.35718110 0.00000000
0.01016355 0.36260690 0.93188670 0.00000000
-0.14999570 1.65058000 -0.18910790 1.00000000

0.96700950 0.25472710 0.00258020 0.00000000
0.22178840 -0.84686170 0.48335810 0.00000000
0.12530950 -0.46683960 -0.87541890 0.00000000
-0.03324793 1.65625800 -0.18496560 1.00000000

0.99708030 0.03988038 0.06511813 0.00000000
-0.00448784 0.88191190 -0.47139300 0.00000000
-0.07622787 0.46972440 0.87951590 0.00000000
-0.11110960 1.64406800 -0.18727210 1.00000000

0.98584320 0.16567060 0.02581882 0.00000000
-0.13610960 0.88065670 -0.45378170 0.00000000
-0.09791604 0.44384330 0.89073880 0.00000000
-0.07091597 1.62686500 -0.12136940 1.00000000

0.94256110 0.32975410 -0.05330274 0.00000000
0.32206440 -0.85480510 0.40691860 0.00000000
0.08861968 -0.40071240 -0.91190790 0.00000000
-0.04155688 1.55539900 -0.21284230 1.00000000

0.98649440 0.16137970 0.02802861 0.00000000
-0.13252920 0.88697140 -0.44239970 0.00000000
-0.09625503 0.43271010 0.89637990 0.00000000
-0.05641712 1.55427000 -0.21624620 1.00000000

0.99445770 -0.00895856 0.10475490 0.00000000
0.05005296 0.91654840 -0.39677930 0.00000000
-0.09245822 0.39982350 0.91191700 0.00000000
-0.07411225 1.55166100 -0.21188640 1.00000000

0.98214110 0.18675900 0.02280238 0.00000000
0.15028270 -0.85162640 0.50214310 0.00000000
0.11319880 -0.48974850 -0.86448380 0.00000000
-0.03630248 1.56908200 -0.19880270 1.00000000

0.98974410 0.13795900 0.03706637 0.00000000
-0.10108660 0.85972740 -0.50064980 0.00000000
-0.10093590 0.49176840 0.86485600 0.00000000
-0.08670530 1.56159200 -0.19756860 1.00000000

0.97520950 0.22040430 0.01970005 0.00000000
0.17517960 -0.82335550 0.53981320 0.00000000
0.13519740 -0.52297990 -0.84155440 0.00000000
-0.04527330 1.57922200 -0.21273980 1.00000000

0.98726890 0.15583470 0.03186497 0.00000000
-0.11460090 0.83582360 -0.53690360 0.00000000
-0.11030190 0.52641650 0.84304150 0.00000000
-0.05979478 1.57566900 -0.21748270 1.00000000

0.99424990 0.09939323 0.03985080 0.00000000
-0.06140806 0.83407910 -0.54821620 0.00000000
-0.08772781 0.54261660 0.83538660 0.00000000
-0.07818234 1.57526100 -0.21249670 1.00000000

