MeshAnim
1
35
83
30
0.74515000 -0.01128477 -0.66680150 0.00000000
-0.09460112 0.98795740 -0.12243660 0.00000000
0.66015320 0.15431380 0.73510890 0.00000000
0.00896705 0.87223190 -0.00310872 1.00000000

0.97567030 0.20197880 0.08527634 0.00000000
0.21917580 -0.88893370 -0.40219300 0.00000000
-0.00542951 0.41109830 -0.91157510 0.00000000
0.10710600 0.83920470 -0.09162579 1.00000000

0.97567030 0.20197880 0.08527634 0.00000000
0.18177490 -0.96269700 0.20043110 0.00000000
0.12257800 -0.18005360 -0.97598960 0.00000000
0.19477630 0.48363130 -0.25250300 1.00000000

0.99140620 0.12991620 0.01534781 0.00000000
0.13001070 -0.99149850 -0.00531897 0.00000000
0.01452622 0.00726859 -0.99986830 0.00000000
0.25981560 0.14021490 -0.18324670 1.00000000

0.99142890 0.12989890 0.01396477 0.00000000
0.12936050 -0.99100490 0.03428731 0.00000000
0.01829296 -0.03218698 -0.99931470 0.00000000
0.27535180 0.03790641 -0.32080210 1.00000000

0.47023520 -0.29244650 -0.83267870 0.00000000
0.19269510 0.95475920 -0.22650270 0.00000000
0.86124770 -0.05394355 0.50531440 0.00000000
-0.09039470 0.84219530 0.08510876 1.00000000

0.47023470 -0.29244660 -0.83267900 0.00000000
-0.10386710 0.91860560 -0.38128130 0.00000000
0.87640800 0.26577960 0.40158470 0.00000000
-0.16747300 0.46029250 0.17571030 1.00000000

0.31440730 -0.09074140 -0.94494130 0.00000000
0.01310789 0.99574090 -0.09125829 0.00000000
0.94919760 0.01630609 0.31425770 0.00000000
-0.13240290 0.13239630 0.31067580 1.00000000

0.31440730 -0.09074140 -0.94494130 0.00000000
0.04622640 0.99570350 -0.08023524 0.00000000
0.94816200 -0.01845469 0.31725120 0.00000000
-0.26382680 0.02641559 0.27712430 1.00000000

0.71430740 -0.02373815 -0.69942950 0.00000000
0.02733551 0.99960820 -0.00600906 0.00000000
0.69929810 -0.01482693 0.71467650 0.00000000
-0.00393690 1.00699500 -0.01980958 1.00000000

0.72328300 -0.06754135 -0.68724080 0.00000000
0.01996831 0.99683480 -0.07695243 0.00000000
0.69026310 0.04193535 0.72234240 0.00000000
0.00077927 1.17945600 -0.02084633 1.00000000

0.69231740 -0.21414850 -0.68908440 0.00000000
-0.23627560 0.83503030 -0.49688870 0.00000000
0.68181420 0.50681840 0.52750780 0.00000000
0.00452558 1.36647400 -0.03528350 1.00000000

0.06163079 0.94364630 -0.32516650 0.00000000
0.53705760 -0.30595590 -0.78610460 0.00000000
-0.84129120 -0.12618490 -0.52564870 0.00000000
0.04396512 1.44711200 -0.11257050 1.00000000

0.89566730 0.39975520 0.19487450 0.00000000
0.30254640 -0.22654410 -0.92582050 0.00000000
-0.32595390 0.88818560 -0.32385270 0.00000000
0.16421190 1.37860800 -0.28857890 1.00000000

0.89566730 0.39975520 0.19487450 0.00000000
-0.33976960 0.89782350 -0.28012470 0.00000000
-0.28694410 0.18468600 0.93997570 0.00000000
0.24939090 1.31482800 -0.54923300 1.00000000

0.80614150 0.53648040 0.24964970 0.00000000
-0.48301670 0.84031950 -0.24608560 0.00000000
-0.34180550 0.07779486 0.93654530 0.00000000
0.16735540 1.53208200 -0.61696170 1.00000000

-0.71001940 -0.67425010 -0.20312470 0.00000000
-0.34180560 0.07779483 0.93654540 0.00000000
-0.61566360 0.73439440 -0.28569820 0.00000000
0.10111170 1.58559200 -0.64318420 1.00000000

-0.47980850 0.87431080 -0.07324287 0.00000000
-0.81082460 -0.47375910 -0.34368040 0.00000000
-0.33518290 -0.10551360 0.93622610 0.00000000
0.07181291 1.66335200 -0.60168920 1.00000000

-0.49398200 -0.82114920 -0.28582520 0.00000000
0.80174690 -0.55738720 0.21568880 0.00000000
-0.33642800 -0.12261300 0.93369280 0.00000000
0.03302012 1.64068600 -0.61813210 1.00000000

-0.51908450 0.81518240 -0.25696140 0.00000000
-0.78401560 -0.57384620 -0.23668560 0.00000000
-0.34039820 0.07860196 0.93699030 0.00000000
0.08551224 1.66274900 -0.63780340 1.00000000

-0.40310970 -0.91282520 -0.06521551 0.00000000
0.85012600 -0.39989720 0.34259050 0.00000000
-0.33880460 0.08266014 0.93721870 0.00000000
0.04694907 1.63339600 -0.64931090 1.00000000

-0.66119820 0.59904510 -0.45162150 0.00000000
-0.61958450 -0.77546910 -0.12150190 0.00000000
-0.42300370 0.19948090 0.88389780 0.00000000
0.09524469 1.65681300 -0.67483560 1.00000000

-0.39148900 -0.91974070 0.02851741 0.00000000
0.81765160 -0.33348390 0.46929140 0.00000000
-0.42211630 0.20703980 0.88258280 0.00000000
0.06615983 1.62041000 -0.68053910 1.00000000

-0.78202880 0.40775190 -0.47134840 0.00000000
-0.49055350 -0.86920530 0.06196448 0.00000000
-0.38443240 0.27967960 0.87976770 0.00000000
0.10416800 1.64993700 -0.70811370 1.00000000

-0.04812325 -0.95022490 0.30782670 0.00000000
0.93497980 0.06557409 0.34858740 0.00000000
-0.35142180 0.30458690 0.88528510 0.00000000
0.08388968 1.61259700 -0.70507470 1.00000000

0.02468640 0.49862350 0.86646730 0.00000000
-0.89774900 0.39237540 -0.20022150 0.00000000
-0.43981550 -0.77292720 0.45732490 0.00000000
0.09116022 1.58393900 -0.57082210 1.00000000

-0.82509390 0.56349860 -0.04110390 0.00000000
-0.08654064 -0.19793740 -0.97638700 0.00000000
-0.55832870 -0.80205390 0.21208240 0.00000000
0.03774903 1.60816600 -0.58124080 1.00000000

0.88037590 0.40840190 0.24113540 0.00000000
-0.33976960 0.89782350 -0.28012470 0.00000000
-0.33090040 0.16468450 0.92918470 0.00000000
0.20480430 1.43312600 -0.58608700 1.00000000

0.57162810 0.68196900 -0.45624560 0.00000000
-0.00373840 -0.55387870 -0.83258910 0.00000000
-0.82050450 0.47763670 -0.31406310 0.00000000
0.11529140 1.44371400 -0.18830990 1.00000000

0.49242450 0.86881970 -0.05167817 0.00000000
0.30254640 -0.22654410 -0.92582050 0.00000000
-0.81607840 0.44026150 -0.37441410 0.00000000
0.16421190 1.37860800 -0.28857890 1.00000000

0.52769490 0.84865340 -0.03641170 0.00000000
0.30130150 -0.22708440 -0.92609420 0.00000000
-0.79420140 0.47772410 -0.37553170 0.00000000
0.20036810 1.35135800 -0.39971020 1.00000000

0.94060960 -0.07153332 -0.33186830 0.00000000
-0.13607380 0.81614940 -0.56159070 0.00000000
0.31102650 0.57339610 0.75794420 0.00000000
-0.03091596 1.49172900 -0.10981710 1.00000000

0.99277640 0.09234636 -0.07659712 0.00000000
-0.10245080 0.98474480 -0.14064720 0.00000000
0.06244028 0.14747860 0.98709250 0.00000000
-0.04370690 1.56844700 -0.16260660 1.00000000

0.99277640 0.09234636 -0.07659712 0.00000000
-0.11347120 0.93008350 -0.34938370 0.00000000
0.03897741 0.35555140 0.93384360 0.00000000
-0.05949915 1.63769700 -0.28380160 1.00000000

0.99277640 0.09234636 -0.07659712 0.00000000
0.11775720 -0.87227120 0.47463320 0.00000000
-0.02298278 -0.48022450 -0.87684490 0.00000000
0.00609788 1.62322200 -0.26372510 1.00000000

0.99277640 0.09234636 -0.07659712 0.00000000
-0.11700900 0.88638140 -0.44792520 0.00000000
0.02652997 0.45365200 0.89078400 0.00000000
-0.11720790 1.60960000 -0.25296490 1.00000000

0.99278090 0.09238642 -0.07649112 0.00000000
0.11338120 -0.93089970 0.34723280 0.00000000
-0.03912619 -0.35339870 -0.93465440 0.00000000
-0.01793855 1.64769000 -0.24773630 1.00000000

0.99277410 0.09232484 -0.07665345 0.00000000
-0.11347140 0.93008210 -0.34938740 0.00000000
0.03903693 0.35556070 0.93383790 0.00000000
-0.09621033 1.64040900 -0.24169740 1.00000000

0.95647970 0.23812020 -0.16865760 0.00000000
0.28270960 -0.89935260 0.33352770 0.00000000
-0.07226297 -0.36669350 -0.92753120 0.00000000
-0.04062184 1.64330000 -0.28675810 1.00000000

0.97384570 0.20748330 -0.09260190 0.00000000
-0.22677470 0.91280940 -0.33963560 0.00000000
0.01405925 0.35175230 0.93598750 0.00000000
-0.07594264 1.64092700 -0.28526390 1.00000000

0.99248520 0.09169082 0.08103210 0.00000000
0.07912116 -0.98602090 0.14663920 0.00000000
0.09334460 -0.13912590 -0.98586560 0.00000000
0.01848811 1.66180300 -0.24818360 1.00000000

0.98045250 0.09166438 -0.17409910 0.00000000
-0.12963100 0.96659560 -0.22110790 0.00000000
0.14801560 0.23935450 0.95958380 0.00000000
-0.13451130 1.64907800 -0.23768950 1.00000000

0.97486500 0.20292140 -0.09198487 0.00000000
0.22236300 -0.91191670 0.34490930 0.00000000
-0.01389298 -0.35669390 -0.93411790 0.00000000
-0.01801464 1.64824900 -0.24804780 1.00000000

0.99799570 -0.01940934 -0.06023014 0.00000000
-0.00338209 0.93407950 -0.35704920 0.00000000
0.06318989 0.35653730 0.93214180 0.00000000
-0.09621188 1.64042100 -0.24170370 1.00000000

0.99043220 0.11078320 -0.08228847 0.00000000
-0.13165660 0.93725830 -0.32282120 0.00000000
0.04136243 0.33056620 0.94287600 0.00000000
-0.04950232 1.61290700 -0.18412030 1.00000000

0.94881670 0.28562700 -0.13477410 0.00000000
0.31179840 -0.91508640 0.25573180 0.00000000
-0.05028608 -0.28466490 -0.95730730 0.00000000
-0.03635528 1.55234100 -0.28656830 1.00000000

0.99106150 0.10621730 -0.08071536 0.00000000
-0.12630080 0.94187440 -0.31132120 0.00000000
0.04295611 0.31873280 0.94687080 0.00000000
-0.05156194 1.55241200 -0.28813010 1.00000000

0.99699280 -0.07272372 -0.02676737 0.00000000
0.06204667 0.95606910 -0.28650040 0.00000000
0.04642692 0.28397800 0.95770620 0.00000000
-0.06872601 1.55016700 -0.28186200 1.00000000

0.98779990 0.13224460 -0.08223560 0.00000000
0.15353020 -0.91541360 0.37208400 0.00000000
-0.02607355 -0.38017010 -0.92454900 0.00000000
-0.02852691 1.56383100 -0.27178090 1.00000000

0.99382630 0.08169799 -0.07506478 0.00000000
-0.10409120 0.92075100 -0.37600880 0.00000000
0.03839689 0.38150110 0.92357060 0.00000000
-0.07878716 1.55881000 -0.26494180 1.00000000

0.98279440 0.16631820 -0.08033505 0.00000000
0.18466680 -0.89349660 0.40934370 0.00000000
-0.00369769 -0.41713580 -0.90883670 0.00000000
-0.03843881 1.57611200 -0.28311390 1.00000000

0.99192870 0.10019480 -0.07770839 0.00000000
-0.12349240 0.90240100 -0.41282230 0.00000000
0.02876145 0.41908660 0.90749060 0.00000000
-0.05363484 1.57393600 -0.28632980 1.00000000

0.99606390 0.04291451 -0.07755733 0.00000000
-0.07231450 0.89942290 -0.43105550 0.00000000
0.05125830 0.43496720 0.89898610 0.00000000
-0.07126167 1.57382800 -0.27909020 1.00000000

0.99273440 0.09274971 -0.07665464 0.00000000
0.11798400 -0.87541100 0.46875940 0.00000000
-0.02362698 -0.47439760 -0.87999370 0.00000000
-0.03959836 1.60628500 -0.27933020 1.00000000

0.99273440 0.09274971 -0.07665464 0.00000000
-0.11798400 0.87541100 -0.46875940 0.00000000
0.02362695 0.47439750 0.87999370 0.00000000
-0.05750963 1.60251300 -0.30043580 1.00000000

0.99273440 0.09274971 -0.07665464 0.00000000
-0.11798400 0.87541100 -0.46875940 0.00000000
0.02362695 0.47439750 0.87999370 0.00000000
-0.07238621 1.60259600 -0.27670530 1.00000000

0.99277640 0.09234636 -0.07659712 0.00000000
0.11204380 -0.48526900 0.86715640 0.00000000
0.04290852 -0.86947470 -0.49211060 0.00000000
-0.04430990 1.64752400 -0.07508601 1.00000000

0.99277640 0.09234636 -0.07659712 0.00000000
-0.10489020 0.97798100 -0.18041890 0.00000000
0.05824953 0.18714990 0.98060300 0.00000000
-0.06001629 1.71397000 -0.19854710 1.00000000

0.30302280 -0.95054110 0.06818442 0.00000000
0.93403110 0.28203710 -0.21918310 0.00000000
0.18911190 0.13010380 0.97329840 0.00000000
-0.04367289 1.47421900 -0.02534069 1.00000000

0.74371520 -0.55232190 -0.37660110 0.00000000
0.63404770 0.40429110 0.65919070 0.00000000
-0.21182910 -0.72903310 0.65087580 0.00000000
-0.25280240 1.41107100 0.02373429 1.00000000

0.74371520 -0.55232190 -0.37660110 0.00000000
-0.37080370 -0.80958150 0.45506290 0.00000000
-0.55623050 -0.19879210 -0.80690100 0.00000000
-0.43131010 1.29725100 -0.16184820 1.00000000

0.68976440 -0.54149790 -0.48063000 0.00000000
-0.36704320 -0.83371680 0.41254740 0.00000000
-0.62410300 -0.10814840 -0.77382120 0.00000000
-0.34173840 1.49318800 -0.27186590 1.00000000

-0.61554890 0.67804480 0.40169020 0.00000000
-0.62410310 -0.10814860 -0.77382120 0.00000000
-0.48124310 -0.72702080 0.48974040 0.00000000
-0.28817760 1.54605100 -0.31954430 1.00000000

-0.40518290 -0.87352210 0.26978910 0.00000000
-0.68642570 0.48558580 0.54131910 0.00000000
-0.60385980 0.03414303 -0.79635880 0.00000000
-0.24809670 1.62516400 -0.29194750 1.00000000

-0.56594960 0.71351210 0.41303980 0.00000000
0.57888820 0.70063640 -0.41712960 0.00000000
-0.58701770 0.00302965 -0.80956850 0.00000000
-0.21525590 1.60193200 -0.31784600 1.00000000

-0.29989480 -0.90037490 0.31525890 0.00000000
-0.75284870 0.42633700 0.50145360 0.00000000
-0.58590280 -0.08695894 -0.80570210 0.00000000
-0.27268570 1.62338700 -0.32168780 1.00000000

-0.48311610 0.85521490 0.18763320 0.00000000
0.67390200 0.50002320 -0.54390530 0.00000000
-0.55897680 -0.13632300 -0.81790030 0.00000000
-0.23545680 1.60129900 -0.34633060 1.00000000

-0.35728290 -0.70030030 0.61800350 0.00000000
-0.61988410 0.67273320 0.40394810 0.00000000
-0.69863640 -0.23876670 -0.67446090 0.00000000
-0.29374450 1.61626400 -0.35342320 1.00000000

-0.47053960 0.87807570 0.08703780 0.00000000
0.56665030 0.37631200 -0.73300550 0.00000000
-0.67638760 -0.29558800 -0.67463130 0.00000000
-0.26464500 1.58468500 -0.37238570 1.00000000

-0.41589170 -0.45264700 0.78876160 0.00000000
-0.50161100 0.83763930 0.21621120 0.00000000
-0.75856490 -0.30573090 -0.57541990 0.00000000
-0.31281630 1.60832200 -0.38183950 1.00000000

-0.25177190 0.92315240 -0.29051830 0.00000000
0.64554720 -0.06345337 -0.76107980 0.00000000
-0.72102690 -0.37916170 -0.57996250 0.00000000
-0.29176460 1.57229100 -0.39040310 1.00000000

-0.22536050 -0.51210710 -0.82882970 0.00000000
-0.86114300 -0.29318950 0.41529870 0.00000000
-0.45568180 0.80733290 -0.37492410 0.00000000
-0.25543660 1.54669500 -0.25423260 1.00000000

-0.67776680 -0.54954920 0.48849530 0.00000000
0.30969990 0.38919470 0.86753300 0.00000000
-0.66687210 0.73927210 -0.09358791 0.00000000
-0.20377120 1.56504000 -0.27752300 1.00000000

0.70913970 -0.56321630 -0.42415620 0.00000000
-0.37080370 -0.80958150 0.45506290 0.00000000
-0.59968790 -0.16542450 -0.78294910 0.00000000
-0.38260500 1.40395900 -0.22171170 1.00000000

0.75632490 -0.58219500 0.29836530 0.00000000
0.29290590 0.70917280 0.64131120 0.00000000
-0.58496080 -0.39764640 0.70689340 0.00000000
-0.20789680 1.44801500 0.01797528 1.00000000

0.53406950 -0.84542690 0.00481367 0.00000000
0.63404770 0.40429110 0.65919070 0.00000000
-0.55924380 -0.34900150 0.75196050 0.00000000
-0.25280240 1.41107100 0.02373429 1.00000000

0.56231060 -0.82629780 -0.03223044 0.00000000
0.63301440 0.40504470 0.65972100 0.00000000
-0.53207120 -0.39137040 0.75081930 0.00000000
-0.32876410 1.36246600 -0.05543220 1.00000000

0.74547310 0.02311155 -0.66613490 0.00000000
0.01262010 0.99873010 0.04877411 0.00000000
0.66641630 -0.04476644 0.74423470 0.00000000
-0.06071160 0.97644780 -0.19087440 1.00000000

0.74514820 -0.01136512 -0.66680210 0.00000000
0.02234044 0.99971900 0.00792589 0.00000000
0.66652460 -0.02080263 0.74519270 0.00000000
-0.17315760 0.98531780 -0.10261820 1.00000000

0.71460410 -0.01064571 -0.69944810 0.00000000
-0.01944447 -0.99980030 -0.00464867 0.00000000
-0.69925900 0.01692234 -0.71466830 0.00000000
-0.10812270 1.00133000 0.09114449 1.00000000

1.00000000 0.00000000 0.00000000 0.00000000
0.00000000 1.00000000 0.00000000 0.00000000
0.00000000 0.00000000 1.00000000 0.00000000
0.00000000 0.00000000 0.00000000 1.00000000

1.00000000 0.00000000 0.00000000 0.00000000
0.00000000 1.00000000 0.00000000 0.00000000
0.00000000 0.00000000 1.00000000 0.00000000
0.00000000 0.00000000 0.00000000 1.00000000

0.99277640 0.09234636 -0.07659712 0.00000000
-0.10489030 0.97798110 -0.18041910 0.00000000
0.05824959 0.18715010 0.98060300 0.00000000
-0.04270716 1.55550300 -0.16525250 1.00000000

0.74711450 0.00115501 -0.66469440 0.00000000
-0.10306390 0.98810580 -0.11412650 0.00000000
0.65665660 0.15377160 0.73834720 0.00000000
0.00438101 0.87240660 -0.00148304 1.00000000

0.97453320 0.20590670 0.08881181 0.00000000
0.22423740 -0.89189080 -0.39274490 0.00000000
-0.00165832 0.40265790 -0.91534900 0.00000000
0.10306210 0.84102630 -0.08999654 1.00000000

0.97453320 0.20590670 0.08881181 0.00000000
0.18729100 -0.96518440 0.18259580 0.00000000
0.12331750 -0.16131200 -0.97916870 0.00000000
0.19275710 0.48427000 -0.24709450 1.00000000

0.99123620 0.13111670 0.01609701 0.00000000
0.13122500 -0.99133530 -0.00586535 0.00000000
0.01518854 0.00792632 -0.99985310 0.00000000
0.25976340 0.14000880 -0.18420010 1.00000000

0.99125990 0.13110030 0.01471397 0.00000000
0.13054760 -0.99086780 0.03374070 0.00000000
0.01900309 -0.03152492 -0.99932220 0.00000000
0.27551700 0.03780746 -0.32181040 1.00000000

0.47182920 -0.28773990 -0.83341640 0.00000000
0.19883960 0.95562380 -0.21736160 0.00000000
0.85897620 -0.06315861 0.50810530 0.00000000
-0.09495928 0.84071970 0.08617955 1.00000000

0.47182870 -0.28774000 -0.83341670 0.00000000
-0.12408560 0.91417020 -0.38586990 0.00000000
0.87291500 0.28547940 0.39562740 0.00000000
-0.17449540 0.45847110 0.17312470 1.00000000

0.31434980 -0.09112173 -0.94492380 0.00000000
0.01218233 0.99568780 -0.09196427 0.00000000
0.94922910 0.01739761 0.31410450 0.00000000
-0.13221350 0.13211170 0.30973830 1.00000000

0.31434980 -0.09112173 -0.94492380 0.00000000
0.04530251 0.99568840 -0.08094615 0.00000000
0.94822570 -0.01736198 0.31712260 0.00000000
-0.26354530 0.02598691 0.27628140 1.00000000

0.71677260 -0.01946297 -0.69703540 0.00000000
0.02161222 0.99975030 -0.00569133 0.00000000
0.69697210 -0.01098509 0.71701420 0.00000000
-0.00967732 1.00719000 -0.01705036 1.00000000

0.72821160 -0.06196781 -0.68254520 0.00000000
0.01207451 0.99690940 -0.07762633 0.00000000
0.68524610 0.04828699 0.72670920 0.00000000
-0.00594859 1.17967600 -0.01803231 1.00000000

0.70069540 -0.20694860 -0.68278710 0.00000000
-0.24176990 0.83151080 -0.50013700 0.00000000
0.67124750 0.51552110 0.53260190 0.00000000
-0.00368326 1.36670800 -0.03259592 1.00000000

0.05647157 0.94341540 -0.32676950 0.00000000
0.55002020 -0.30254520 -0.77842410 0.00000000
-0.83324000 -0.13577100 -0.53598270 0.00000000
0.03547161 1.44769700 -0.10966000 1.00000000

0.88533690 0.41789930 0.20381120 0.00000000
0.31123830 -0.20702140 -0.92750900 0.00000000
-0.34541220 0.88459160 -0.31335000 0.00000000
0.15862080 1.37995700 -0.28394880 1.00000000

0.88533680 0.41789930 0.20381110 0.00000000
-0.36220950 0.89474830 -0.26120910 0.00000000
-0.29151870 0.15743580 0.94352060 0.00000000
0.24624690 1.32167300 -0.54507820 1.00000000

0.79344990 0.54820930 0.26439380 0.00000000
-0.50382670 0.83531830 -0.22000490 0.00000000
-0.34146150 0.04135421 0.93898560 0.00000000
0.15878130 1.53818600 -0.60822980 1.00000000

-0.69390700 -0.68493230 -0.22217360 0.00000000
-0.34146160 0.04135416 0.93898570 0.00000000
-0.63395360 0.72743250 -0.26257400 0.00000000
0.09119900 1.59083000 -0.63273190 1.00000000

-0.50105130 0.86418240 -0.04622492 0.00000000
-0.79986770 -0.48283040 -0.35649210 0.00000000
-0.33039290 -0.14164700 0.93315430 0.00000000
0.06011612 1.66657600 -0.58887620 1.00000000

-0.47455690 -0.82398800 -0.30958010 0.00000000
0.81552670 -0.54393210 0.19762160 0.00000000
-0.33122830 -0.15868810 0.93011070 0.00000000
0.02184759 1.64347600 -0.60593210 1.00000000

-0.53929850 0.80964840 -0.23157450 0.00000000
-0.77039440 -0.58539750 -0.25259140 0.00000000
-0.34007310 0.04218160 0.93945250 0.00000000
0.07374375 1.66738900 -0.62501350 1.00000000

-0.38098480 -0.91999630 -0.09196229 0.00000000
0.86035780 -0.38918610 0.32911830 0.00000000
-0.33857810 0.04626866 0.93980010 0.00000000
0.03587837 1.63746500 -0.63733710 1.00000000

-0.67656740 0.59604900 -0.43241460 0.00000000
-0.60085680 -0.78632220 -0.14376560 0.00000000
-0.42570850 0.16255220 0.89014000 0.00000000
0.08353324 1.66280400 -0.66222210 1.00000000

-0.36898650 -0.92943360 0.00150289 0.00000000
0.82656940 -0.32740930 0.45780570 0.00000000
-0.42500800 0.17016640 0.88905120 0.00000000
0.05532758 1.62589200 -0.66897060 1.00000000

-0.79276450 0.40255030 -0.45768770 0.00000000
-0.46917190 -0.88234810 0.03660473 0.00000000
-0.38910450 0.24375320 0.88835950 0.00000000
0.09254502 1.65714800 -0.69570540 1.00000000

-0.02434760 -0.95991280 0.27924020 0.00000000
0.93390350 0.07782287 0.34895280 0.00000000
-0.35669550 0.26927950 0.89457080 0.00000000
0.07318588 1.61925100 -0.69375720 1.00000000

0.01454893 0.47288470 0.88100430 0.00000000
-0.90746020 0.37624450 -0.18696580 0.00000000
-0.41988620 -0.79675620 0.43459800 0.00000000
0.08145516 1.58676800 -0.56043680 1.00000000

-0.83861790 0.54423900 -0.02289614 0.00000000
-0.08393216 -0.17063320 -0.98175350 0.00000000
-0.53821530 -0.82139430 0.18877520 0.00000000
0.02744819 1.60999000 -0.57004090 1.00000000

0.86948250 0.42531780 0.25120710 0.00000000
-0.36220950 0.89474830 -0.26120910 0.00000000
-0.33586390 0.13612720 0.93202200 0.00000000
0.19870340 1.43956900 -0.57943990 1.00000000

0.55823870 0.70064880 -0.44436560 0.00000000
0.01189834 -0.54229220 -0.84010580 0.00000000
-0.82959510 0.46369220 -0.31106500 0.00000000
0.10725980 1.44557200 -0.18278310 1.00000000

0.47327900 0.88010870 -0.03762633 0.00000000
0.31123830 -0.20702140 -0.92750900 0.00000000
-0.82409820 0.42725970 -0.37190240 0.00000000
0.15862080 1.37995700 -0.28394880 1.00000000

0.50902530 0.86045910 -0.02243844 0.00000000
0.31000740 -0.20758690 -0.92779480 0.00000000
-0.80298720 0.46531500 -0.37241560 0.00000000
0.19582160 1.35504600 -0.39528420 1.00000000

0.94547060 -0.05798664 -0.32050400 0.00000000
-0.14154260 0.81310110 -0.56465230 0.00000000
0.29334460 0.57922720 0.76055570 0.00000000
-0.03994897 1.49143500 -0.10761690 1.00000000

0.99171440 0.10916250 -0.06772244 0.00000000
-0.11775790 0.98317650 -0.13963250 0.00000000
0.05134043 0.14645050 0.98788490 0.00000000
-0.05325398 1.56786600 -0.16069420 1.00000000

0.99171440 0.10916250 -0.06772244 0.00000000
-0.12603690 0.92877270 -0.34856290 0.00000000
0.02484870 0.35421040 0.93483560 0.00000000
-0.06915031 1.63709400 -0.28188850 1.00000000

0.99171440 0.10916250 -0.06772244 0.00000000
0.12825790 -0.87115730 0.47395690 0.00000000
-0.00725859 -0.47871570 -0.87794020 0.00000000
-0.00349687 1.62368000 -0.26126650 1.00000000

0.99171440 0.10916250 -0.06772244 0.00000000
-0.12798000 0.88522250 -0.44721590 0.00000000
0.01113018 0.45217760 0.89185840 0.00000000
-0.12664540 1.60796700 -0.25161270 1.00000000

0.99171720 0.10920240 -0.06761637 0.00000000
0.12597940 -0.92958590 0.34640980 0.00000000
-0.02502641 -0.35205880 -0.93564330 0.00000000
-0.02807969 1.64770700 -0.24544140 1.00000000

0.99171270 0.10914110 -0.06777880 0.00000000
-0.12603700 0.92877130 -0.34856670 0.00000000
0.02490807 0.35422070 0.93483020 0.00000000
-0.10626780 1.63910100 -0.24010220 1.00000000

0.95377680 0.25449770 -0.15981490 0.00000000
0.29486660 -0.89517130 0.33424890 0.00000000
-0.05799615 -0.36592290 -0.92883630 0.00000000
-0.05034477 1.64301800 -0.28466880 1.00000000

0.97099140 0.22399840 -0.08366948 0.00000000
-0.23911470 0.90957810 -0.33984080 0.00000000
-0.00001988 0.34998900 0.93675370 0.00000000
-0.08563240 1.64004900 -0.28348850 1.00000000

0.99005910 0.10817390 0.08989656 0.00000000
0.09440166 -0.98485650 0.14541760 0.00000000
0.10426550 -0.13548560 -0.98527800 0.00000000
0.00810709 1.66243200 -0.24554250 1.00000000

0.98025470 0.10847670 -0.16532970 0.00000000
-0.14392630 0.96474110 -0.22036320 0.00000000
0.13559620 0.23980740 0.96130450 0.00000000
-0.14474250 1.64711700 -0.23641310 1.00000000

0.97208170 0.21945300 -0.08305240 0.00000000
0.23464280 -0.90877080 0.34507730 0.00000000
0.00025293 -0.35493100 -0.93489250 0.00000000
-0.02816246 1.64826600 -0.24575250 1.00000000

0.99866840 -0.00252368 -0.05152681 0.00000000
-0.01596777 0.93463260 -0.35525650 0.00000000
0.04905525 0.35560630 0.93334770 0.00000000
-0.10626940 1.63911300 -0.24010850 1.00000000

0.98911010 0.12756920 -0.07339844 0.00000000
-0.14457130 0.93558570 -0.32214680 0.00000000
0.02757448 0.32925000 0.94383990 0.00000000
-0.05960804 1.61226700 -0.18217170 1.00000000

0.94502110 0.30179860 -0.12590790 0.00000000
0.32489330 -0.91025260 0.25668050 0.00000000
-0.03714228 -0.28347510 -0.95826030 0.00000000
-0.04455169 1.55214400 -0.28461770 1.00000000

0.98980250 0.12301120 -0.07182869 0.00000000
-0.13939430 0.94026710 -0.31059150 0.00000000
0.02933177 0.31743670 0.94782570 0.00000000
-0.05974323 1.55196300 -0.28631240 1.00000000

0.99826990 -0.05591698 -0.01817739 0.00000000
0.04846424 0.95757050 -0.28409500 0.00000000
0.03329185 0.28272270 0.95862380 0.00000000
-0.07692118 1.54941700 -0.28019920 1.00000000

0.98611720 0.14898330 -0.07332709 0.00000000
0.16564410 -0.91347950 0.37164150 0.00000000
-0.01161441 -0.37862830 -0.92547600 0.00000000
-0.03704692 1.56373200 -0.26974010 1.00000000

0.99292970 0.09853009 -0.06620163 0.00000000
-0.11626940 0.91965440 -0.37512290 0.00000000
0.02392164 0.38016790 0.92460800 0.00000000
-0.08727343 1.55785500 -0.26335110 1.00000000

0.98052310 0.18296400 -0.07140446 0.00000000
0.19608170 -0.89112060 0.40921470 0.00000000
0.01124159 -0.41524570 -0.90963980 0.00000000
-0.04706459 1.57587000 -0.28113570 1.00000000

0.99074450 0.11699790 -0.06882581 0.00000000
-0.13503750 0.90105780 -0.41214030 0.00000000
0.01379651 0.41761990 0.90851710 0.00000000
-0.06219326 1.57344600 -0.28448870 1.00000000

0.99584050 0.05979495 -0.06874943 0.00000000
-0.08365983 0.89897790 -0.42993050 0.00000000
0.03609663 0.43389380 0.90024070 0.00000000
-0.07987826 1.57302600 -0.27740390 1.00000000

0.99166610 0.10956530 -0.06777963 0.00000000
0.12858860 -0.87428080 0.46807920 0.00000000
-0.00797328 -0.47289400 -0.88108330 0.00000000
-0.04876405 1.60601100 -0.27730380 1.00000000

0.99166610 0.10956530 -0.06777963 0.00000000
-0.12858860 0.87428080 -0.46807910 0.00000000
0.00797334 0.47289390 0.88108340 0.00000000
-0.06642465 1.60198200 -0.29857270 1.00000000

0.99166610 0.10956530 -0.06777963 0.00000000
-0.12858860 0.87428080 -0.46807910 0.00000000
0.00797334 0.47289390 0.88108340 0.00000000
-0.08150695 1.60176700 -0.27497330 1.00000000

0.99171440 0.10916250 -0.06772244 0.00000000
0.11261690 -0.48512410 0.86716330 0.00000000
0.06180786 -0.86760490 -0.49339790 0.00000000
-0.05594946 1.64674000 -0.07302929 1.00000000

0.99171440 0.10916250 -0.06772244 0.00000000
-0.11973630 0.97645570 -0.17943720 0.00000000
0.04654008 0.18605930 0.98143570 0.00000000
-0.07169300 1.71316900 -0.19649440 1.00000000

0.31480350 -0.94666920 0.06867494 0.00000000
0.93162090 0.29433380 -0.21319040 0.00000000
0.18160740 0.13109210 0.97459420 0.00000000
-0.05322694 1.47389300 -0.02322740 1.00000000

0.74957930 -0.54392120 -0.37720110 0.00000000
0.62688110 0.40042020 0.66834410 0.00000000
-0.21248750 -0.73743730 0.64112060 0.00000000
-0.26181680 1.40799100 0.02450583 1.00000000

0.74957930 -0.54392120 -0.37720120 0.00000000
-0.36049280 -0.81339900 0.45653830 0.00000000
-0.55513570 -0.20623340 -0.80578660 0.00000000
-0.43830670 1.29526000 -0.16365360 1.00000000

0.69666210 -0.53092970 -0.48246830 0.00000000
-0.35524560 -0.83958910 0.41096320 0.00000000
-0.62326760 -0.11490780 -0.77352040 0.00000000
-0.35123050 1.49212000 -0.27402820 1.00000000

-0.62439050 0.66865680 0.40377550 0.00000000
-0.62326770 -0.11490780 -0.77352010 0.00000000
-0.47082260 -0.73463900 0.48849960 0.00000000
-0.29844010 1.54581800 -0.32163240 1.00000000

-0.39296710 -0.87958720 0.26814780 0.00000000
-0.69250510 0.47493080 0.54302660 0.00000000
-0.60499070 0.02769786 -0.79575070 0.00000000
-0.25941880 1.62540800 -0.29389020 1.00000000

-0.57526990 0.70477270 0.41516270 0.00000000
0.56888470 0.70942630 -0.41603450 0.00000000
-0.58773700 -0.00315244 -0.80904600 0.00000000
-0.22628710 1.60268600 -0.31987030 1.00000000

-0.28728090 -0.90510230 0.31346410 0.00000000
-0.75814860 0.41487060 0.50308400 0.00000000
-0.58538930 -0.09312586 -0.80538610 0.00000000
-0.28400800 1.62336300 -0.32361300 1.00000000

-0.49458440 0.84810580 0.19000800 0.00000000
0.66651540 0.51041850 -0.54335090 0.00000000
-0.55780240 -0.14208960 -0.81772040 0.00000000
-0.24650310 1.60184100 -0.34833850 1.00000000

-0.34712290 -0.70651870 0.61671480 0.00000000
-0.62865080 0.66328140 0.40602520 0.00000000
-0.69591950 -0.24675760 -0.67439340 0.00000000
-0.30499630 1.61602500 -0.35534610 1.00000000

-0.48241250 0.87136470 0.08945408 0.00000000
0.56079250 0.38568330 -0.73263930 0.00000000
-0.67289680 -0.30326910 -0.67471310 0.00000000
-0.27548530 1.58488900 -0.37440620 1.00000000

-0.40895490 -0.46007790 0.78808900 0.00000000
-0.51281150 0.83021400 0.21856200 0.00000000
-0.75483790 -0.31475910 -0.57545320 0.00000000
-0.32398360 1.60788800 -0.38376390 1.00000000

-0.26462280 0.92028350 -0.28818910 0.00000000
0.64566460 -0.05289809 -0.76178680 0.00000000
-0.71630450 -0.38765970 -0.58019650 0.00000000
-0.30244930 1.57216700 -0.39242800 1.00000000

-0.21909350 -0.51325460 -0.82979990 0.00000000
-0.85668060 -0.30587080 0.41538070 0.00000000
-0.46700760 0.80188070 -0.37268090 0.00000000
-0.26565170 1.54676000 -0.25634820 1.00000000

-0.66975350 -0.55986680 0.48783150 0.00000000
0.30513920 0.39141840 0.86814840 0.00000000
-0.67699370 0.73030190 -0.09131637 0.00000000
-0.21426290 1.56586300 -0.27964170 1.00000000

0.71538540 -0.55518070 -0.42426230 0.00000000
-0.36049280 -0.81339900 0.45653830 0.00000000
-0.59855560 -0.17365740 -0.78203230 0.00000000
-0.39096070 1.40247000 -0.22371140 1.00000000

0.75672760 -0.58168700 0.29833480 0.00000000
0.28443410 0.70386080 0.65090510 0.00000000
-0.58860920 -0.40770110 0.69808260 0.00000000
-0.21594930 1.44678600 0.01883914 1.00000000

0.53805980 -0.84290660 0.00032520 0.00000000
0.62688110 0.40042020 0.66834410 0.00000000
-0.56348210 -0.35940530 0.74385230 0.00000000
-0.26181680 1.40799100 0.02450583 1.00000000

0.56647420 -0.82328150 -0.03625911 0.00000000
0.62583970 0.40116200 0.66887510 0.00000000
-0.53612670 -0.40159280 0.74249020 0.00000000
-0.33691760 1.35985200 -0.05575919 1.00000000

0.74718790 0.03232979 -0.66382610 0.00000000
0.00447552 0.99854880 0.05366907 0.00000000
0.66459790 -0.04307185 0.74595890 0.00000000
-0.06569043 0.97763010 -0.18853920 1.00000000

0.74710870 0.00050618 -0.66470160 0.00000000
0.01429380 0.99975630 0.01682721 0.00000000
0.66454820 -0.02207286 0.74691950 0.00000000
-0.17846170 0.98473020 -0.10053820 1.00000000

0.71712140 0.00167313 -0.69694630 0.00000000
-0.01072606 -0.99985240 -0.01343685 0.00000000
-0.69686590 0.01711136 -0.71699760 0.00000000
-0.11405230 1.00027900 0.09328298 1.00000000

1.00000000 0.00000000 0.00000000 0.00000000
0.00000000 1.00000000 0.00000000 0.00000000
0.00000000 0.00000000 1.00000000 0.00000000
0.00000000 0.00000000 0.00000000 1.00000000

1.00000000 0.00000000 0.00000000 0.00000000
0.00000000 1.00000000 0.00000000 0.00000000
0.00000000 0.00000000 1.00000000 0.00000000
0.00000000 0.00000000 0.00000000 1.00000000

0.99171440 0.10916250 -0.06772244 0.00000000
-0.11973630 0.97645560 -0.17943730 0.00000000
0.04654014 0.18605940 0.98143570 0.00000000
-0.05201378 1.55494600 -0.16335620 1.00000000

0.74828110 0.01335004 -0.66324740 0.00000000
-0.11143400 0.98812050 -0.10583160 0.00000000
0.65395550 0.15310010 0.74087960 0.00000000
-0.00011267 0.87282320 0.00280287 1.00000000

0.97338580 0.20920890 0.09355035 0.00000000
0.22914530 -0.89477580 -0.38323520 0.00000000
0.00353023 0.39447230 -0.91890120 0.00000000
0.09899770 0.84306220 -0.08579027 1.00000000

0.97338580 0.20920890 0.09355035 0.00000000
0.19265850 -0.96807810 0.16033660 0.00000000
0.12410780 -0.13804620 -0.98261930 0.00000000
0.19065580 0.48515190 -0.23908430 1.00000000

0.99089220 0.13348760 0.01771364 0.00000000
0.13362790 -0.99100730 -0.00697743 0.00000000
0.01662275 0.00928090 -0.99981890 0.00000000
0.25957640 0.13991100 -0.18412880 1.00000000

0.99091790 0.13347320 0.01633063 0.00000000
0.13289180 -0.99059350 0.03262820 0.00000000
0.02053180 -0.03016179 -0.99933430 0.00000000
0.27577680 0.03792948 -0.32185030 1.00000000

0.47434910 -0.28095190 -0.83430150 0.00000000
0.20557040 0.95685670 -0.20534380 0.00000000
0.85599870 -0.07410308 0.51163950 0.00000000
-0.09933293 0.83952330 0.09000229 1.00000000

0.47434850 -0.28095200 -0.83430180 0.00000000
-0.14463540 0.90995720 -0.38866250 0.00000000
0.86837450 0.30503100 0.39100120 0.00000000
-0.18156140 0.45678160 0.17214030 1.00000000

0.31431630 -0.09193689 -0.94485600 0.00000000
0.01030005 0.99557110 -0.09344520 0.00000000
0.94926240 0.01963928 0.31387110 0.00000000
-0.13194740 0.13188000 0.30975920 1.00000000

0.31431630 -0.09193689 -0.94485600 0.00000000
0.04342256 0.99565000 -0.08243433 0.00000000
0.94832470 -0.01511764 0.31694110 0.00000000
-0.26308760 0.02546036 0.27648850 1.00000000

0.71855690 -0.01645558 -0.69527330 0.00000000
0.01527692 0.99985220 -0.00787577 0.00000000
0.69530020 -0.00496244 0.71870230 0.00000000
-0.01531273 1.00760800 -0.01163299 1.00000000

0.73218200 -0.05885971 -0.67856100 0.00000000
0.00456348 0.99666050 -0.08152820 0.00000000
0.68109380 0.05659690 0.73000560 0.00000000
-0.01267704 1.18011200 -0.01299184 1.00000000

0.70822910 -0.20359630 -0.67598820 0.00000000
-0.24604470 0.82629940 -0.50664720 0.00000000
0.66172020 0.52514550 0.53511550 0.00000000
-0.01182086 1.36709700 -0.02828747 1.00000000

0.05366732 0.94157900 -0.33248920 0.00000000
0.56149900 -0.30379680 -0.76969250 0.00000000
-0.82573540 -0.14538500 -0.54499970 0.00000000
0.02714154 1.44805600 -0.10548110 1.00000000

0.87536760 0.43616270 0.20855180 0.00000000
0.31340460 -0.18349070 -0.93172370 0.00000000
-0.36811580 0.88096180 -0.29731710 0.00000000
0.15286080 1.38003600 -0.27781490 1.00000000

0.87536780 0.43616260 0.20855170 0.00000000
-0.38765040 0.89100030 -0.23631760 0.00000000
-0.28889230 0.12601970 0.94903140 0.00000000
0.24109680 1.32837600 -0.54013090 1.00000000

0.78042100 0.56151990 0.27502470 0.00000000
-0.53006200 0.82746270 -0.18531120 0.00000000
-0.33162860 -0.00115936 0.94340930 0.00000000
0.14747530 1.54398600 -0.59726040 1.00000000

-0.67652050 -0.69667660 -0.23866780 0.00000000
-0.33162850 -0.00115939 0.94340930 0.00000000
-0.65752780 0.71738480 -0.23025340 0.00000000
0.07813369 1.59546400 -0.61919070 1.00000000

-0.52610590 0.85035230 -0.01066668 0.00000000
-0.78977360 -0.49320110 -0.36470610 0.00000000
-0.31538940 -0.18344980 0.93106150 0.00000000
0.04540248 1.66870900 -0.57238580 1.00000000

-0.45430140 -0.82619050 -0.33319670 0.00000000
0.83300570 -0.52654790 0.16984890 0.00000000
-0.31577150 -0.20039220 0.92743260 0.00000000
0.00761686 1.64511300 -0.58983470 1.00000000

-0.56491510 0.80119030 -0.19739690 0.00000000
-0.75617470 -0.59840990 -0.26477490 0.00000000
-0.33025910 -0.00030868 0.94389030 0.00000000
0.05858262 1.67117000 -0.60861420 1.00000000

-0.35550760 -0.92692900 -0.12007140 0.00000000
0.87490230 -0.37521770 0.30619950 0.00000000
-0.32887770 0.00380556 0.94436480 0.00000000
0.02145014 1.64060400 -0.62157730 1.00000000

-0.69832040 0.59078710 -0.40412810 0.00000000
-0.57970330 -0.79797950 -0.16484190 0.00000000
-0.41987230 0.11916200 0.89972650 0.00000000
0.06806861 1.66816400 -0.64606180 1.00000000

-0.34216420 -0.93924850 -0.02712549 0.00000000
0.84084790 -0.31894720 0.43731920 0.00000000
-0.41940280 0.12682650 0.89889730 0.00000000
0.04085599 1.63070500 -0.65379990 1.00000000

-0.80921030 0.39498860 -0.43492850 0.00000000
-0.44324500 -0.89633730 0.01065789 0.00000000
-0.38563270 0.20140450 0.90040190 0.00000000
0.07685111 1.66393600 -0.67981580 1.00000000

0.00639427 -0.96931960 0.24572220 0.00000000
0.93526200 0.09276121 0.34158560 0.00000000
-0.35389870 0.22763030 0.90716030 0.00000000
0.05860947 1.62544800 -0.67899060 1.00000000

0.01117805 0.44227710 0.89680870 0.00000000
-0.91996800 0.35599300 -0.16409760 0.00000000
-0.39183410 -0.82320130 0.41086000 0.00000000
0.06934664 1.58861600 -0.54698310 1.00000000

-0.85407490 0.52012590 0.00501436 0.00000000
-0.09035262 -0.13885620 -0.98618200 0.00000000
-0.51224260 -0.84272660 0.16558830 0.00000000
0.01458917 1.61057900 -0.55519830 1.00000000

0.85921310 0.44210940 0.25747310 0.00000000
-0.38765040 0.89100030 -0.23631760 0.00000000
-0.33388660 0.10323770 0.93694280 0.00000000
0.19020140 1.44578200 -0.57121400 1.00000000

0.54020230 0.72129290 -0.43349540 0.00000000
0.02234635 -0.52723800 -0.84942390 0.00000000
-0.84123860 0.44917370 -0.30093350 0.00000000
0.09828348 1.44909800 -0.17540630 1.00000000

0.45217600 0.89161940 -0.02349381 0.00000000
0.31340460 -0.18349070 -0.93172370 0.00000000
-0.83505360 0.41394000 -0.36240770 0.00000000
0.15286080 1.38003600 -0.27781490 1.00000000

0.48856220 0.87248620 -0.00867537 0.00000000
0.31218710 -0.18408140 -0.93201570 0.00000000
-0.81476770 0.45263920 -0.36231420 0.00000000
0.19032320 1.35794600 -0.38965680 1.00000000

0.95005270 -0.04670409 -0.30857480 0.00000000
-0.14579630 0.80779640 -0.57114670 0.00000000
0.27594050 0.58760840 0.76063980 0.00000000
-0.04872781 1.49104300 -0.10428500 1.00000000

0.99086640 0.12145940 -0.05857691 0.00000000
-0.12867290 0.98156910 -0.14129950 0.00000000
0.04033506 0.14754620 0.98823240 0.00000000
-0.06243269 1.56697600 -0.15797280 1.00000000

0.99086640 0.12145940 -0.05857691 0.00000000
-0.13433330 0.92696740 -0.35026570 0.00000000
0.01175588 0.35493530 0.93481700 0.00000000
-0.07806206 1.63594200 -0.27935030 1.00000000

0.99086640 0.12145940 -0.05857691 0.00000000
0.13467260 -0.86926950 0.47564080 0.00000000
0.00685188 -0.47918520 -0.87768730 0.00000000
-0.01244125 1.62335600 -0.25811170 1.00000000

0.99086640 0.12145940 -0.05857691 0.00000000
-0.13481810 0.88334980 -0.44890680 0.00000000
-0.00277993 0.45270400 0.89165650 0.00000000
-0.13546930 1.60611700 -0.24959240 1.00000000

0.99086800 0.12149930 -0.05847079 0.00000000
0.13430590 -0.92778230 0.34811250 0.00000000
-0.01195279 -0.35278650 -0.93562770 0.00000000
-0.03746698 1.64708300 -0.24252970 1.00000000

0.99086580 0.12143790 -0.05863324 0.00000000
-0.13433330 0.92696600 -0.35026940 0.00000000
0.01181519 0.35494630 0.93481210 0.00000000
-0.11558810 1.63750800 -0.23791150 1.00000000

0.95198180 0.26626770 -0.15110330 0.00000000
0.30285780 -0.89127510 0.33749980 0.00000000
-0.04480934 -0.36705640 -0.92911890 0.00000000
-0.05930661 1.64209900 -0.28195930 1.00000000

0.96886600 0.23602100 -0.07478338 0.00000000
-0.24723990 0.90637180 -0.34258240 0.00000000
-0.01307499 0.35040590 0.93650670 0.00000000
-0.09456397 1.63869200 -0.28110500 1.00000000

0.98775940 0.12052500 0.09902036 0.00000000
0.10528660 -0.98353700 0.14686850 0.00000000
0.11509150 -0.13464520 -0.98418760 0.00000000
-0.00146668 1.66225700 -0.24230350 1.00000000

0.98032340 0.12058480 -0.15628580 0.00000000
-0.15385890 0.96277110 -0.22225880 0.00000000
0.12366680 0.24193150 0.96238030 0.00000000
-0.15419220 1.64504600 -0.23458450 1.00000000

0.97000700 0.23148990 -0.07415342 0.00000000
0.24270970 -0.90561760 0.34777670 0.00000000
0.01335201 -0.35534360 -0.93464030 0.00000000
-0.03755378 1.64764100 -0.24284190 1.00000000

0.99905810 0.00987611 -0.04225144 0.00000000
-0.02428815 0.93419290 -0.35594060 0.00000000
0.03595588 0.35663150 0.93355300 0.00000000
-0.11558990 1.63751900 -0.23791790 1.00000000

0.98808630 0.13982950 -0.06428766 0.00000000
-0.15319560 0.93356200 -0.32402690 0.00000000
0.01470801 0.33001520 0.94386110 0.00000000
-0.06913858 1.61128400 -0.17953460 1.00000000

0.94232400 0.31347210 -0.11730690 0.00000000
0.33378900 -0.90601830 0.26022240 0.00000000
-0.02470997 -0.28436950 -0.95839640 0.00000000
-0.05238463 1.55130400 -0.28180090 1.00000000

0.98882080 0.13528130 -0.06270882 0.00000000
-0.14818470 0.93831280 -0.31242660 0.00000000
0.01657507 0.31822640 0.94786980 0.00000000
-0.06755633 1.55093300 -0.28363640 1.00000000

0.99901400 -0.04350214 -0.00887564 0.00000000
0.03918974 0.95796470 -0.28419740 0.00000000
0.02086592 0.28356940 0.95872470 0.00000000
-0.08475733 1.54817700 -0.27768150 1.00000000

0.98482690 0.16120470 -0.06425667 0.00000000
0.17353110 -0.91117160 0.37370190 0.00000000
0.00169349 -0.37918230 -0.92532040 0.00000000
-0.04516304 1.56299200 -0.26686110 1.00000000

0.99219970 0.11084370 -0.05703852 0.00000000
-0.12420680 0.91795890 -0.37672850 0.00000000
0.01060122 0.38087450 0.92456620 0.00000000
-0.09536976 1.55649300 -0.26093520 1.00000000

0.97879300 0.19511420 -0.06240609 0.00000000
0.20333800 -0.88841790 0.41154300 0.00000000
0.02485511 -0.41550480 -0.90925130 0.00000000
-0.05522464 1.57499800 -0.27835630 1.00000000

0.98980960 0.12928160 -0.05969378 0.00000000
-0.14239760 0.89911260 -0.41390750 0.00000000
0.00016105 0.41818990 0.90835970 0.00000000
-0.07029016 1.57238500 -0.28184820 1.00000000

0.99561550 0.07214650 -0.05953640 0.00000000
-0.09083478 0.89766330 -0.43121870 0.00000000
0.02233285 0.43473600 0.90028100 0.00000000
