MeshAnim
1
34
83
30
0.74545310 0.03277160 -0.66575200 0.00000000
-0.08392824 0.99545630 -0.04497450 0.00000000
0.66125320 0.08940177 0.74481650 0.00000000
0.00959507 0.85779880 -0.01478975 1.00000000

0.97644590 0.21574350 -0.00286400 0.00000000
0.19465090 -0.88655290 -0.41968460 0.00000000
-0.09308329 0.40924180 -0.90766550 0.00000000
0.10743660 0.83072630 -0.10562720 1.00000000

0.97644590 0.21574350 -0.00286400 0.00000000
0.20903210 -0.94261430 0.26035350 0.00000000
0.05346996 -0.25481980 -0.96550920 0.00000000
0.18529700 0.47610520 -0.27350100 1.00000000

0.99760330 0.05889735 0.03631422 0.00000000
0.05900377 -0.99825610 -0.00186477 0.00000000
0.03614113 0.00400297 -0.99933870 0.00000000
0.25989540 0.13967900 -0.18287070 1.00000000

0.99738090 0.06481757 0.03209606 0.00000000
0.06361129 -0.99727840 0.03727744 0.00000000
0.03442493 -0.03513813 -0.99878940 0.00000000
0.27099510 0.03621894 -0.31999360 1.00000000

0.49434600 -0.31101620 -0.81172100 0.00000000
0.28978140 0.93934940 -0.18343820 0.00000000
0.81954180 -0.14453970 0.55449020 0.00000000
-0.09014444 0.82203970 0.07082921 1.00000000

0.49434500 -0.31101620 -0.81172160 0.00000000
-0.21895700 0.85914050 -0.46253160 0.00000000
0.84123770 0.40638230 0.35661260 0.00000000
-0.20605720 0.44630090 0.14420500 1.00000000

0.31290840 -0.06881984 -0.94728670 0.00000000
0.02798232 0.99760650 -0.06323239 0.00000000
0.94937110 -0.00672131 0.31408520 0.00000000
-0.12990160 0.13928170 0.30822020 1.00000000

0.31360260 -0.09056035 -0.94522610 0.00000000
-0.10028830 0.98671540 -0.12780850 0.00000000
0.94424370 0.13487620 0.30035430 0.00000000
-0.26289910 0.03626180 0.27177230 1.00000000

0.57906170 -0.14417400 -0.80243470 0.00000000
-0.03832328 0.97833830 -0.20343400 0.00000000
0.81438260 0.14855280 0.56099300 0.00000000
-0.00185309 0.99358460 -0.02092438 1.00000000

0.59661470 -0.11057880 -0.79487310 0.00000000
-0.08586688 0.97598020 -0.20022340 0.00000000
0.79792090 0.18770950 0.57278910 0.00000000
-0.00846497 1.16237600 -0.05602267 1.00000000

0.60176470 -0.43093190 -0.67244100 0.00000000
-0.26372810 0.68750670 -0.67659590 0.00000000
0.75387440 0.58449300 0.30006840 0.00000000
-0.02457459 1.34548200 -0.09358692 1.00000000

-0.08516020 0.76633820 -0.63676830 0.00000000
0.66236450 -0.43388300 -0.61075290 0.00000000
-0.74432620 -0.47378450 -0.47064550 0.00000000
0.00843150 1.40027100 -0.19328630 1.00000000

0.33183030 0.42266640 -0.84335160 0.00000000
0.37490820 -0.87945950 -0.29324910 0.00000000
-0.86564020 -0.21887050 -0.45029230 0.00000000
0.15673450 1.30312500 -0.33003350 1.00000000

0.33854120 0.39377370 -0.85459480 0.00000000
-0.27076540 -0.82904160 -0.48926100 0.00000000
-0.90115270 0.39702960 -0.17404450 0.00000000
0.26228580 1.05552300 -0.41259500 1.00000000

0.45170590 0.24857890 -0.85683750 0.00000000
-0.49543340 -0.72881810 -0.47262060 0.00000000
-0.74196200 0.63799120 -0.20605710 0.00000000
0.19684590 0.85504470 -0.53109650 1.00000000

-0.35881250 -0.11824460 0.92589000 0.00000000
-0.74196200 0.63799130 -0.20605700 0.00000000
-0.56634450 -0.76091100 -0.31665220 0.00000000
0.08656960 0.75893220 -0.55292550 1.00000000

-0.58010090 -0.59734210 -0.55377400 0.00000000
-0.42698080 -0.35596470 0.83125000 0.00000000
-0.69366470 0.71865980 -0.04855803 0.00000000
0.07751507 0.77953790 -0.61265700 1.00000000

-0.10156210 -0.05230618 0.99345340 0.00000000
0.71703000 0.68838040 0.10954680 0.00000000
-0.68960370 0.72346140 -0.03240815 0.00000000
0.05708677 0.76250730 -0.57288690 1.00000000

-0.51551590 -0.73920600 -0.43337990 0.00000000
-0.43005090 -0.21425860 0.87701170 0.00000000
-0.74114780 0.63848880 -0.20744260 0.00000000
0.10601520 0.75408050 -0.60700670 1.00000000

-0.10396020 0.20252160 0.97374390 0.00000000
0.66360170 0.74338200 -0.08376205 0.00000000
-0.74082740 0.63747020 -0.21167590 0.00000000
0.08506208 0.74413870 -0.56292390 1.00000000

-0.49765100 -0.85720580 -0.13244570 0.00000000
-0.29541400 0.02393625 0.95506970 0.00000000
-0.81552080 0.51441740 -0.26514240 0.00000000
0.13277380 0.72881690 -0.59487960 1.00000000

-0.13553360 0.28801140 0.94798760 0.00000000
0.56207380 0.81029460 -0.16581880 0.00000000
-0.81590680 0.51036470 -0.27170570 0.00000000
0.11890640 0.72994060 -0.55004610 1.00000000

-0.54780560 -0.83200440 0.08762571 0.00000000
-0.24753890 0.26124550 0.93299290 0.00000000
-0.79914580 0.48940760 -0.34906520 0.00000000
0.15732930 0.70683600 -0.58270550 1.00000000

0.03727376 0.65022440 0.75882750 0.00000000
0.62571090 0.57688780 -0.52505890 0.00000000
-0.77916400 0.49437720 -0.38534960 0.00000000
0.14720330 0.71864090 -0.54304650 1.00000000

-0.49312240 0.52101400 -0.69668860 0.00000000
-0.76819130 -0.63663870 0.06762612 0.00000000
-0.40830480 0.56853790 0.71417930 0.00000000
0.09829278 0.84600570 -0.55989410 1.00000000

-0.81879890 -0.55234930 -0.15645930 0.00000000
0.42102250 -0.76303830 0.49042100 0.00000000
-0.39026790 0.33568300 0.85732610 0.00000000
0.05169762 0.80900260 -0.55707600 1.00000000

0.42124330 0.35496270 -0.83459910 0.00000000
-0.27076540 -0.82904160 -0.48926100 0.00000000
-0.86558680 0.43207850 -0.25311660 0.00000000
0.22668920 0.94642030 -0.47717090 1.00000000

0.26110800 -0.06891029 -0.96284690 0.00000000
0.22128110 -0.96661530 0.12918770 0.00000000
-0.93960500 -0.24679180 -0.23714240 0.00000000
0.14776340 1.31115600 -0.31746380 1.00000000

0.11145830 0.35678630 -0.92751310 0.00000000
0.37490820 -0.87945950 -0.29324910 0.00000000
-0.92033770 -0.31504720 -0.23178510 0.00000000
0.15673450 1.30312500 -0.33003350 1.00000000

0.16211190 0.37228200 -0.91385230 0.00000000
0.37443580 -0.88004680 -0.29208790 0.00000000
-0.91297200 -0.29482810 -0.28206170 0.00000000
0.20166680 1.19751900 -0.36508410 1.00000000

0.93192120 -0.12237090 -0.34139160 0.00000000
-0.18449130 0.65047500 -0.73678030 0.00000000
0.31222710 0.74960480 0.58361520 0.00000000
-0.06413399 1.44860800 -0.19507730 1.00000000

0.99375000 0.08745363 -0.06937659 0.00000000
-0.09187177 0.99375840 -0.06327498 0.00000000
0.06340981 0.06925327 0.99558190 0.00000000
-0.08147607 1.50975300 -0.26433470 1.00000000

0.99375000 0.08745363 -0.06937659 0.00000000
-0.10334750 0.95568900 -0.27564090 0.00000000
0.04219663 0.28108780 0.95875390 0.00000000
-0.09645652 1.58842200 -0.37974670 1.00000000

0.99375000 0.08745363 -0.06937659 0.00000000
0.10817300 -0.90788550 0.40502250 0.00000000
-0.02756518 -0.40999560 -0.91167100 0.00000000
-0.03102955 1.57172400 -0.36087720 1.00000000

0.99375000 0.08745363 -0.06937659 0.00000000
-0.10729080 0.91985760 -0.37729410 0.00000000
0.03082076 0.38237930 0.92349120 0.00000000
-0.15448000 1.55861900 -0.35118570 1.00000000

0.99375440 0.08748277 -0.06927621 0.00000000
0.10325010 -0.95633360 0.27343370 0.00000000
-0.04233047 -0.27887850 -0.95939300 0.00000000
-0.05481371 1.59512300 -0.34302060 1.00000000

0.99374760 0.08743796 -0.06942984 0.00000000
-0.10334760 0.95568810 -0.27564410 0.00000000
0.04225150 0.28109600 0.95874910 0.00000000
-0.13316220 1.58822900 -0.33755090 1.00000000

0.95906360 0.24035160 -0.14976100 0.00000000
0.27291300 -0.92562010 0.26219510 0.00000000
-0.07560268 -0.29233350 -0.95332350 0.00000000
-0.07751884 1.59403700 -0.38226090 1.00000000

0.97605620 0.20368420 -0.07633469 0.00000000
-0.21683430 0.93891560 -0.26724590 0.00000000
0.01723793 0.27739900 0.96060010 0.00000000
-0.11286380 1.59193100 -0.38094850 1.00000000

0.99335610 0.07449105 0.08771983 0.00000000
0.06852631 -0.99524980 0.06915440 0.00000000
0.09245458 -0.06268375 -0.99374210 0.00000000
-0.01823849 1.60884000 -0.34237240 1.00000000

0.98147850 0.09452092 -0.16663100 0.00000000
-0.11919510 0.98224040 -0.14490130 0.00000000
0.14997540 0.16207910 0.97531410 0.00000000
-0.17137110 1.59696500 -0.33286950 1.00000000

0.97702640 0.19907750 -0.07607603 0.00000000
0.21242910 -0.93839070 0.27257430 0.00000000
-0.01712567 -0.28247280 -0.95912240 0.00000000
-0.05488365 1.59570600 -0.34328740 1.00000000

0.99776890 -0.02528836 -0.06179011 0.00000000
0.00678273 0.95909710 -0.28299600 0.00000000
0.06641901 0.28194540 0.95712860 0.00000000
-0.13316370 1.58824100 -0.33755630 1.00000000

0.99160550 0.10630260 -0.07360983 0.00000000
-0.12147140 0.96096060 -0.24859490 0.00000000
0.04430977 0.25544960 0.96580640 0.00000000
-0.08678464 1.55581600 -0.28230860 1.00000000

0.95188650 0.28514580 -0.11226870 0.00000000
0.30187970 -0.93553870 0.18340130 0.00000000
-0.05273548 -0.20846870 -0.97660610 0.00000000
-0.07422132 1.50330100 -0.38917750 1.00000000

0.99218520 0.10162140 -0.07239828 0.00000000
-0.11607350 0.96460690 -0.23677070 0.00000000
0.04577482 0.24332380 0.96886440 0.00000000
-0.08942548 1.50365600 -0.39072540 1.00000000

0.99617790 -0.08103987 -0.03259370 0.00000000
0.07239918 0.97480990 -0.21096000 0.00000000
0.04886883 0.20779390 0.97695110 0.00000000
-0.10661630 1.50111200 -0.38464790 1.00000000

0.98920190 0.12772120 -0.07188022 0.00000000
0.14354660 -0.94326510 0.29940860 0.00000000
-0.02956125 -0.30649360 -0.95141360 0.00000000
-0.06628006 1.51351600 -0.37353960 1.00000000

0.99468540 0.07670752 -0.06868097 0.00000000
-0.09405115 0.94836520 -0.30291580 0.00000000
0.04189873 0.30776540 0.95053940 0.00000000
-0.11659510 1.50851300 -0.36710210 1.00000000

0.98455830 0.16159370 -0.06732270 0.00000000
0.17489220 -0.92465870 0.33825920 0.00000000
-0.00758985 -0.34481000 -0.93864190 0.00000000
-0.07605372 1.52675100 -0.38387640 1.00000000

0.99298640 0.09537347 -0.06987116 0.00000000
-0.11362430 0.93315460 -0.34104560 0.00000000
0.03267369 0.34659270 0.93744660 0.00000000
-0.09127010 1.52499500 -0.38724890 1.00000000

0.99651120 0.03821556 -0.07419574 0.00000000
-0.06247005 0.93106420 -0.35946750 0.00000000
0.05534363 0.36284840 0.93020330 0.00000000
-0.10890150 1.52450900 -0.38003590 1.00000000

0.99371220 0.08786073 -0.06940243 0.00000000
0.10837000 -0.91055910 0.39892140 0.00000000
-0.02814549 -0.40393410 -0.91435500 0.00000000
-0.07689413 1.55654600 -0.37774710 1.00000000

0.99371220 0.08786073 -0.06940243 0.00000000
-0.10836990 0.91055910 -0.39892130 0.00000000
0.02814546 0.40393400 0.91435500 0.00000000
-0.09483174 1.55462600 -0.39907880 1.00000000

0.99371220 0.08786073 -0.06940243 0.00000000
-0.10836990 0.91055910 -0.39892130 0.00000000
0.02814546 0.40393400 0.91435500 0.00000000
-0.10972100 1.55301400 -0.37541090 1.00000000

0.99375000 0.08745363 -0.06937659 0.00000000
0.10634400 -0.55268600 0.82657670 0.00000000
0.03394380 -0.82878820 -0.55853210 0.00000000
-0.08128984 1.58175400 -0.17090460 1.00000000

0.99375000 0.08745363 -0.06937659 0.00000000
-0.09435902 0.99014840 -0.10345300 0.00000000
0.05964559 0.10935270 0.99221180 0.00000000
-0.09621289 1.65780300 -0.28879480 1.00000000

0.47542230 -0.80958130 0.34431320 0.00000000
0.41079700 -0.14179880 -0.90063270 0.00000000
0.77795850 0.56962360 0.26515920 0.00000000
-0.06774367 1.45482000 -0.10816310 1.00000000

-0.13716240 -0.75371560 -0.64272800 0.00000000
0.52439790 0.49522240 -0.69264840 0.00000000
0.84035310 -0.43205050 0.32732110 0.00000000
-0.15972100 1.48656900 0.09348860 1.00000000

-0.09454146 -0.72731730 -0.67975830 0.00000000
0.93320940 -0.30252680 0.19390150 0.00000000
-0.34667310 -0.61602500 0.70734080 0.00000000
-0.30735520 1.34714900 0.28849400 1.00000000

0.10036020 -0.34913450 -0.93168280 0.00000000
0.89088620 -0.38540210 0.24038930 0.00000000
-0.44300080 -0.85414890 0.27236020 0.00000000
-0.53308790 1.42045700 0.24170530 1.00000000

-0.25671650 0.40428160 0.87786870 0.00000000
-0.40408190 -0.87000810 0.28249550 0.00000000
0.87796070 -0.28220920 0.38670830 0.00000000
-0.62529840 1.47213700 0.15375610 1.00000000

0.76794430 -0.63901840 0.04378542 0.00000000
0.12814440 0.22025630 0.96698810 0.00000000
-0.62756720 -0.73698230 0.25103150 0.00000000
-0.64351790 1.52716800 0.18682960 1.00000000

0.42426540 -0.08057514 0.90194590 0.00000000
-0.67808200 0.63187920 0.37541090 0.00000000
-0.60016970 -0.77086710 0.21344800 0.00000000
-0.64964900 1.51663000 0.14056510 1.00000000

0.80618520 -0.58835070 -0.06252080 0.00000000
0.18594940 0.15163590 0.97078810 0.00000000
-0.56168340 -0.79426080 0.23165010 0.00000000
-0.66233860 1.49551300 0.19849370 1.00000000

0.41011270 -0.05705422 0.91024850 0.00000000
-0.73866870 0.56462320 0.36819780 0.00000000
-0.53495460 -0.82337450 0.18941510 0.00000000
-0.67080850 1.48742900 0.15007880 1.00000000

0.89074070 -0.44423030 -0.09612691 0.00000000
0.19629600 0.18524020 0.96288840 0.00000000
-0.40993760 -0.87655310 0.25220170 0.00000000
-0.67840820 1.46083100 0.20483880 1.00000000

0.61349750 -0.08092465 0.78553950 0.00000000
-0.68851050 0.43235160 0.58225890 0.00000000
-0.38674850 -0.89806640 0.20952930 0.00000000
-0.68762300 1.45213600 0.15963830 1.00000000

0.88923440 -0.40640550 -0.20999250 0.00000000
0.25276970 0.05392154 0.96602280 0.00000000
-0.38127400 -0.91210030 0.15067590 0.00000000
-0.69162820 1.42874000 0.21028490 1.00000000

0.72449710 -0.19985780 0.65966730 0.00000000
-0.59350430 0.30579010 0.74447640 0.00000000
-0.35050920 -0.93088630 0.10292750 0.00000000
-0.70167340 1.42614100 0.16896850 1.00000000

-0.87265660 -0.37506900 -0.31271980 0.00000000
-0.30106760 -0.09097493 0.94925360 0.00000000
-0.38448520 0.92252220 -0.03353126 0.00000000
-0.55676170 1.50091200 0.18641920 1.00000000

-0.25053780 -0.12369140 0.96017270 0.00000000
0.88897290 0.36334150 0.27876590 0.00000000
-0.38335160 0.92340890 0.01892759 0.00000000
-0.53732130 1.50697900 0.13044130 1.00000000

-0.00110331 -0.54202470 -0.84036200 0.00000000
0.93320940 -0.30252680 0.19390150 0.00000000
-0.35933150 -0.78401960 0.50615620 0.00000000
-0.43023400 1.38711200 0.26307450 1.00000000

0.61477460 -0.55060840 -0.56469680 0.00000000
0.33541960 0.83053210 -0.44464640 0.00000000
0.71382490 0.08394688 0.69527480 0.00000000
-0.13822070 1.48524000 0.05921702 1.00000000

0.42360410 -0.85739110 -0.29230130 0.00000000
0.52439790 0.49522240 -0.69264840 0.00000000
0.73862460 0.14012640 0.65939220 0.00000000
-0.15972100 1.48656900 0.09348860 1.00000000

0.39196160 -0.86208630 -0.32120590 0.00000000
0.52459950 0.49625910 -0.69175320 0.00000000
0.75575230 0.10263620 0.64676460 0.00000000
-0.22267290 1.42701800 0.17649900 1.00000000

0.74606030 0.05889829 -0.66326850 0.00000000
0.02556673 0.99281220 0.11691990 0.00000000
0.66538750 -0.10418690 0.73919180 0.00000000
-0.05883185 0.97708680 -0.19384310 1.00000000

0.74542230 0.03184873 -0.66583130 0.00000000
0.03437655 0.99569210 0.08611278 0.00000000
0.66570560 -0.08707939 0.74111630 0.00000000
-0.17123820 0.98025120 -0.10514840 1.00000000

0.56812180 -0.00685519 -0.82291600 0.00000000
-0.08579385 -0.99500990 -0.05094127 0.00000000
-0.81846030 0.09954200 -0.56587490 0.00000000
-0.09475958 0.99482600 0.09508439 1.00000000

1.00000000 0.00000000 0.00000000 0.00000000
0.00000000 1.00000000 0.00000000 0.00000000
0.00000000 0.00000000 1.00000000 0.00000000
0.00000000 0.00000000 0.00000000 1.00000000

1.00000000 0.00000000 0.00000000 0.00000000
0.00000000 1.00000000 0.00000000 0.00000000
0.00000000 0.00000000 1.00000000 0.00000000
0.00000000 0.00000000 0.00000000 1.00000000

0.99375000 0.08745363 -0.06937659 0.00000000
-0.09435908 0.99014840 -0.10345310 0.00000000
0.05964568 0.10935280 0.99221180 0.00000000
-0.08061267 1.49704500 -0.26798390 1.00000000

0.73929020 0.01594404 -0.67319820 0.00000000
-0.07545435 0.99538520 -0.05928744 0.00000000
0.66914620 0.09462635 0.73708150 0.00000000
0.01291956 0.85788800 -0.01563423 1.00000000

0.97703230 0.21309110 0.00047141 0.00000000
0.19293770 -0.88368430 -0.42647080 0.00000000
-0.09046072 0.41676660 -0.90450130 0.00000000
0.10963860 0.82855950 -0.10697200 1.00000000

0.97703230 0.21309110 0.00047141 0.00000000
0.20488270 -0.93999950 0.27280860 0.00000000
0.05857605 -0.26644620 -0.96206840 0.00000000
0.18681370 0.47508590 -0.27756040 1.00000000

0.99762570 0.05864417 0.03611058 0.00000000
0.05874570 -0.99827160 -0.00175359 0.00000000
0.03594521 0.00387080 -0.99934640 0.00000000
0.25994490 0.13956570 -0.18248450 1.00000000

0.99740400 0.06456395 0.03189176 0.00000000
0.06336123 -0.99729020 0.03738766 0.00000000
0.03421903 -0.03526985 -0.99879190 0.00000000
0.27099080 0.03608590 -0.31959690 1.00000000

0.49898550 -0.31094210 -0.80890560 0.00000000
0.28444960 0.94046540 -0.18604650 0.00000000
0.81859760 -0.13725840 0.55772590 0.00000000
-0.08630902 0.82433310 0.07145794 1.00000000

0.49898460 -0.31094210 -0.80890620 0.00000000
-0.20538860 0.86438760 -0.45896590 0.00000000
0.84192030 0.39515710 0.36745210 0.00000000
-0.20008910 0.44814790 0.14587700 1.00000000

0.31315990 -0.06885999 -0.94720070 0.00000000
0.02648220 0.99761330 -0.06376949 0.00000000
0.94933120 -0.00511389 0.31423600 0.00000000
-0.12876960 0.13928390 0.30859780 1.00000000

0.31388660 -0.09059827 -0.94512800 0.00000000
-0.10176180 0.98649310 -0.12835960 0.00000000
0.94399150 0.13646820 0.30042750 0.00000000
-0.26160530 0.03604305 0.27218510 1.00000000

0.57000320 -0.16137210 -0.80563980 0.00000000
-0.03325441 0.97518910 -0.21886140 0.00000000
0.82096930 0.15154280 0.55049450 0.00000000
0.00262728 0.99366410 -0.02372123 1.00000000

0.58777420 -0.12845940 -0.79876140 0.00000000
-0.07930037 0.97341110 -0.21490090 0.00000000
0.80512920 0.18965520 0.56195900 0.00000000
-0.00311007 1.16191300 -0.06148119 1.00000000

0.59088520 -0.44750060 -0.67126600 0.00000000
-0.26319040 0.67960790 -0.68473640 0.00000000
0.76261770 0.58127140 0.28379240 0.00000000
-0.01798773 1.34453600 -0.10179910 1.00000000

-0.08269325 0.75914810 -0.64564390 0.00000000
0.65216930 -0.44865210 -0.61105380 0.00000000
-0.75354990 -0.47159920 -0.45799260 0.00000000
0.01461756 1.39742800 -0.20264830 1.00000000

0.32788050 0.41018710 -0.85102360 0.00000000
0.35371450 -0.88860040 -0.29202010 0.00000000
-0.87600280 -0.20527170 -0.43644380 0.00000000
0.16063780 1.29697500 -0.33946280 1.00000000

0.33387390 0.38109090 -0.86214730 0.00000000
-0.30263940 -0.82287130 -0.48092940 0.00000000
-0.89271400 0.42148930 -0.15940220 0.00000000
0.26022230 1.04680000 -0.42167830 1.00000000

0.44874590 0.22837720 -0.86398550 0.00000000
-0.52608080 -0.71401460 -0.46197670 0.00000000
-0.72240330 0.66183640 -0.20026630 0.00000000
0.18707120 0.84781180 -0.53816560 1.00000000

-0.35057540 -0.10092030 0.93108110 0.00000000
-0.72240330 0.66183640 -0.20026630 0.00000000
-0.59601250 -0.74282460 -0.30492880 0.00000000
0.07330923 0.75540490 -0.55801990 1.00000000

-0.60726580 -0.58016410 -0.54280630 0.00000000
-0.42802910 -0.33668130 0.83871140 0.00000000
-0.66934290 0.74165770 -0.04387206 0.00000000
0.06418712 0.77598510 -0.61774990 1.00000000

-0.09037143 -0.04344201 0.99496040 0.00000000
0.74143560 0.66407290 0.09633893 0.00000000
-0.66491120 0.74640510 -0.02780375 0.00000000
0.04370867 0.75987700 -0.57762290 1.00000000

-0.54599420 -0.72349860 -0.42242210 0.00000000
-0.42567360 -0.19470790 0.88368030 0.00000000
-0.72159050 0.66229820 -0.20166480 0.00000000
0.09187417 0.74959990 -0.61231630 1.00000000

-0.08433968 0.21120900 0.97379540 0.00000000
0.68740610 0.71982240 -0.09658808 0.00000000
-0.72136010 0.66124670 -0.20589590 0.00000000
0.07116881 0.74061780 -0.56791160 1.00000000

-0.52825320 -0.84041330 -0.12105740 0.00000000
-0.28199470 0.03916776 0.95861630 0.00000000
-0.80089220 0.54052950 -0.25768260 0.00000000
0.11791150 0.72350310 -0.60038520 1.00000000

-0.11331320 0.29758690 0.94794640 0.00000000
0.58715990 0.78971920 -0.17772820 0.00000000
-0.80150100 0.53645700 -0.26421660 0.00000000
0.10467400 0.72534190 -0.55538530 1.00000000

-0.57465670 -0.81232540 0.09948692 0.00000000
-0.22635110 0.27458110 0.93454280 0.00000000
-0.78647030 0.51452220 -0.34166060 0.00000000
0.14185970 0.70076240 -0.58839830 1.00000000

0.06926554 0.65266030 0.75447820 0.00000000
0.63813350 0.55233890 -0.53638400 0.00000000
-0.76680390 0.51861080 -0.37822620 0.00000000
0.13265800 0.71312030 -0.54868260 1.00000000

-0.48408920 0.53378150 -0.69335070 0.00000000
-0.78849780 -0.60965830 0.08116925 0.00000000
-0.37938020 0.58599870 0.71601410 0.00000000
0.08790158 0.84198840 -0.56564640 1.00000000

-0.83911030 -0.52490070 -0.14273860 0.00000000
0.40110990 -0.77431270 0.48943990 0.00000000
-0.36743130 0.35344000 0.86027590 0.00000000
0.04011302 0.80661390 -0.56201610 1.00000000

0.41903900 0.33833130 -0.84257830 0.00000000
-0.30263940 -0.82287130 -0.48092940 0.00000000
-0.85604690 0.45652530 -0.24242270 0.00000000
0.22042760 0.93850730 -0.48515850 1.00000000

0.24325760 -0.08165948 -0.96651820 0.00000000
0.20578940 -0.96942040 0.13369870 0.00000000
-0.94788010 -0.23142240 -0.21901420 0.00000000
0.15169040 1.30549800 -0.32676220 1.00000000

0.10202850 0.34699480 -0.93230080 0.00000000
0.35371450 -0.88860040 -0.29202010 0.00000000
-0.92977240 -0.29997410 -0.21339960 0.00000000
0.16063780 1.29697500 -0.33946280 1.00000000

0.15322410 0.36168220 -0.91962400 0.00000000
0.35324760 -0.88917040 -0.29084810 0.00000000
-0.92289700 -0.28029000 -0.26400580 0.00000000
0.20302760 1.19027400 -0.37436460 1.00000000

0.92586650 -0.13971070 -0.35107270 0.00000000
-0.18585520 0.64057450 -0.74506530 0.00000000
0.32898190 0.75507960 0.56712040 0.00000000
-0.05746648 1.44647800 -0.20451050 1.00000000

0.99362220 0.07585528 -0.08343351 0.00000000
-0.08232013 0.99362790 -0.07698632 0.00000000
0.07706210 0.08336362 0.99353500 0.00000000
-0.07493678 1.50669100 -0.27454680 1.00000000

0.99362220 0.07585528 -0.08343351 0.00000000
-0.09695110 0.95253070 -0.28859240 0.00000000
0.05758172 0.29484100 0.95380990 0.00000000
-0.09059489 1.58379200 -0.39092370 1.00000000

0.99362220 0.07585528 -0.08343351 0.00000000
0.10395600 -0.90286360 0.41717000 0.00000000
-0.04368457 -0.42318290 -0.90499080 0.00000000
-0.02510585 1.56668200 -0.37264750 1.00000000

0.99362220 0.07585528 -0.08343351 0.00000000
-0.10258860 0.91523640 -0.38963780 0.00000000
0.04680538 0.39571220 0.91718100 0.00000000
-0.14854980 1.55503400 -0.36117630 1.00000000

0.99362810 0.07588586 -0.08333376 0.00000000
0.09681837 -0.95320700 0.28639660 0.00000000
-0.05770096 -0.29264000 -0.95448040 0.00000000
-0.04841064 1.59059500 -0.35483990 1.00000000

0.99361880 0.07583886 -0.08348665 0.00000000
-0.09695129 0.95252970 -0.28859560 0.00000000
0.05763680 0.29484830 0.95380430 0.00000000
-0.12674910 1.58461500 -0.34826190 1.00000000

0.95949010 0.22790150 -0.16565010 0.00000000
0.26663180 -0.92446700 0.27252120 0.00000000
-0.09103003 -0.30564900 -0.94778280 0.00000000
-0.07163395 1.58916700 -0.39376470 1.00000000

0.97705230 0.19215100 -0.09190619 0.00000000
-0.21048800 0.93709010 -0.27849060 0.00000000
0.03261220 0.29144510 0.95603150 0.00000000
-0.10697890 1.58745600 -0.39196730 1.00000000

0.99513490 0.06523360 0.07383177 0.00000000
0.05903873 -0.99478380 0.08318661 0.00000000
0.07887310 -0.07842302 -0.99379530 0.00000000
-0.01168905 1.60393000 -0.35486710 1.00000000

0.98016210 0.08160649 -0.18061750 0.00000000
-0.11082050 0.98118880 -0.15807320 0.00000000
0.16432020 0.17495360 0.97076790 0.00000000
-0.16480080 1.59382600 -0.34322180 1.00000000

0.97797780 0.18753860 -0.09159091 0.00000000
0.20615810 -0.93643940 0.28386650 0.00000000
-0.03253356 -0.29649740 -0.95447930 0.00000000
-0.04847795 1.59117500 -0.35511450 1.00000000

0.99656350 -0.03679777 -0.07420942 0.00000000
0.01310372 0.95465960 -0.29741120 0.00000000
0.08178887 0.29541690 0.95186110 0.00000000
-0.12675050 1.58462700 -0.34826750 1.00000000

0.99161950 0.09466096 -0.08792129 0.00000000
-0.11466610 0.95839610 -0.26139830 0.00000000
0.05951920 0.26928920 0.96121830 0.00000000
-0.07999793 1.55253600 -0.29313980 1.00000000

0.95326830 0.27332170 -0.12874440 0.00000000
0.29446710 -0.93586300 0.19351970 0.00000000
-0.06759402 -0.22238710 -0.97261240 0.00000000
-0.06937285 1.49830800 -0.39936160 1.00000000

0.99216600 0.08999240 -0.08664712 0.00000000
-0.10907740 0.96216010 -0.24970030 0.00000000
0.06089735 0.25719540 0.96443860 0.00000000
-0.08459127 1.49880200 -0.40071930 1.00000000

0.99477110 -0.09208922 -0.04416230 0.00000000
0.07981108 0.97074340 -0.22646750 0.00000000
0.06372547 0.22175880 0.97301710 0.00000000
-0.10172720 1.49653100 -0.39438410 1.00000000

0.98946210 0.11612730 -0.08648214 0.00000000
0.13758310 -0.94018260 0.31165300 0.00000000
-0.04511759 -0.32026730 -0.94625210 0.00000000
-0.06112288 1.50867000 -0.38398190 1.00000000

0.99445450 0.06511141 -0.08258891 0.00000000
-0.08808696 0.94470420 -0.31587160 0.00000000
0.05745533 0.32139500 0.94520060 0.00000000
-0.11139940 1.50429800 -0.37682460 1.00000000

0.98523160 0.15011120 -0.08237401 0.00000000
0.16962330 -0.92133460 0.34981470 0.00000000
-0.02338290 -0.35862110 -0.93319030 0.00000000
-0.07089160 1.52185200 -0.39438960 1.00000000

0.99293480 0.08377454 -0.08403710 0.00000000
-0.10831160 0.92913730 -0.35351470 0.00000000
0.04846647 0.36011920 0.93164640 0.00000000
-0.08616798 1.52020800 -0.39753980 1.00000000

0.99580710 0.02652457 -0.08754870 0.00000000
-0.05742562 0.92623040 -0.37255840 0.00000000
0.07120860 0.37602390 0.92386980 0.00000000
-0.10370820 1.52001700 -0.39009450 1.00000000

0.99358840 0.07626235 -0.08346510 0.00000000
0.10404560 -0.90562960 0.41110770 0.00000000
-0.04423651 -0.41715610 -0.90775780 0.00000000
-0.07134156 1.55174300 -0.38869760 1.00000000

0.99358840 0.07626235 -0.08346510 0.00000000
-0.10404560 0.90562960 -0.41110760 0.00000000
0.04423651 0.41715600 0.90775780 0.00000000
-0.08957396 1.54969600 -0.40976610 1.00000000

0.99358840 0.07626235 -0.08346510 0.00000000
-0.10404560 0.90562960 -0.41110760 0.00000000
0.04423651 0.41715600 0.90775780 0.00000000
-0.10417030 1.54859400 -0.38588740 1.00000000

0.99362220 0.07585528 -0.08343351 0.00000000
0.11130940 -0.54143970 0.83333870 0.00000000
0.01803890 -0.83731080 -0.54642980 0.00000000
-0.07278560 1.58006700 -0.18221700 1.00000000

0.99362220 0.07585528 -0.08343351 0.00000000
-0.08536686 0.98944780 -0.11707040 0.00000000
0.07367271 0.12344620 0.98961270 0.00000000
-0.08844581 1.65451100 -0.30103320 1.00000000

0.46786660 -0.80929150 0.35517340 0.00000000
0.40210530 -0.16294680 -0.90097710 0.00000000
0.78702760 0.56435420 0.24918310 0.00000000
-0.06018039 1.45407500 -0.11767380 1.00000000

-0.14982420 -0.76297630 -0.62882430 0.00000000
0.53131690 0.47423540 -0.70199960 0.00000000
0.83381980 -0.43928150 0.33433020 0.00000000
-0.15021170 1.49055800 0.08405504 1.00000000

-0.10683650 -0.73793080 -0.66636660 0.00000000
0.92316010 -0.32253200 0.20916270 0.00000000
-0.36927190 -0.59281670 0.71568610 0.00000000
-0.29979380 1.35704700 0.28169310 1.00000000

0.09944475 -0.37181430 -0.92296530 0.00000000
0.87680940 -0.40579550 0.25794530 0.00000000
-0.47044270 -0.83491590 0.28565600 0.00000000
-0.52309330 1.43519600 0.23121020 1.00000000

-0.25357890 0.43029910 0.86633750 0.00000000
-0.43210660 -0.85167460 0.29653770 0.00000000
0.86543740 -0.29915440 0.40190160 0.00000000
-0.61287180 1.48762600 0.14121210 1.00000000

0.74849150 -0.65990630 0.06545848 0.00000000
0.12483670 0.23715930 0.96341640 0.00000000
-0.65128850 -0.71293720 0.25989220 0.00000000
-0.62980750 1.54385800 0.17291800 1.00000000

0.41268800 -0.07344998 0.90790650 0.00000000
-0.66307440 0.65916750 0.35472630 0.00000000
-0.62451710 -0.74840070 0.22332770 0.00000000
-0.63578050 1.53251100 0.12682450 1.00000000

0.78925650 -0.61266110 -0.04148421 0.00000000
0.18057340 0.16699070 0.96928190 0.00000000
-0.58691380 -0.77250300 0.24242870 0.00000000
-0.64965980 1.51302000 0.18504880 1.00000000

0.39914520 -0.04935616 0.91555830 0.00000000
-0.72552280 0.59355520 0.34829490 0.00000000
-0.56062480 -0.80327860 0.20110570 0.00000000
-0.65787730 1.50414700 0.13672870 1.00000000

0.87831400 -0.47180490 -0.07723278 0.00000000
0.19197480 0.20010390 0.96078310 0.00000000
-0.43784750 -0.85869590 0.26632860 0.00000000
-0.66679740 1.47896200 0.19195550 1.00000000

0.60298440 -0.08177909 0.79355060 0.00000000
-0.68139050 0.46451200 0.56562860 0.00000000
-0.41487030 -0.88178300 0.22436980 0.00000000
-0.67580930 1.46956900 0.14685390 1.00000000

0.87905140 -0.43640550 -0.19188300 0.00000000
0.24455780 0.06730217 0.96729620 0.00000000
-0.40921910 -0.89722980 0.16588830 0.00000000
-0.68100220 1.44739100 0.19793890 1.00000000

0.71171950 -0.20655200 0.67141050 0.00000000
-0.59174620 0.33876300 0.73148910 0.00000000
-0.37853940 -0.91791940 0.11887780 0.00000000
-0.69070500 1.44419800 0.15658230 1.00000000

-0.88005860 -0.35626220 -0.31396540 0.00000000
-0.31307680 -0.06181852 0.94771400 0.00000000
-0.35704360 0.93233930 -0.05713354 0.00000000
-0.54385480 1.51509700 0.17398540 1.00000000

-0.26363520 -0.09574296 0.95985950 0.00000000
0.89636470 0.34334080 0.28044270 0.00000000
-0.35640940 0.93431860 -0.00469616 0.00000000
-0.52368660 1.51939600 0.11810120 1.00000000

-0.00763369 -0.55937810 -0.82887740 0.00000000
0.92316010 -0.32253200 0.20916270 0.00000000
-0.38434040 -0.76358990 0.51885760 0.00000000
-0.42134710 1.39964700 0.25426160 1.00000000

0.60532030 -0.57040330 -0.55518250 0.00000000
0.34795700 0.81693050 -0.45994660 0.00000000
0.71590050 0.08523544 0.69298030 0.00000000
-0.12886920 1.48859600 0.04893993 1.00000000

0.40965770 -0.86913820 -0.27709130 0.00000000
0.53131690 0.47423540 -0.70199960 0.00000000
0.74154110 0.14035620 0.65606180 0.00000000
-0.15021170 1.49055800 0.08405504 1.00000000

0.37791020 -0.87385560 -0.30587670 0.00000000
0.53153590 0.47528470 -0.70112370 0.00000000
0.75805940 0.10237720 0.64410050 0.00000000
-0.21399600 1.43352400 0.16818990 1.00000000

0.74020700 0.04386590 -0.67094670 0.00000000
0.03508221 0.99399080 0.10368990 0.00000000
0.67146330 -0.10029030 0.73421990 0.00000000
-0.05615420 0.97507580 -0.19582250 1.00000000

0.73923450 0.01463149 -0.67328910 0.00000000
0.04471697 0.99649110 0.07075186 0.00000000
0.67196190 -0.08240966 0.73598640 0.00000000
-0.16767100 0.98059980 -0.10612620 1.00000000

0.55987840 -0.02472969 -0.82820560 0.00000000
-0.09512027 -0.99486460 -0.03459658 0.00000000
-0.82309690 0.09814900 -0.55935540 0.00000000
-0.08912185 0.99753420 0.09316424 1.00000000

1.00000000 0.00000000 0.00000000 0.00000000
0.00000000 1.00000000 0.00000000 0.00000000
0.00000000 0.00000000 1.00000000 0.00000000
0.00000000 0.00000000 0.00000000 1.00000000

1.00000000 0.00000000 0.00000000 0.00000000
0.00000000 1.00000000 0.00000000 0.00000000
0.00000000 0.00000000 1.00000000 0.00000000
0.00000000 0.00000000 0.00000000 1.00000000

0.99362220 0.07585528 -0.08343351 0.00000000
-0.08536689 0.98944780 -0.11707060 0.00000000
0.07367280 0.12344630 0.98961270 0.00000000
-0.07425342 1.49392200 -0.27801570 1.00000000

0.73261950 0.00099768 -0.68063770 0.00000000
-0.06863596 0.99500980 -0.07241935 0.00000000
0.67716890 0.09977204 0.72903210 0.00000000
0.01577679 0.85803780 -0.01607596 1.00000000

0.97759380 0.21048820 0.00225756 0.00000000
0.19088520 -0.88192680 -0.43100810 0.00000000
-0.08873111 0.42178170 -0.90234530 0.00000000
0.11135680 0.82671260 -0.10794830 1.00000000

0.97759380 0.21048820 0.00225756 0.00000000
0.20114110 -0.93723720 0.28483080 0.00000000
0.06206930 -0.27799480 -0.95857520 0.00000000
0.18771080 0.47394190 -0.28035150 1.00000000

0.99768380 0.05790942 0.03568816 0.00000000
0.05799670 -0.99831580 -0.00141326 0.00000000
0.03554627 0.00347974 -0.99936200 0.00000000
0.25951670 0.13938040 -0.18098430 1.00000000

0.99746470 0.06382782 0.03146726 0.00000000
0.06262870 -0.99732370 0.03772578 0.00000000
0.03379092 -0.03565935 -0.99879260 0.00000000
0.27042980 0.03584248 -0.31806340 1.00000000

0.50273780 -0.31081700 -0.80662720 0.00000000
0.27785130 0.94170840 -0.18969430 0.00000000
0.81856790 -0.12875600 0.55979330 0.00000000
-0.08282281 0.82644770 0.07245351 1.00000000

0.50273690 -0.31081710 -0.80662780 0.00000000
-0.19375350 0.86886540 -0.45555730 0.00000000
0.84244600 0.38531240 0.37658880 0.00000000
-0.19396360 0.44976530 0.14833170 1.00000000

0.31365940 -0.06880365 -0.94703940 0.00000000
0.02337722 0.99762860 -0.06473649 0.00000000
0.94924770 -0.00183394 0.31452400 0.00000000
-0.12679100 0.13932760 0.30981780 1.00000000

0.31445350 -0.09053753 -0.94494530 0.00000000
-0.10481180 0.98604350 -0.12935390 0.00000000
0.94346870 0.13971710 0.30057560 0.00000000
-0.25929170 0.03563565 0.27346640 1.00000000

0.56080840 -0.17716950 -0.80876750 0.00000000
-0.03094669 0.97166840 -0.23431350 0.00000000
0.82736700 0.15643370 0.53943710 0.00000000
0.00641459 0.99376270 -0.02595423 1.00000000

0.57830610 -0.14484600 -0.80285850 0.00000000
-0.07582152 0.97031040 -0.22967140 0.00000000
0.81228890 0.19369430 0.55015390 0.00000000
0.00107538 1.16140400 -0.06638013 1.00000000

0.58021530 -0.46239530 -0.67047790 0.00000000
-0.26592390 0.67054790 -0.69256760 0.00000000
0.76982770 0.58013450 0.26610030 0.00000000
-0.01314960 1.34344600 -0.10946920 1.00000000

-0.08365515 0.75118520 -0.65476920 0.00000000
0.64204250 -0.46187980 -0.61192180 0.00000000
-0.76209130 -0.47158010 -0.44365430 0.00000000
0.01871140 1.39449000 -0.21150110 1.00000000

0.32112730 0.39974800 -0.85853290 0.00000000
0.33393320 -0.89611640 -0.29234230 0.00000000
-0.88620860 -0.19281350 -0.42125670 0.00000000
0.16246440 1.29107600 -0.34851000 1.00000000

0.32644960 0.37049200 -0.86957830 0.00000000
-0.33415790 -0.81533570 -0.47282800 0.00000000
-0.88417700 0.44493110 -0.14236320 0.00000000
0.25647960 1.03878500 -0.43081610 1.00000000

0.44310980 0.21001810 -0.87151940 0.00000000
-0.55556010 -0.69864860 -0.45082530 0.00000000
-0.70356730 0.68394650 -0.19290030 0.00000000
0.17570270 0.84161750 -0.54534500 1.00000000

-0.33990590 -0.08550851 0.93656410 0.00000000
-0.70356730 0.68394640 -0.19290020 0.00000000
-0.62406510 -0.72450390 -0.29263850 0.00000000
0.05874197 0.75284760 -0.56309530 1.00000000

-0.63356970 -0.56259760 -0.53110590 0.00000000
-0.42626840 -0.31904340 0.84646730 0.00000000
-0.64566610 0.76268960 -0.03768128 0.00000000
0.04940982 0.77345230 -0.62278440 1.00000000

-0.07707277 -0.03618708 0.99636860 0.00000000
0.76378930 0.64019320 0.08233324 0.00000000
-0.64084760 0.76736120 -0.02170229 0.00000000
0.02901567 0.75818820 -0.58228640 1.00000000

-0.57518450 -0.70731290 -0.41093970 0.00000000
-0.41867680 -0.17702660 0.89071370 0.00000000
-0.70276070 0.68437560 -0.19431280 0.00000000
0.07630916 0.74621080 -0.61762790 1.00000000

-0.06314966 0.21804210 0.97389390 0.00000000
0.70875100 0.69682160 -0.11005210 0.00000000
-0.70262650 0.68329880 -0.19854160 0.00000000
0.05598069 0.73809470 -0.57288350 1.00000000

-0.55678760 -0.82343180 -0.10930660 0.00000000
-0.26644830 0.05240976 0.96242320 0.00000000
-0.78676100 0.56498980 -0.24858310 0.00000000
0.10166470 0.71933870 -0.60595210 1.00000000

-0.08970141 0.30519780 0.94805490 0.00000000
0.60962650 0.76956700 -0.19005810 0.00000000
-0.78759710 0.56091090 -0.25508810 0.00000000
0.08915702 0.72179890 -0.56077350 1.00000000

-0.59901110 -0.79290430 0.11175280 0.00000000
-0.20360700 0.28579670 0.93641030 0.00000000
-0.77442240 0.53816660 -0.33263640 0.00000000
0.12504130 0.69588870 -0.59420610 1.00000000

0.10135900 0.65334760 0.75024220 0.00000000
0.64764000 0.52911170 -0.54827310 0.00000000
-0.75517470 0.54145920 -0.36950390 0.00000000
0.11682810 0.70870940 -0.55442040 1.00000000

-0.47678580 0.54612580 -0.68878300 0.00000000
-0.80645600 -0.58351830 0.09557799 0.00000000
-0.34971960 0.60104350 0.71863960 0.00000000
0.07600342 0.83888080 -0.57134970 1.00000000

-0.85760010 -0.49814190 -0.12797350 0.00000000
0.38310620 -0.78473320 0.48726140 0.00000000
-0.34315010 0.36884780 0.86382820 0.00000000
0.02715809 0.80508420 -0.56685350 1.00000000

0.41374740 0.32384920 -0.85084350 0.00000000
-0.33415790 -0.81533570 -0.47282800 0.00000000
-0.84684800 0.47994750 -0.22912620 0.00000000
0.21253320 0.93148240 -0.49323080 1.00000000

0.22356870 -0.09209098 -0.97032790 0.00000000
0.19283450 -0.97166960 0.13664840 0.00000000
-0.95542230 -0.21766300 -0.19947670 0.00000000
0.15348130 1.30016400 -0.33558020 1.00000000

0.08985186 0.33899560 -0.93648730 0.00000000
0.33393320 -0.89611640 -0.29234230 0.00000000
-0.93830440 -0.28645680 -0.19371970 0.00000000
0.16246440 1.29107600 -0.34851000 1.00000000

0.14154520 0.35295760 -0.92487070 0.00000000
0.33347540 -0.89667170 -0.29115970 0.00000000
-0.93207240 -0.26720940 -0.24462230 0.00000000
0.20248140 1.18347500 -0.38344910 1.00000000

0.91936660 -0.15444770 -0.36181600 0.00000000
-0.19062660 0.62962900 -0.75314610 0.00000000
0.34413150 0.76138900 0.54941790 0.00000000
-0.05303838 1.44402800 -0.21335530 1.00000000

0.99297370 0.06838257 -0.09657767 0.00000000
-0.07697089 0.99312500 -0.08819402 0.00000000
0.08988291 0.09500790 0.99141030 0.00000000
-0.07095718 1.50321300 -0.28415110 1.00000000

0.99297370 0.06838257 -0.09657767 0.00000000
-0.09448044 0.94953850 -0.29908220 0.00000000
0.07125229 0.30610530 0.94932730 0.00000000
-0.08756609 1.57898400 -0.40126690 1.00000000

0.99297370 0.06838257 -0.09657767 0.00000000
0.10339110 -0.89834880 0.42694270 0.00000000
-0.05756497 -0.43392800 -0.89910680 0.00000000
-0.02196555 1.56167500 -0.38358850 1.00000000

0.99297370 0.06838257 -0.09657767 0.00000000
-0.10160460 0.91104850 -0.39958380 0.00000000
0.06066239 0.40658880 0.91159490 0.00000000
-0.14532930 1.55096900 -0.37045710 1.00000000

0.99298100 0.06841432 -0.09647840 0.00000000
0.09431626 -0.95024060 0.29689660 0.00000000
-0.07136583 -0.30391210 -0.95002330 0.00000000
-0.04489614 1.58595400 -0.36579120 1.00000000

0.99296960 0.06836554 -0.09663051 0.00000000
-0.09448073 0.94953750 -0.29908540 0.00000000
0.07130712 0.30611230 0.94932100 0.00000000
-0.12318340 1.58056400 -0.35817700 1.00000000

0.95879010 0.21963000 -0.18023360 0.00000000
0.26412370 -0.92277490 0.28058060 0.00000000
-0.10469110 -0.31662190 -0.94275680 0.00000000
-0.06860812 1.58420100 -0.40440690 1.00000000

0.97703710 0.18467110 -0.10627700 0.00000000
-0.20797910 0.93495920 -0.28739510 0.00000000
0.04629105 0.30289900 0.95189770 0.00000000
-0.10393820 1.58274200 -0.40215390 1.00000000

0.99636600 0.05967569 0.06077585 0.00000000
0.05376115 -0.99405380 0.09469394 0.00000000
0.06606537 -0.09108227 -0.99364960 0.00000000
-0.00809397 1.59905000 -0.36643440 1.00000000

0.97834830 0.07303181 -0.19365220 0.00000000
-0.10655120 0.97988020 -0.16876480 0.00000000
0.17743070 0.18574450 0.96644560 0.00000000
-0.16111070 1.59008200 -0.35278300 1.00000000

0.97793720 0.18005690 -0.10591640 0.00000000
0.20372040 -0.93421470 0.29281540 0.00000000
-0.04622522 -0.30793230 -0.95028460 0.00000000
-0.04496318 1.58653100 -0.36607210 1.00000000

0.99531530 -0.04416596 -0.08600435 0.00000000
0.01546800 0.95084530 -0.30927970 0.00000000
0.09543666 0.30650030 0.94707410 0.00000000
-0.12318480 1.58057500 -0.35818270 1.00000000

0.99103470 0.08714464 -0.10127160 0.00000000
-0.11181990 0.95585060 -0.27174640 0.00000000
0.07311928 0.28063410 0.95702540 0.00000000
-0.07595760 1.54885900 -0.30324350 1.00000000

0.95331340 0.26553750 -0.14381630 0.00000000
0.29090590 -0.93531620 0.20138880 0.00000000
-0.08103743 -0.23382360 -0.96889580 0.00000000
-0.06699210 1.49326800 -0.40891220 1.00000000

0.99156750 0.08248847 -0.09994695 0.00000000
-0.10606310 0.95972110 -0.26016520 0.00000000
0.07446057 0.26857200 0.96037720 0.00000000
-0.08222273 1.49384400 -0.41008870 1.00000000

0.99354460 -0.09907296 -0.05525899 0.00000000
0.08314912 0.96736280 -0.23936520 0.00000000
0.07717028 0.23322520 0.96935570 0.00000000
-0.09929301 1.49176100 -0.40351570 1.00000000

0.98903130 0.10864040 -0.10007050 0.00000000
0.13547230 -0.93717290 0.32148740 0.00000000
-0.05885690 -0.33151790 -0.94161110 0.00000000
-0.05848696 1.50376300 -0.39376400 1.00000000

0.99374820 0.05764464 -0.09561116 0.00000000
-0.08600450 0.94132140 -0.32636990 0.00000000
0.07118750 0.33255250 0.94039400 0.00000000
-0.10869770 1.49980500 -0.38593550 1.00000000

0.98506740 0.14269870 -0.09632924 0.00000000
0.16810120 -0.91806810 0.35901710 0.00000000
-0.03720555 -0.36984910 -0.92834670 0.00000000
-0.06829996 1.51688100 -0.40421220 1.00000000

0.99232910 0.07629821 -0.09727001 0.00000000
-0.10679180 0.92542690 -0.36356680 0.00000000
0.06227693 0.37116550 0.92647590 0.00000000
-0.08362432 1.51529700 -0.40715370 1.00000000

0.99479500 0.01899211 -0.10011190 0.00000000
-0.05616495 0.92195730 -0.38319770 0.00000000
0.08502114 0.38682590 0.91822470 0.00000000
