MeshAnim
1
35
83
30
0.74545310 0.03277160 -0.66575200 0.00000000
-0.08392824 0.99545630 -0.04497450 0.00000000
0.66125320 0.08940177 0.74481650 0.00000000
0.00959507 0.85779880 -0.01478975 1.00000000

0.97644590 0.21574350 -0.00286400 0.00000000
0.19465090 -0.88655290 -0.41968460 0.00000000
-0.09308329 0.40924180 -0.90766550 0.00000000
0.10743660 0.83072630 -0.10562720 1.00000000

0.97644590 0.21574350 -0.00286400 0.00000000
0.20903210 -0.94261430 0.26035350 0.00000000
0.05346996 -0.25481980 -0.96550920 0.00000000
0.18529700 0.47610520 -0.27350100 1.00000000

0.99760330 0.05889735 0.03631422 0.00000000
0.05900377 -0.99825610 -0.00186477 0.00000000
0.03614113 0.00400297 -0.99933870 0.00000000
0.25989540 0.13967900 -0.18287070 1.00000000

0.99738090 0.06481757 0.03209606 0.00000000
0.06361129 -0.99727840 0.03727744 0.00000000
0.03442493 -0.03513813 -0.99878940 0.00000000
0.27099510 0.03621894 -0.31999360 1.00000000

0.49434600 -0.31101620 -0.81172100 0.00000000
0.28978140 0.93934940 -0.18343820 0.00000000
0.81954180 -0.14453970 0.55449020 0.00000000
-0.09014444 0.82203970 0.07082921 1.00000000

0.49434500 -0.31101620 -0.81172160 0.00000000
-0.21895700 0.85914050 -0.46253160 0.00000000
0.84123770 0.40638230 0.35661260 0.00000000
-0.20605720 0.44630090 0.14420500 1.00000000

0.31290840 -0.06881984 -0.94728670 0.00000000
0.02798232 0.99760650 -0.06323239 0.00000000
0.94937110 -0.00672131 0.31408520 0.00000000
-0.12990160 0.13928170 0.30822020 1.00000000

0.31360260 -0.09056035 -0.94522610 0.00000000
-0.10028830 0.98671540 -0.12780850 0.00000000
0.94424370 0.13487620 0.30035430 0.00000000
-0.26289910 0.03626180 0.27177230 1.00000000

0.57906170 -0.14417400 -0.80243470 0.00000000
-0.03832328 0.97833830 -0.20343400 0.00000000
0.81438260 0.14855280 0.56099300 0.00000000
-0.00185309 0.99358460 -0.02092438 1.00000000

0.59661470 -0.11057880 -0.79487310 0.00000000
-0.08586688 0.97598020 -0.20022340 0.00000000
0.79792090 0.18770950 0.57278910 0.00000000
-0.00846497 1.16237600 -0.05602267 1.00000000

0.60176470 -0.43093190 -0.67244100 0.00000000
-0.26372810 0.68750670 -0.67659590 0.00000000
0.75387440 0.58449300 0.30006840 0.00000000
-0.02457459 1.34548200 -0.09358692 1.00000000

-0.08516020 0.76633820 -0.63676830 0.00000000
0.66236450 -0.43388300 -0.61075290 0.00000000
-0.74432620 -0.47378450 -0.47064550 0.00000000
0.00843150 1.40027100 -0.19328630 1.00000000

0.33183030 0.42266640 -0.84335160 0.00000000
0.37490820 -0.87945950 -0.29324910 0.00000000
-0.86564020 -0.21887050 -0.45029230 0.00000000
0.15673450 1.30312500 -0.33003350 1.00000000

0.33854120 0.39377370 -0.85459480 0.00000000
-0.27076540 -0.82904160 -0.48926100 0.00000000
-0.90115270 0.39702960 -0.17404450 0.00000000
0.26228580 1.05552300 -0.41259500 1.00000000

0.45170590 0.24857890 -0.85683750 0.00000000
-0.49543340 -0.72881810 -0.47262060 0.00000000
-0.74196200 0.63799120 -0.20605710 0.00000000
0.19684590 0.85504470 -0.53109650 1.00000000

-0.35881250 -0.11824460 0.92589000 0.00000000
-0.74196200 0.63799130 -0.20605700 0.00000000
-0.56634450 -0.76091100 -0.31665220 0.00000000
0.08656960 0.75893220 -0.55292550 1.00000000

-0.58010090 -0.59734210 -0.55377400 0.00000000
-0.42698080 -0.35596470 0.83125000 0.00000000
-0.69366470 0.71865980 -0.04855803 0.00000000
0.07751507 0.77953790 -0.61265700 1.00000000

-0.10156210 -0.05230618 0.99345340 0.00000000
0.71703000 0.68838040 0.10954680 0.00000000
-0.68960370 0.72346140 -0.03240815 0.00000000
0.05708677 0.76250730 -0.57288690 1.00000000

-0.51551590 -0.73920600 -0.43337990 0.00000000
-0.43005090 -0.21425860 0.87701170 0.00000000
-0.74114780 0.63848880 -0.20744260 0.00000000
0.10601520 0.75408050 -0.60700670 1.00000000

-0.10396020 0.20252160 0.97374390 0.00000000
0.66360170 0.74338200 -0.08376205 0.00000000
-0.74082740 0.63747020 -0.21167590 0.00000000
0.08506208 0.74413870 -0.56292390 1.00000000

-0.49765100 -0.85720580 -0.13244570 0.00000000
-0.29541400 0.02393625 0.95506970 0.00000000
-0.81552080 0.51441740 -0.26514240 0.00000000
0.13277380 0.72881690 -0.59487960 1.00000000

-0.13553360 0.28801140 0.94798760 0.00000000
0.56207380 0.81029460 -0.16581880 0.00000000
-0.81590680 0.51036470 -0.27170570 0.00000000
0.11890640 0.72994060 -0.55004610 1.00000000

-0.54780560 -0.83200440 0.08762571 0.00000000
-0.24753890 0.26124550 0.93299290 0.00000000
-0.79914580 0.48940760 -0.34906520 0.00000000
0.15732930 0.70683600 -0.58270550 1.00000000

0.03727376 0.65022440 0.75882750 0.00000000
0.62571090 0.57688780 -0.52505890 0.00000000
-0.77916400 0.49437720 -0.38534960 0.00000000
0.14720330 0.71864090 -0.54304650 1.00000000

-0.49312240 0.52101400 -0.69668860 0.00000000
-0.76819130 -0.63663870 0.06762612 0.00000000
-0.40830480 0.56853790 0.71417930 0.00000000
0.09829278 0.84600570 -0.55989410 1.00000000

-0.81879890 -0.55234930 -0.15645930 0.00000000
0.42102250 -0.76303830 0.49042100 0.00000000
-0.39026790 0.33568300 0.85732610 0.00000000
0.05169762 0.80900260 -0.55707600 1.00000000

0.42124330 0.35496270 -0.83459910 0.00000000
-0.27076540 -0.82904160 -0.48926100 0.00000000
-0.86558680 0.43207850 -0.25311660 0.00000000
0.22668920 0.94642030 -0.47717090 1.00000000

0.26110800 -0.06891029 -0.96284690 0.00000000
0.22128110 -0.96661530 0.12918770 0.00000000
-0.93960500 -0.24679180 -0.23714240 0.00000000
0.14776340 1.31115600 -0.31746380 1.00000000

0.11145830 0.35678630 -0.92751310 0.00000000
0.37490820 -0.87945950 -0.29324910 0.00000000
-0.92033770 -0.31504720 -0.23178510 0.00000000
0.15673450 1.30312500 -0.33003350 1.00000000

0.16211190 0.37228200 -0.91385230 0.00000000
0.37443580 -0.88004680 -0.29208790 0.00000000
-0.91297200 -0.29482810 -0.28206170 0.00000000
0.20166680 1.19751900 -0.36508410 1.00000000

0.93192120 -0.12237090 -0.34139160 0.00000000
-0.18449130 0.65047500 -0.73678030 0.00000000
0.31222710 0.74960480 0.58361520 0.00000000
-0.06413399 1.44860800 -0.19507730 1.00000000

0.99375000 0.08745363 -0.06937659 0.00000000
-0.09187177 0.99375840 -0.06327498 0.00000000
0.06340981 0.06925327 0.99558190 0.00000000
-0.08147607 1.50975300 -0.26433470 1.00000000

0.99375000 0.08745363 -0.06937659 0.00000000
-0.10334750 0.95568900 -0.27564090 0.00000000
0.04219663 0.28108780 0.95875390 0.00000000
-0.09645652 1.58842200 -0.37974670 1.00000000

0.99375000 0.08745363 -0.06937659 0.00000000
0.10817300 -0.90788550 0.40502250 0.00000000
-0.02756518 -0.40999560 -0.91167100 0.00000000
-0.03102955 1.57172400 -0.36087720 1.00000000

0.99375000 0.08745363 -0.06937659 0.00000000
-0.10729080 0.91985760 -0.37729410 0.00000000
0.03082076 0.38237930 0.92349120 0.00000000
-0.15448000 1.55861900 -0.35118570 1.00000000

0.99375440 0.08748277 -0.06927621 0.00000000
0.10325010 -0.95633360 0.27343370 0.00000000
-0.04233047 -0.27887850 -0.95939300 0.00000000
-0.05481371 1.59512300 -0.34302060 1.00000000

0.99374760 0.08743796 -0.06942984 0.00000000
-0.10334760 0.95568810 -0.27564410 0.00000000
0.04225150 0.28109600 0.95874910 0.00000000
-0.13316220 1.58822900 -0.33755090 1.00000000

0.95906360 0.24035160 -0.14976100 0.00000000
0.27291300 -0.92562010 0.26219510 0.00000000
-0.07560268 -0.29233350 -0.95332350 0.00000000
-0.07751884 1.59403700 -0.38226090 1.00000000

0.97605620 0.20368420 -0.07633469 0.00000000
-0.21683430 0.93891560 -0.26724590 0.00000000
0.01723793 0.27739900 0.96060010 0.00000000
-0.11286380 1.59193100 -0.38094850 1.00000000

0.99335610 0.07449105 0.08771983 0.00000000
0.06852631 -0.99524980 0.06915440 0.00000000
0.09245458 -0.06268375 -0.99374210 0.00000000
-0.01823849 1.60884000 -0.34237240 1.00000000

0.98147850 0.09452092 -0.16663100 0.00000000
-0.11919510 0.98224040 -0.14490130 0.00000000
0.14997540 0.16207910 0.97531410 0.00000000
-0.17137110 1.59696500 -0.33286950 1.00000000

0.97702640 0.19907750 -0.07607603 0.00000000
0.21242910 -0.93839070 0.27257430 0.00000000
-0.01712567 -0.28247280 -0.95912240 0.00000000
-0.05488365 1.59570600 -0.34328740 1.00000000

0.99776890 -0.02528836 -0.06179011 0.00000000
0.00678273 0.95909710 -0.28299600 0.00000000
0.06641901 0.28194540 0.95712860 0.00000000
-0.13316370 1.58824100 -0.33755630 1.00000000

0.99160550 0.10630260 -0.07360983 0.00000000
-0.12147140 0.96096060 -0.24859490 0.00000000
0.04430977 0.25544960 0.96580640 0.00000000
-0.08678464 1.55581600 -0.28230860 1.00000000

0.95188650 0.28514580 -0.11226870 0.00000000
0.30187970 -0.93553870 0.18340130 0.00000000
-0.05273548 -0.20846870 -0.97660610 0.00000000
-0.07422132 1.50330100 -0.38917750 1.00000000

0.99218520 0.10162140 -0.07239828 0.00000000
-0.11607350 0.96460690 -0.23677070 0.00000000
0.04577482 0.24332380 0.96886440 0.00000000
-0.08942548 1.50365600 -0.39072540 1.00000000

0.99617790 -0.08103987 -0.03259370 0.00000000
0.07239918 0.97480990 -0.21096000 0.00000000
0.04886883 0.20779390 0.97695110 0.00000000
-0.10661630 1.50111200 -0.38464790 1.00000000

0.98920190 0.12772120 -0.07188022 0.00000000
0.14354660 -0.94326510 0.29940860 0.00000000
-0.02956125 -0.30649360 -0.95141360 0.00000000
-0.06628006 1.51351600 -0.37353960 1.00000000

0.99468540 0.07670752 -0.06868097 0.00000000
-0.09405115 0.94836520 -0.30291580 0.00000000
0.04189873 0.30776540 0.95053940 0.00000000
-0.11659510 1.50851300 -0.36710210 1.00000000

0.98455830 0.16159370 -0.06732270 0.00000000
0.17489220 -0.92465870 0.33825920 0.00000000
-0.00758985 -0.34481000 -0.93864190 0.00000000
-0.07605372 1.52675100 -0.38387640 1.00000000

0.99298640 0.09537347 -0.06987116 0.00000000
-0.11362430 0.93315460 -0.34104560 0.00000000
0.03267369 0.34659270 0.93744660 0.00000000
-0.09127010 1.52499500 -0.38724890 1.00000000

0.99651120 0.03821556 -0.07419574 0.00000000
-0.06247005 0.93106420 -0.35946750 0.00000000
0.05534363 0.36284840 0.93020330 0.00000000
-0.10890150 1.52450900 -0.38003590 1.00000000

0.99371220 0.08786073 -0.06940243 0.00000000
0.10837000 -0.91055910 0.39892140 0.00000000
-0.02814549 -0.40393410 -0.91435500 0.00000000
-0.07689413 1.55654600 -0.37774710 1.00000000

0.99371220 0.08786073 -0.06940243 0.00000000
-0.10836990 0.91055910 -0.39892130 0.00000000
0.02814546 0.40393400 0.91435500 0.00000000
-0.09483174 1.55462600 -0.39907880 1.00000000

0.99371220 0.08786073 -0.06940243 0.00000000
-0.10836990 0.91055910 -0.39892130 0.00000000
0.02814546 0.40393400 0.91435500 0.00000000
-0.10972100 1.55301400 -0.37541090 1.00000000

0.99375000 0.08745363 -0.06937659 0.00000000
0.10634400 -0.55268600 0.82657670 0.00000000
0.03394380 -0.82878820 -0.55853210 0.00000000
-0.08128984 1.58175400 -0.17090460 1.00000000

0.99375000 0.08745363 -0.06937659 0.00000000
-0.09435902 0.99014840 -0.10345300 0.00000000
0.05964559 0.10935270 0.99221180 0.00000000
-0.09621289 1.65780300 -0.28879480 1.00000000

0.47542230 -0.80958130 0.34431320 0.00000000
0.41079700 -0.14179880 -0.90063270 0.00000000
0.77795850 0.56962360 0.26515920 0.00000000
-0.06774367 1.45482000 -0.10816310 1.00000000

-0.13716240 -0.75371560 -0.64272800 0.00000000
0.52439790 0.49522240 -0.69264840 0.00000000
0.84035310 -0.43205050 0.32732110 0.00000000
-0.15972100 1.48656900 0.09348860 1.00000000

-0.09454146 -0.72731730 -0.67975830 0.00000000
0.93320940 -0.30252680 0.19390150 0.00000000
-0.34667310 -0.61602500 0.70734080 0.00000000
-0.30735520 1.34714900 0.28849400 1.00000000

0.10036020 -0.34913450 -0.93168280 0.00000000
0.89088620 -0.38540210 0.24038930 0.00000000
-0.44300080 -0.85414890 0.27236020 0.00000000
-0.53308790 1.42045700 0.24170530 1.00000000

-0.25671650 0.40428160 0.87786870 0.00000000
-0.40408190 -0.87000810 0.28249550 0.00000000
0.87796070 -0.28220920 0.38670830 0.00000000
-0.62529840 1.47213700 0.15375610 1.00000000

0.76794430 -0.63901840 0.04378542 0.00000000
0.12814440 0.22025630 0.96698810 0.00000000
-0.62756720 -0.73698230 0.25103150 0.00000000
-0.64351790 1.52716800 0.18682960 1.00000000

0.42426540 -0.08057514 0.90194590 0.00000000
-0.67808200 0.63187920 0.37541090 0.00000000
-0.60016970 -0.77086710 0.21344800 0.00000000
-0.64964900 1.51663000 0.14056510 1.00000000

0.80618520 -0.58835070 -0.06252080 0.00000000
0.18594940 0.15163590 0.97078810 0.00000000
-0.56168340 -0.79426080 0.23165010 0.00000000
-0.66233860 1.49551300 0.19849370 1.00000000

0.41011270 -0.05705422 0.91024850 0.00000000
-0.73866870 0.56462320 0.36819780 0.00000000
-0.53495460 -0.82337450 0.18941510 0.00000000
-0.67080850 1.48742900 0.15007880 1.00000000

0.89074070 -0.44423030 -0.09612691 0.00000000
0.19629600 0.18524020 0.96288840 0.00000000
-0.40993760 -0.87655310 0.25220170 0.00000000
-0.67840820 1.46083100 0.20483880 1.00000000

0.61349750 -0.08092465 0.78553950 0.00000000
-0.68851050 0.43235160 0.58225890 0.00000000
-0.38674850 -0.89806640 0.20952930 0.00000000
-0.68762300 1.45213600 0.15963830 1.00000000

0.88923440 -0.40640550 -0.20999250 0.00000000
0.25276970 0.05392154 0.96602280 0.00000000
-0.38127400 -0.91210030 0.15067590 0.00000000
-0.69162820 1.42874000 0.21028490 1.00000000

0.72449710 -0.19985780 0.65966730 0.00000000
-0.59350430 0.30579010 0.74447640 0.00000000
-0.35050920 -0.93088630 0.10292750 0.00000000
-0.70167340 1.42614100 0.16896850 1.00000000

-0.87265660 -0.37506900 -0.31271980 0.00000000
-0.30106760 -0.09097493 0.94925360 0.00000000
-0.38448520 0.92252220 -0.03353126 0.00000000
-0.55676170 1.50091200 0.18641920 1.00000000

-0.25053780 -0.12369140 0.96017270 0.00000000
0.88897290 0.36334150 0.27876590 0.00000000
-0.38335160 0.92340890 0.01892759 0.00000000
-0.53732130 1.50697900 0.13044130 1.00000000

-0.00110331 -0.54202470 -0.84036200 0.00000000
0.93320940 -0.30252680 0.19390150 0.00000000
-0.35933150 -0.78401960 0.50615620 0.00000000
-0.43023400 1.38711200 0.26307450 1.00000000

0.61477460 -0.55060840 -0.56469680 0.00000000
0.33541960 0.83053210 -0.44464640 0.00000000
0.71382490 0.08394688 0.69527480 0.00000000
-0.13822070 1.48524000 0.05921702 1.00000000

0.42360410 -0.85739110 -0.29230130 0.00000000
0.52439790 0.49522240 -0.69264840 0.00000000
0.73862460 0.14012640 0.65939220 0.00000000
-0.15972100 1.48656900 0.09348860 1.00000000

0.39196160 -0.86208630 -0.32120590 0.00000000
0.52459950 0.49625910 -0.69175320 0.00000000
0.75575230 0.10263620 0.64676460 0.00000000
-0.22267290 1.42701800 0.17649900 1.00000000

0.74606030 0.05889829 -0.66326850 0.00000000
0.02556673 0.99281220 0.11691990 0.00000000
0.66538750 -0.10418690 0.73919180 0.00000000
-0.05883185 0.97708680 -0.19384310 1.00000000

0.74542230 0.03184873 -0.66583130 0.00000000
0.03437655 0.99569210 0.08611278 0.00000000
0.66570560 -0.08707939 0.74111630 0.00000000
-0.17123820 0.98025120 -0.10514840 1.00000000

0.56812180 -0.00685519 -0.82291600 0.00000000
-0.08579385 -0.99500990 -0.05094127 0.00000000
-0.81846030 0.09954200 -0.56587490 0.00000000
-0.09475958 0.99482600 0.09508439 1.00000000

1.00000000 0.00000000 0.00000000 0.00000000
0.00000000 1.00000000 0.00000000 0.00000000
0.00000000 0.00000000 1.00000000 0.00000000
0.00000000 0.00000000 0.00000000 1.00000000

1.00000000 0.00000000 0.00000000 0.00000000
0.00000000 1.00000000 0.00000000 0.00000000
0.00000000 0.00000000 1.00000000 0.00000000
0.00000000 0.00000000 0.00000000 1.00000000

0.99375000 0.08745363 -0.06937659 0.00000000
-0.09435908 0.99014840 -0.10345310 0.00000000
0.05964568 0.10935280 0.99221180 0.00000000
-0.08061267 1.49704500 -0.26798390 1.00000000

0.74606940 0.03105706 -0.66514360 0.00000000
-0.08283935 0.99548040 -0.04643691 0.00000000
0.66069520 0.08974522 0.74527020 0.00000000
0.01786764 0.85785760 -0.01553124 1.00000000

0.97639390 0.21599740 0.00012535 0.00000000
0.19613580 -0.88636800 -0.41938390 0.00000000
-0.09047478 0.40950840 -0.90780920 0.00000000
0.11576000 0.83055530 -0.10624500 1.00000000

0.97639390 0.21599740 0.00012535 0.00000000
0.20843470 -0.94235930 0.26175240 0.00000000
0.05665594 -0.25554740 -0.96513530 0.00000000
0.19421440 0.47600820 -0.27399860 1.00000000

0.99760280 0.05893192 0.03627184 0.00000000
0.05903981 -0.99825400 -0.00190792 0.00000000
0.03609607 0.00404473 -0.99934040 0.00000000
0.26860700 0.13967130 -0.18286890 1.00000000

0.99737990 0.06485231 0.03205380 0.00000000
0.06364910 -0.99727770 0.03723418 0.00000000
0.03438130 -0.03509649 -0.99879250 0.00000000
0.27970420 0.03621721 -0.31999660 1.00000000

0.49667610 -0.31276600 -0.80962350 0.00000000
0.29302450 0.93847100 -0.18278070 0.00000000
0.81697580 -0.14645670 0.55776420 0.00000000
-0.08198439 0.82232330 0.07005011 1.00000000

0.49667530 -0.31276600 -0.80962410 0.00000000
-0.21722600 0.85833210 -0.46484270 0.00000000
0.84031340 0.40674730 0.35837130 0.00000000
-0.19919440 0.44693580 0.14316290 1.00000000

0.31371910 -0.06669644 -0.94717050 0.00000000
0.02494249 0.99776460 -0.06199776 0.00000000
0.94918820 -0.00417489 0.31468140 0.00000000
-0.12365350 0.14020380 0.30799770 1.00000000

0.31447910 -0.08843716 -0.94513580 0.00000000
-0.10325300 0.98655660 -0.12666880 0.00000000
0.94363220 0.13742280 0.30111980 0.00000000
-0.25630920 0.03681844 0.27133950 1.00000000

0.57926270 -0.14538740 -0.80207060 0.00000000
-0.03759030 0.97815440 -0.20445330 0.00000000
0.81427370 0.14858220 0.56114320 0.00000000
0.00656800 0.99364670 -0.02186535 1.00000000

0.59606500 -0.11156610 -0.79514750 0.00000000
-0.08532282 0.97589170 -0.20088650 0.00000000
0.79838990 0.18758560 0.57217580 0.00000000
0.00008258 1.16240700 -0.05713950 1.00000000

0.60027210 -0.43192970 -0.67313470 0.00000000
-0.26405300 0.68741410 -0.67656330 0.00000000
0.75495000 0.58386530 0.29858310 0.00000000
-0.01592495 1.34549600 -0.09482814 1.00000000

-0.08557016 0.76648470 -0.63653670 0.00000000
0.66082800 -0.43446820 -0.61199990 0.00000000
-0.74564360 -0.47301020 -0.46933700 0.00000000
0.01698434 1.40019600 -0.19460840 1.00000000

0.32940500 0.42199350 -0.84463830 0.00000000
0.37242710 -0.88010590 -0.29446870 0.00000000
-0.86763510 -0.21756680 -0.44707310 0.00000000
0.16494330 1.30291800 -0.33163480 1.00000000

0.33602850 0.39308810 -0.85590100 0.00000000
-0.27597250 -0.82776460 -0.48851330 0.00000000
-0.90051340 0.40035960 -0.16967120 0.00000000
0.26979610 1.05513500 -0.41453960 1.00000000

0.44777540 0.24759050 -0.85918350 0.00000000
-0.50101120 -0.72641250 -0.47043880 0.00000000
-0.74059780 0.64111160 -0.20122400 0.00000000
0.20309620 0.85496510 -0.53286060 1.00000000

-0.35397300 -0.11768880 0.92782150 0.00000000
-0.74059790 0.64111160 -0.20122400 0.00000000
-0.57115530 -0.75837060 -0.31409620 0.00000000
0.09231703 0.75930970 -0.55414520 1.00000000

-0.58562090 -0.59452740 -0.55098640 0.00000000
-0.42362230 -0.35504920 0.83335720 0.00000000
-0.69108080 0.72144140 -0.04393080 0.00000000
0.08300273 0.78000690 -0.61380500 1.00000000

-0.09608108 -0.05283095 0.99397060 0.00000000
0.72036470 0.68543790 0.10606540 0.00000000
-0.68690860 0.72621200 -0.02779993 0.00000000
0.06273495 0.76302000 -0.57393420 1.00000000

-0.52090980 -0.73675770 -0.43109320 0.00000000
-0.42586950 -0.21337480 0.87926470 0.00000000
-0.73978940 0.64160690 -0.20261350 0.00000000
0.11143360 0.75443170 -0.60834120 1.00000000

-0.09758323 0.20202270 0.97450710 0.00000000
0.66604920 0.74083080 -0.08688405 0.00000000
-0.73949720 0.64059130 -0.20684950 0.00000000
0.09069397 0.74453180 -0.56414810 1.00000000

-0.50179010 -0.85510790 -0.13037380 0.00000000
-0.28984610 0.02421286 0.95676710 0.00000000
-0.81498230 0.51788460 -0.25999950 0.00000000
0.13816110 0.72905120 -0.59639050 1.00000000

-0.12896480 0.28766050 0.94900990 0.00000000
0.56431880 0.80822060 -0.16829730 0.00000000
-0.81542170 0.51383950 -0.26656420 0.00000000
0.12455490 0.73018800 -0.55147740 1.00000000

-0.55058430 -0.82991360 0.09000404 0.00000000
-0.24115930 0.26135170 0.93463250 0.00000000
-0.79918680 0.49288870 -0.34403740 0.00000000
0.16269850 0.70696190 -0.58437720 1.00000000

0.04418957 0.64936390 0.75919320 0.00000000
0.62497440 0.57489930 -0.52810810 0.00000000
-0.77939380 0.49781300 -0.38043130 0.00000000
0.15284650 0.71877000 -0.54465020 1.00000000

-0.49503510 0.52360920 -0.69337860 0.00000000
-0.77030590 -0.63365990 0.07144460 0.00000000
-0.40195700 0.56948130 0.71702300 0.00000000
0.10434480 0.84634280 -0.56110150 1.00000000

-0.82186090 -0.54896180 -0.15227050 0.00000000
0.42079850 -0.76515400 0.48730710 0.00000000
-0.38402320 0.33642330 0.85985220 0.00000000
0.05762051 0.80952160 -0.55805020 1.00000000

0.41829540 0.35416350 -0.83641930 0.00000000
-0.27597250 -0.82776460 -0.48851330 0.00000000
-0.86537180 0.43517150 -0.24851070 0.00000000
0.23351350 0.94620000 -0.47901740 1.00000000

0.25789460 -0.06934327 -0.96368160 0.00000000
0.22000520 -0.96700380 0.12845860 0.00000000
-0.94079140 -0.24514390 -0.23412930 0.00000000
0.15600610 1.31096400 -0.31905740 1.00000000

0.10910290 0.35661440 -0.92785920 0.00000000
0.37242710 -0.88010590 -0.29446870 0.00000000
-0.92162630 -0.31343260 -0.22883510 0.00000000
0.16494330 1.30291800 -0.33163480 1.00000000

0.15981950 0.37201880 -0.91436300 0.00000000
0.37195820 -0.88069260 -0.29330560 0.00000000
-0.91438780 -0.29322880 -0.27912730 0.00000000
0.20957830 1.19723500 -0.36683150 1.00000000

0.93099180 -0.12399340 -0.34333670 0.00000000
-0.18511820 0.65026810 -0.73680570 0.00000000
0.31462000 0.74951800 0.58244090 0.00000000
-0.05553310 1.44860800 -0.19631360 1.00000000

0.99376230 0.08695010 -0.06983224 0.00000000
-0.09143461 0.99376430 -0.06381628 0.00000000
0.06384811 0.06980328 0.99551560 0.00000000
-0.07293414 1.50973300 -0.26557340 1.00000000

0.99376230 0.08695010 -0.06983224 0.00000000
-0.10301460 0.95557650 -0.27615530 0.00000000
0.04271856 0.28162630 0.95857290 0.00000000
-0.08792499 1.58834300 -0.38102510 1.00000000

0.99376230 0.08695010 -0.06983224 0.00000000
0.10791530 -0.90769980 0.40550710 0.00000000
-0.02812806 -0.41051350 -0.91142090 0.00000000
-0.02249813 1.57162500 -0.36217250 1.00000000

0.99376230 0.08695010 -0.06983224 0.00000000
-0.10701610 0.91968760 -0.37778590 0.00000000
0.03137553 0.38290240 0.92325590 0.00000000
-0.14595070 1.55858300 -0.35242310 1.00000000

0.99376660 0.08697928 -0.06973204 0.00000000
0.10291600 -0.95622230 0.27394840 0.00000000
-0.04285166 -0.27941730 -0.95921330 0.00000000
-0.04626404 1.59504500 -0.34431980 1.00000000

0.99375980 0.08693439 -0.06988573 0.00000000
-0.10301480 0.95557570 -0.27615850 0.00000000
0.04277340 0.28163440 0.95856800 0.00000000
-0.12461360 1.58819100 -0.33881420 1.00000000

0.95911420 0.23981750 -0.15029180 0.00000000
0.27258860 -0.92559440 0.26262280 0.00000000
-0.07612759 -0.29285310 -0.95312230 0.00000000
-0.06898569 1.59394700 -0.38355030 1.00000000

0.97611980 0.20318490 -0.07685089 0.00000000
-0.21650590 0.93886100 -0.26770440 0.00000000
0.01775905 0.27795020 0.96043150 0.00000000
-0.10433110 1.59185800 -0.38222240 1.00000000

0.99342640 0.07407913 0.08727172 0.00000000
0.06809085 -0.99524120 0.06970594 0.00000000
0.09202012 -0.06330537 -0.99374310 0.00000000
-0.00968221 1.60874500 -0.34369460 1.00000000

0.98145450 0.09396649 -0.16708600 0.00000000
-0.11879650 0.98221130 -0.14542480 0.00000000
0.15044860 0.16257690 0.97515860 0.00000000
-0.16281650 1.59694800 -0.33412230 1.00000000

0.97708790 0.19857790 -0.07659003 0.00000000
0.21210310 -0.93833080 0.27303410 0.00000000
-0.01764834 -0.28302330 -0.95895060 0.00000000
-0.04633385 1.59562800 -0.34458700 1.00000000

0.99773160 -0.02578928 -0.06218174 0.00000000
0.00711411 0.95892910 -0.28355720 0.00000000
0.06694084 0.28247160 0.95693730 0.00000000
-0.12461500 1.58820200 -0.33881970 1.00000000

0.99162480 0.10579760 -0.07407579 0.00000000
-0.12112510 0.96087220 -0.24910510 0.00000000
0.04482269 0.25599110 0.96563950 0.00000000
-0.07822856 1.55578900 -0.28357200 1.00000000

0.95197330 0.28463670 -0.11282250 0.00000000
0.30151850 -0.93557250 0.18382300 0.00000000
-0.05323070 -0.20901260 -0.97646310 0.00000000
-0.06573333 1.50320500 -0.39041540 1.00000000

0.99220290 0.10111680 -0.07286182 0.00000000
-0.11572080 0.96452310 -0.23728510 0.00000000
0.04628325 0.24386650 0.96870390 0.00000000
-0.08093791 1.50356700 -0.39195730 1.00000000

0.99612670 -0.08152299 -0.03295240 0.00000000
0.07276729 0.97465320 -0.21155720 0.00000000
0.04936394 0.20833990 0.97681010 0.00000000
-0.09812739 1.50103400 -0.38587140 1.00000000

0.98923190 0.12721840 -0.07235774 0.00000000
0.14322920 -0.94315750 0.29989930 0.00000000
-0.03009200 -0.30703370 -0.95122300 0.00000000
-0.05778088 1.51342600 -0.37478670 1.00000000

0.99469290 0.07620396 -0.06913087 0.00000000
-0.09373288 0.94823240 -0.30342970 0.00000000
0.04242966 0.30829910 0.95034280 0.00000000
-0.10809560 1.50845000 -0.36832570 1.00000000

0.98460610 0.16109570 -0.06781796 0.00000000
0.17459940 -0.92454320 0.33872630 0.00000000
-0.00813335 -0.34535290 -0.93843790 0.00000000
-0.06755261 1.52665900 -0.38512720 1.00000000

0.99300230 0.09487000 -0.07033125 0.00000000
-0.11332870 0.93300880 -0.34154270 0.00000000
0.03321755 0.34712310 0.93723110 0.00000000
-0.08277112 1.52490800 -0.38849250 1.00000000

0.99649860 0.03770796 -0.07462394 0.00000000
-0.06218290 0.93088390 -0.35998410 0.00000000
0.05589205 0.36336400 0.92996930 0.00000000
-0.10039980 1.52443500 -0.38127200 1.00000000

0.99372470 0.08735719 -0.06985849 0.00000000
0.10810840 -0.91037710 0.39940740 0.00000000
-0.02870646 -0.40445320 -0.91410810 0.00000000
-0.06837662 1.55645900 -0.37901490 1.00000000

0.99372470 0.08735719 -0.06985849 0.00000000
-0.10810830 0.91037720 -0.39940730 0.00000000
0.02870658 0.40445300 0.91410820 0.00000000
-0.08632389 1.55453400 -0.40033820 1.00000000

0.99372470 0.08735719 -0.06985849 0.00000000
-0.10810830 0.91037720 -0.39940730 0.00000000
0.02870658 0.40445300 0.91410820 0.00000000
-0.10120420 1.55294300 -0.37666330 1.00000000

0.99376230 0.08695010 -0.06983224 0.00000000
0.10642370 -0.55225450 0.82685520 0.00000000
0.03332978 -0.82912900 -0.55806300 0.00000000
-0.07267624 1.58178900 -0.17218540 1.00000000

0.99376230 0.08695010 -0.06983224 0.00000000
-0.09394000 0.99013190 -0.10399120 0.00000000
0.06010115 0.10990250 0.99212380 0.00000000
-0.08761196 1.65777700 -0.29011380 1.00000000

0.47464730 -0.80931340 0.34600870 0.00000000
0.40959020 -0.14486030 -0.90069500 0.00000000
0.77906730 0.56923420 0.26272930 0.00000000
-0.05900187 1.45487100 -0.10939740 1.00000000

-0.13760290 -0.75529250 -0.64078000 0.00000000
0.52704120 0.49191320 -0.69300020 0.00000000
0.83862580 -0.43307610 0.33038150 0.00000000
-0.15070900 1.48730500 0.09226833 1.00000000

-0.09484079 -0.72910570 -0.67779780 0.00000000
0.93135930 -0.30541770 0.19821690 0.00000000
-0.35153250 -0.61247440 0.70802580 0.00000000
-0.29908740 1.34881700 0.28737270 1.00000000

0.10272840 -0.35286600 -0.93001770 0.00000000
0.88823220 -0.38832610 0.24545100 0.00000000
-0.44776140 -0.85128650 0.27353490 0.00000000
-0.52437250 1.42282500 0.23953970 1.00000000

-0.25862410 0.40848510 0.87535940 0.00000000
-0.40895270 -0.86727480 0.28388780 0.00000000
0.87514080 -0.28456020 0.39134920 0.00000000
-0.61599690 1.47458400 0.15102600 1.00000000

0.76502560 -0.64211480 0.04923564 0.00000000
0.12507670 0.22314460 0.96672760 0.00000000
-0.63173690 -0.73341330 0.25102500 0.00000000
-0.63411860 1.52980800 0.18382870 1.00000000

0.42017950 -0.07917119 0.90398080 0.00000000
-0.67693140 0.63608360 0.37035320 0.00000000
-0.60432880 -0.76754780 0.21367580 0.00000000
-0.64010280 1.51913200 0.13757670 1.00000000

0.80392210 -0.59198830 -0.05708924 0.00000000
0.18257250 0.15429320 0.97101040 0.00000000
-0.56601820 -0.79103970 0.23212050 0.00000000
-0.65312200 1.49827500 0.19552630 1.00000000

0.40609290 -0.05556104 0.91214130 0.00000000
-0.73777350 0.56906030 0.36312590 0.00000000
-0.53923900 -0.82041670 0.19009990 0.00000000
-0.66142580 1.49005600 0.14710560 1.00000000

0.88922950 -0.44834850 -0.09085289 0.00000000
0.19309460 0.18782500 0.96303510 0.00000000
-0.41471080 -0.87390230 0.25359340 0.00000000
-0.66936540 1.46368400 0.20192700 1.00000000

0.60988860 -0.08073824 0.78836360 0.00000000
-0.68906690 0.43733840 0.57786000 0.00000000
-0.39143710 -0.89566550 0.21109390 0.00000000
-0.67843000 1.45486800 0.15671980 1.00000000

0.88835600 -0.41092260 -0.20485660 0.00000000
0.24899470 0.05627960 0.96686830 0.00000000
-0.38577880 -0.90993150 0.15231380 0.00000000
-0.68274450 1.43166900 0.20743170 1.00000000

0.72090080 -0.20058810 0.66337530 0.00000000
-0.59527340 0.31095150 0.74091750 0.00000000
-0.35489680 -0.92901750 0.10476050 0.00000000
-0.69262970 1.42896700 0.16608340 1.00000000

-0.87294490 -0.37246780 -0.31501600 0.00000000
-0.30538100 -0.08632181 0.94830980 0.00000000
-0.38040750 0.92402190 -0.03839049 0.00000000
-0.54747400 1.50318200 0.18387170 1.00000000

-0.25503680 -0.11921370 0.95955460 0.00000000
0.88935160 0.36055040 0.28117190 0.00000000
-0.37948730 0.92509030 0.01406918 0.00000000
-0.52777640 1.50896800 0.12795400 1.00000000

-0.00012821 -0.54467510 -0.83864710 0.00000000
0.93135930 -0.30541770 0.19821690 0.00000000
-0.36410140 -0.78105640 0.50732740 0.00000000
-0.42172250 1.38916200 0.26138460 1.00000000

0.61465040 -0.55374540 -0.56175730 0.00000000
0.33834030 0.82840680 -0.44639460 0.00000000
0.71255230 0.08431146 0.69653480 0.00000000
-0.12923100 1.48595400 0.05774039 1.00000000

0.42217270 -0.85926160 -0.28885940 0.00000000
0.52704120 0.49191320 -0.69300020 0.00000000
0.73756210 0.14032490 0.66053860 0.00000000
-0.15070900 1.48730500 0.09226833 1.00000000

0.39058030 -0.86396740 -0.31781690 0.00000000
0.52724340 0.49295190 -0.69210770 0.00000000
0.75462670 0.10275670 0.64805840 0.00000000
-0.21397820 1.42815100 0.17532130 1.00000000

0.74670180 0.05718654 -0.66269610 0.00000000
0.02651110 0.99294700 0.11555690 0.00000000
0.66463030 -0.10385530 0.73991920 0.00000000
-0.05027682 0.97696760 -0.19481080 1.00000000

0.74603000 0.02991224 -0.66524030 0.00000000
0.03570228 0.99575720 0.08481192 0.00000000
0.66495470 -0.08702283 0.74179670 0.00000000
-0.16275730 0.98037420 -0.10621910 1.00000000

0.56847170 -0.00869418 -0.82265690 0.00000000
-0.08679678 -0.99499740 -0.04946270 0.00000000
-0.81811140 0.09952211 -0.56638250 0.00000000
-0.08642805 0.99511500 0.09409320 1.00000000

1.00000000 0.00000000 0.00000000 0.00000000
0.00000000 1.00000000 0.00000000 0.00000000
0.00000000 0.00000000 1.00000000 0.00000000
0.00000000 0.00000000 0.00000000 1.00000000

1.00000000 0.00000000 0.00000000 0.00000000
0.00000000 1.00000000 0.00000000 0.00000000
0.00000000 0.00000000 1.00000000 0.00000000
0.00000000 0.00000000 0.00000000 1.00000000

0.99376230 0.08695010 -0.06983224 0.00000000
-0.09393997 0.99013190 -0.10399130 0.00000000
0.06010121 0.10990250 0.99212370 0.00000000
-0.07207812 1.49702300 -0.26921550 1.00000000

0.74671780 0.02925346 -0.66449740 0.00000000
-0.08169459 0.99550190 -0.04797751 0.00000000
0.66010500 0.09011150 0.74574890 0.00000000
0.02619067 0.85792010 -0.01631583 1.00000000

0.97632680 0.21627760 0.00316215 0.00000000
0.19766550 -0.88618020 -0.41906200 0.00000000
-0.08783147 0.40976650 -0.90795210 0.00000000
0.12413660 0.83037610 -0.10689870 1.00000000

0.97632680 0.21627760 0.00316215 0.00000000
0.20783510 -0.94206500 0.26328300 0.00000000
0.05992115 -0.25639300 -0.96471350 0.00000000
0.20320280 0.47590400 -0.27452340 1.00000000

0.99760630 0.05893219 0.03617805 0.00000000
0.05904155 -0.99825360 -0.00196150 0.00000000
0.03599933 0.00409285 -0.99934350 0.00000000
0.27738900 0.13967020 -0.18284750 1.00000000

0.99738290 0.06485280 0.03196034 0.00000000
0.06365463 -0.99727920 0.03718019 0.00000000
0.03428462 -0.03504840 -0.99879730 0.00000000
0.28847320 0.03622264 -0.31998120 1.00000000

0.49899290 -0.31462170 -0.80747710 0.00000000
0.29644270 0.93752880 -0.18210310 0.00000000
0.81432670 -0.14850250 0.56108750 0.00000000
-0.07377968 0.82262210 0.06922516 1.00000000

0.49899190 -0.31462170 -0.80747770 0.00000000
-0.21542590 0.85748770 -0.46723270 0.00000000
0.83940390 0.40709700 0.36010180 0.00000000
-0.19235700 0.44761150 0.14206690 1.00000000

0.31458320 -0.06446237 -0.94703850 0.00000000
0.02172973 0.99791900 -0.06070763 0.00000000
0.94898120 -0.00148128 0.31532940 0.00000000
-0.11745550 0.14117940 0.30774950 1.00000000

0.31541270 -0.08620313 -0.94503100 0.00000000
-0.10638420 0.98637560 -0.12548120 0.00000000
0.94297270 0.14011480 0.30194480 0.00000000
-0.24974810 0.03740913 0.27086800 1.00000000

0.57945700 -0.14663570 -0.80170290 0.00000000
-0.03684741 0.97796170 -0.20550710 0.00000000
0.81416940 0.14862320 0.56128360 0.00000000
0.01504719 0.99371210 -0.02286009 1.00000000

0.59542570 -0.11256310 -0.79548580 0.00000000
-0.08478998 0.97580250 -0.20154410 0.00000000
0.79892360 0.18745380 0.57147370 0.00000000
0.00868994 1.16243900 -0.05831605 1.00000000

0.59861150 -0.43294640 -0.67395990 0.00000000
-0.26448680 0.68734610 -0.67646290 0.00000000
0.75611590 0.58319190 0.29694460 0.00000000
-0.00721763 1.34551100 -0.09612808 1.00000000

-0.08609903 0.76669060 -0.63621740 0.00000000
0.65912040 -0.43502870 -0.61344150 0.00000000
-0.74709260 -0.47216050 -0.46788580 0.00000000
0.02557621 1.40012200 -0.19599500 1.00000000

0.32664510 0.42133980 -0.84603540 0.00000000
0.36971210 -0.88077130 -0.29589710 0.00000000
-0.86983680 -0.21613610 -0.44347410 0.00000000
0.17315290 1.30271900 -0.33334420 1.00000000

0.33317320 0.39242210 -0.85732190 0.00000000
-0.28159070 -0.82636130 -0.48768230 0.00000000
-0.89983480 0.40389650 -0.16481880 0.00000000
0.27724130 1.05474800 -0.41665120 1.00000000

0.44336380 0.24661570 -0.86174790 0.00000000
-0.50704380 -0.72379330 -0.46800650 0.00000000
-0.73914500 0.64444090 -0.19585860 0.00000000
0.20918160 0.85491810 -0.53477120 1.00000000

-0.34858080 -0.11718370 0.92992450 0.00000000
-0.73914500 0.64444090 -0.19585860 0.00000000
-0.57632990 -0.75562170 -0.31125550 0.00000000
0.09786726 0.75975310 -0.55545240 1.00000000

-0.59160450 -0.59146680 -0.54787890 0.00000000
-0.41982860 -0.35414780 0.83565750 0.00000000
-0.68829380 0.72439380 -0.03879935 0.00000000
0.08826233 0.78055280 -0.61503040 1.00000000

-0.09000349 -0.05348391 0.99450450 0.00000000
0.72390930 0.68228240 0.10220730 0.00000000
-0.68399920 0.72912960 -0.02269036 0.00000000
0.06817628 0.76360910 -0.57504950 1.00000000

-0.52673610 -0.73409640 -0.42854620 0.00000000
-0.42118670 -0.21251400 0.88172530 0.00000000
-0.73834340 0.64493440 -0.19725280 0.00000000
0.11661910 0.75485220 -0.60977350 1.00000000

-0.09055331 0.20139430 0.97531560 0.00000000
0.66860640 0.73810880 -0.09033650 0.00000000
-0.73808250 0.64392200 -0.20149180 0.00000000
0.09611835 0.74499270 -0.56546030 1.00000000

-0.50621130 -0.85284610 -0.12807720 0.00000000
-0.28367350 0.02441563 0.95861020 0.00000000
-0.81441990 0.52159120 -0.25428930 0.00000000
0.14331450 0.72934660 -0.59801900 1.00000000

-0.12173390 0.28719080 0.95010660 0.00000000
0.56664780 0.80601380 -0.17103300 0.00000000
-0.81491790 0.51755520 -0.26085520 0.00000000
0.12999810 0.73049270 -0.55301930 1.00000000

-0.55350140 -0.82768110 0.09263170 0.00000000
-0.23412730 0.26137040 0.93641350 0.00000000
-0.79926280 0.49661830 -0.33845140 0.00000000
0.16783400 0.70714130 -0.58618450 1.00000000

0.05173960 0.64836310 0.75957140 0.00000000
0.62403700 0.57282210 -0.53146310 0.00000000
-0.77968020 0.50149800 -0.37496500 0.00000000
0.15828380 0.71894870 -0.54638350 1.00000000

-0.49720370 0.52642880 -0.68968200 0.00000000
-0.77250560 -0.63048330 0.07566950 0.00000000
-0.39499840 0.57040640 0.72014790 0.00000000
0.11021800 0.84674200 -0.56239450 1.00000000

-0.82511910 -0.54533050 -0.14762610 0.00000000
0.42064400 -0.76743900 0.48383490 0.00000000
-0.37714400 0.33712320 0.86261860 0.00000000
0.06335885 0.81011490 -0.55908530 1.00000000

0.41488730 0.35342570 -0.83842650 0.00000000
-0.28159070 -0.82636130 -0.48768230 0.00000000
-0.86520260 0.43842630 -0.24332540 0.00000000
0.24021820 0.94599820 -0.48101970 1.00000000

0.25433830 -0.06970812 -0.96459980 0.00000000
0.21862920 -0.96743460 0.12755950 0.00000000
-0.94207940 -0.24333300 -0.23081560 0.00000000
0.16425440 1.31077800 -0.32075620 1.00000000

0.10648130 0.35652640 -0.92819760 0.00000000
0.36971210 -0.88077130 -0.29589710 0.00000000
-0.92302480 -0.31165830 -0.22559800 0.00000000
0.17315290 1.30271900 -0.33334420 1.00000000

0.15726530 0.37182990 -0.91488250 0.00000000
0.36924700 -0.88135690 -0.29473200 0.00000000
-0.91592820 -0.29146640 -0.27590380 0.00000000
0.21746250 1.19695600 -0.36871210 1.00000000

0.92994580 -0.12570810 -0.34554060 0.00000000
-0.18588720 0.65008320 -0.73677520 0.00000000
0.31724890 0.74939260 0.58117460 0.00000000
-0.04689083 1.44861400 -0.19759850 1.00000000

0.99376460 0.08640254 -0.07047582 0.00000000
-0.09096538 0.99377410 -0.06432983 0.00000000
0.06447875 0.07033949 0.99543700 0.00000000
-0.06436417 1.50972100 -0.26685550 1.00000000

0.99376460 0.08640254 -0.07047582 0.00000000
-0.10269180 0.95547100 -0.27663990 0.00000000
0.04343525 0.28215220 0.95838610 0.00000000
-0.07938389 1.58827200 -0.38234310 1.00000000

0.99376460 0.08640254 -0.07047582 0.00000000
0.10769420 -0.90752290 0.40596140 0.00000000
-0.02888232 -0.41101970 -0.91116900 0.00000000
-0.01395429 1.57153200 -0.36352000 1.00000000

0.99376460 0.08640254 -0.07047582 0.00000000
-0.10677230 0.91952610 -0.37824760 0.00000000
0.03212291 0.38341400 0.92301790 0.00000000
-0.13740760 1.55855900 -0.35368940 1.00000000

0.99376920 0.08643173 -0.07037559 0.00000000
0.10259150 -0.95611790 0.27443350 0.00000000
-0.04356769 -0.27994330 -0.95902760 0.00000000
-0.03769762 1.59497500 -0.34566650 1.00000000

0.99376230 0.08638684 -0.07052898 0.00000000
-0.10269190 0.95547010 -0.27664320 0.00000000
0.04349011 0.28216020 0.95838120 0.00000000
-0.11604730 1.58816300 -0.34011020 1.00000000

0.95914660 0.23924160 -0.15100180 0.00000000
0.27227300 -0.92558320 0.26298900 0.00000000
-0.07684684 -0.29335870 -0.95290890 0.00000000
-0.06044327 1.59386500 -0.38488270 1.00000000

0.97617730 0.20264230 -0.07755026 0.00000000
-0.21618650 0.93881820 -0.26811170 0.00000000
0.01847485 0.27848980 0.96026150 0.00000000
-0.09578895 1.59179500 -0.38353250 1.00000000

0.99351620 0.07362150 0.08663580 0.00000000
0.06762441 -0.99523590 0.07023431 0.00000000
0.09139377 -0.06392024 -0.99376140 0.00000000
-0.00110839 1.60865600 -0.34507090 1.00000000

0.98140230 0.09336966 -0.16772600 0.00000000
-0.11838190 0.98218860 -0.14591530 0.00000000
0.15111460 0.16305740 0.97497530 0.00000000
-0.15424290 1.59694200 -0.33540040 1.00000000

0.97714320 0.19803490 -0.07728720 0.00000000
0.21178720 -0.93828270 0.27344380 0.00000000
-0.01836595 -0.28356220 -0.95877800 0.00000000
-0.03776725 1.59555700 -0.34593400 1.00000000

0.99768100 -0.02633450 -0.06276333 0.00000000
0.00743416 0.95876310 -0.28410970 0.00000000
0.06765699 0.28298410 0.95673530 0.00000000
-0.11604870 1.58817500 -0.34011570 1.00000000

0.99163440 0.10524870 -0.07472873 0.00000000
-0.12078340 0.96079140 -0.24958190 0.00000000
0.04553062 0.25652010 0.96546600 0.00000000
-0.06964584 1.55576900 -0.28487720 1.00000000

0.95205090 0.28408590 -0.11355390 0.00000000
0.30115070 -0.93562110 0.18417770 0.00000000
-0.05392116 -0.20954330 -0.97631160 0.00000000
-0.05724130 1.50311800 -0.39169790 1.00000000

0.99221070 0.10056830 -0.07351235 0.00000000
-0.11537010 0.96444610 -0.23776730 0.00000000
0.04698685 0.24439630 0.96853640 0.00000000
-0.07244664 1.50348600 -0.39323100 1.00000000

0.99606500 -0.08205064 -0.03350091 0.00000000
0.07313840 0.97449480 -0.21215780 0.00000000
0.05005434 0.20887270 0.97666110 0.00000000
-0.08963379 1.50096600 -0.38713330 1.00000000

0.98925330 0.12667170 -0.07302132 0.00000000
0.14292690 -0.94305900 0.30035280 0.00000000
-0.03081736 -0.30756170 -0.95102910 0.00000000
-0.04927429 1.51334300 -0.37607980 1.00000000

0.99469010 0.07565631 -0.06976867 0.00000000
-0.09343006 0.94810670 -0.30391570 0.00000000
0.04315516 0.30882040 0.95014080 0.00000000
-0.09958764 1.50839700 -0.36958600 1.00000000

0.98464750 0.16055390 -0.06849831 0.00000000
0.17432980 -0.92443850 0.33915060 0.00000000
-0.00887060 -0.34588490 -0.93823510 0.00000000
-0.05904547 1.52657600 -0.38642210 1.00000000

0.99300830 0.09432251 -0.07097867 0.00000000
-0.11305640 0.93287100 -0.34200830 0.00000000
0.03395498 0.34764170 0.93701240 0.00000000
-0.07426692 1.52483100 -0.38977720 1.00000000

0.99647300 0.03715630 -0.07524079 0.00000000
-0.06192279 0.93070980 -0.36047910 0.00000000
0.05663344 0.36386680 0.92972770 0.00000000
