MeshAnim
1
34
83
30
0.77101240 -0.00988551 -0.63674350 0.00000000
-0.01891703 0.99908270 -0.03841688 0.00000000
0.63653920 0.04166519 0.77011810 0.00000000
0.01057782 0.87642340 0.04061815 1.00000000

0.97381820 0.18073090 0.13789330 0.00000000
0.22147860 -0.89100520 -0.39630440 0.00000000
0.05123910 0.41646890 -0.90770510 0.00000000
0.10991930 0.84384190 -0.04671482 1.00000000

0.97381820 0.18073090 0.13789330 0.00000000
0.17281900 -0.98264210 0.06744002 0.00000000
0.14768820 -0.04184372 -0.98814850 0.00000000
0.19851070 0.48743990 -0.20523660 1.00000000

0.99760330 0.05889728 0.03631419 0.00000000
0.05900377 -0.99825610 -0.00186501 0.00000000
0.03614086 0.00400324 -0.99933870 0.00000000
0.26041450 0.13722260 -0.18339320 1.00000000

0.99738090 0.06481752 0.03209594 0.00000000
0.06361135 -0.99727850 0.03727721 0.00000000
0.03442466 -0.03513793 -0.99878940 0.00000000
0.27151410 0.03376257 -0.32051610 1.00000000

0.57722410 -0.23685460 -0.78148080 0.00000000
0.25991580 0.96052860 -0.09913989 0.00000000
0.77411630 -0.14589330 0.61600250 0.00000000
-0.09443626 0.84646160 0.12205290 1.00000000

0.57722340 -0.23685460 -0.78148130 0.00000000
-0.18509610 0.89415000 -0.40771970 0.00000000
0.79533180 0.37999450 0.47228340 0.00000000
-0.19840290 0.46225110 0.16170940 1.00000000

0.31513080 -0.07407244 -0.94615330 0.00000000
-0.00302961 0.99686600 -0.07905167 0.00000000
0.94904340 0.02777810 0.31391870 0.00000000
-0.13421080 0.14281600 0.30593880 1.00000000

0.31649990 -0.09574541 -0.94374820 0.00000000
-0.13088370 0.98096970 -0.14341540 0.00000000
0.93951980 0.16891220 0.29794540 0.00000000
-0.26393210 0.03514618 0.27116180 1.00000000

0.78026340 -0.01236932 -0.62532880 0.00000000
-0.00303016 0.99971800 -0.02355586 0.00000000
0.62544380 0.02027462 0.78000580 0.00000000
0.00799744 1.01270400 0.03537787 1.00000000

0.80547570 -0.03618791 -0.59152300 0.00000000
-0.04353752 0.99182340 -0.11996220 0.00000000
0.59102760 0.12238010 0.79731400 0.00000000
0.00747464 1.18518400 0.03131380 1.00000000

0.83185750 -0.04862344 -0.55285530 0.00000000
-0.19325780 0.90843030 -0.37068280 0.00000000
0.52025440 0.41519880 0.74628770 0.00000000
-0.00069350 1.37126200 0.00880748 1.00000000

-0.04703373 0.82428230 -0.56422200 0.00000000
0.88598000 -0.22644630 -0.40467490 0.00000000
-0.46133240 -0.51892270 -0.71964700 0.00000000
0.04736536 1.46698100 -0.04178363 1.00000000

0.50629110 0.14470610 -0.85013500 0.00000000
0.45731030 -0.88084160 0.12241460 0.00000000
-0.73112010 -0.45075290 -0.51213790 0.00000000
0.24573570 1.41628000 -0.13239020 1.00000000

0.50629200 0.14470460 -0.85013470 0.00000000
-0.05187273 -0.97892560 -0.19751920 0.00000000
-0.86080070 0.14410120 -0.48811590 0.00000000
0.37448650 1.16828900 -0.09792626 1.00000000

0.54981020 0.04908334 -0.83384630 0.00000000
-0.33723660 -0.90025070 -0.27535470 0.00000000
-0.76418610 0.43259640 -0.47841440 0.00000000
0.36202620 0.93150950 -0.14585410 1.00000000

-0.48289670 0.10798920 0.86899320 0.00000000
-0.76418610 0.43259640 -0.47841420 0.00000000
-0.42758690 -0.89509710 -0.12637570 0.00000000
0.31500030 0.85585390 -0.14384400 1.00000000

-0.48893810 -0.86350650 -0.12367930 0.00000000
-0.45498200 0.13147400 0.88074200 0.00000000
-0.74426560 0.48690000 -0.45716220 0.00000000
0.26530770 0.81863840 -0.21292790 1.00000000

-0.36097090 0.26224030 0.89494740 0.00000000
0.56185260 0.82708760 -0.01573622 0.00000000
-0.74432650 0.49714780 -0.44589480 0.00000000
0.24353970 0.82492870 -0.17079000 1.00000000

-0.42092680 -0.89637490 -0.13904250 0.00000000
-0.49023810 0.09583190 0.86630440 0.00000000
-0.76320860 0.43281460 -0.47977520 0.00000000
0.29511090 0.80045710 -0.19639070 1.00000000

-0.40167800 0.27013480 0.87503290 0.00000000
0.50695430 0.86133380 -0.03319149 0.00000000
-0.76266130 0.43026940 -0.48292470 0.00000000
0.27106920 0.80610100 -0.15313200 1.00000000

-0.44316300 -0.89438760 -0.06064481 0.00000000
-0.46359310 0.17075420 0.86943920 0.00000000
-0.76726030 0.41341770 -0.49030380 0.00000000
0.32218360 0.78410850 -0.17400480 1.00000000

-0.41160820 0.28039100 0.86715630 0.00000000
0.49379150 0.86834240 -0.04638919 0.00000000
-0.76599560 0.40910010 -0.49587140 0.00000000
0.30042140 0.79212420 -0.13319100 1.00000000

-0.45813240 -0.88574620 -0.07462224 0.00000000
-0.44144000 0.15384970 0.88400300 0.00000000
-0.77152160 0.43793150 -0.46148710 0.00000000
0.34673960 0.77054910 -0.15285100 1.00000000

-0.34230820 0.36607650 0.86534010 0.00000000
0.56803660 0.81424380 -0.11975840 0.00000000
-0.74843820 0.45055030 -0.48666710 0.00000000
0.32828400 0.77782160 -0.11515170 1.00000000

-0.52288870 0.44035320 -0.72984710 0.00000000
-0.73572840 -0.66553810 0.12555000 0.00000000
-0.43045470 0.60261770 0.67198270 0.00000000
0.27059680 0.89999080 -0.18150450 1.00000000

-0.92379000 -0.21240410 -0.31858540 0.00000000
0.01131627 -0.84681530 0.53176700 0.00000000
-0.38273230 0.48763590 0.78468300 0.00000000
0.22588290 0.86112710 -0.17529490 1.00000000

0.54333910 0.13828460 -0.82804600 0.00000000
-0.05187273 -0.97892560 -0.19751920 0.00000000
-0.83790930 0.15027290 -0.52471530 0.00000000
0.36774360 1.03940500 -0.12408380 1.00000000

0.61206780 -0.28522140 -0.73757840 0.00000000
0.15250120 -0.87261460 0.46399040 0.00000000
-0.77596160 -0.39647520 -0.49060280 0.00000000
0.25476550 1.41615500 -0.14135390 1.00000000

0.46118140 0.11720100 -0.87953150 0.00000000
0.45731030 -0.88084160 0.12241460 0.00000000
-0.76038070 -0.45867420 -0.45982500 0.00000000
0.24573570 1.41628000 -0.13239020 1.00000000

0.49721260 0.13751450 -0.85666170 0.00000000
0.45659840 -0.88104770 0.12358400 0.00000000
-0.73776530 -0.45259780 -0.50085710 0.00000000
0.30052750 1.31055400 -0.11756010 1.00000000

0.97226250 0.21654080 -0.08840632 0.00000000
-0.23160730 0.83863510 -0.49300000 0.00000000
-0.03261408 0.49980100 0.86552600 0.00000000
-0.02968216 1.50752700 -0.04679494 1.00000000

0.98863640 0.14725980 0.03020814 0.00000000
-0.13331210 0.95171930 -0.27651040 0.00000000
-0.06946856 0.26934110 0.96053610 0.00000000
-0.05145331 1.58635800 -0.09313713 1.00000000

0.98863640 0.14725980 0.03020814 0.00000000
-0.11527930 0.87165400 -0.47637170 0.00000000
-0.09648156 0.46747600 0.87872490 0.00000000
-0.05536288 1.63928600 -0.22320090 1.00000000

0.98863640 0.14725980 0.03020814 0.00000000
0.10089730 -0.79898770 0.59282280 0.00000000
0.11143490 -0.58303820 -0.80476640 0.00000000
0.00783814 1.63166900 -0.19382090 1.00000000

0.98863640 0.14725980 0.03020814 0.00000000
-0.10421790 0.81623760 -0.56823840 0.00000000
-0.10833560 0.55863290 0.82230950 0.00000000
-0.11500190 1.61139700 -0.19607020 1.00000000

0.98861790 0.14734970 0.03037786 0.00000000
0.11550220 -0.87273310 0.47433810 0.00000000
0.09640533 -0.46543030 -0.87981870 0.00000000
-0.01921379 1.65626000 -0.18404790 1.00000000

0.98864630 0.14721180 0.03011796 0.00000000
-0.11527820 0.87164860 -0.47638180 0.00000000
-0.09638131 0.46750110 0.87872240 0.00000000
-0.09715916 1.64465000 -0.18642970 1.00000000

0.95690940 0.27815990 -0.08337528 0.00000000
0.28341030 -0.83204160 0.47684920 0.00000000
0.06326881 -0.47993090 -0.87502210 0.00000000
-0.03656913 1.64571500 -0.22459540 1.00000000

0.96610590 0.25813310 -0.00251094 0.00000000
-0.22789840 0.84829800 -0.47796740 0.00000000
-0.12124920 0.46233940 0.87837400 0.00000000
-0.07163391 1.64123100 -0.22699890 1.00000000

0.96859060 0.16562170 0.18547710 0.00000000
0.10950860 -0.95378830 0.27981420 0.00000000
0.22324920 -0.25071390 -0.94196740 0.00000000
0.01622557 1.67257200 -0.18198370 1.00000000

0.98870120 0.13400570 -0.06717414 0.00000000
-0.14922940 0.92224780 -0.35663620 0.00000000
0.01415986 0.36263100 0.93182530 0.00000000
-0.13604690 1.65121100 -0.18812220 1.00000000

0.96726750 0.25375570 -0.00119957 0.00000000
0.22282010 -0.84706630 0.48252450 0.00000000
0.12142730 -0.46699750 -0.87588160 0.00000000
-0.01927820 1.65677200 -0.18443530 1.00000000

0.99736610 0.03888131 0.06122959 0.00000000
-0.00543961 0.88189860 -0.47140790 0.00000000
-0.07232732 0.46983330 0.87978720 0.00000000
-0.09716048 1.64466100 -0.18643770 1.00000000

0.98610220 0.16468120 0.02196941 0.00000000
-0.13699290 0.88077630 -0.45328380 0.00000000
-0.09399754 0.44397440 0.89109550 0.00000000
-0.05672754 1.62741900 -0.12069150 1.00000000

0.94267670 0.32880520 -0.05698967 0.00000000
0.32278940 -0.85511320 0.40569510 0.00000000
0.08466205 -0.40083500 -0.91223000 0.00000000
-0.02779701 1.55592000 -0.21227520 1.00000000

0.98675750 0.16038980 0.02417678 0.00000000
-0.13336180 0.88708780 -0.44191600 0.00000000
-0.09232563 0.43283970 0.89673050 0.00000000
-0.04267154 1.55480600 -0.21562110 1.00000000

0.99484900 -0.00995354 0.10087820 0.00000000
0.04942639 0.91648300 -0.39700890 0.00000000
-0.08850148 0.39994980 0.91225410 0.00000000
-0.06035216 1.55221500 -0.21119230 1.00000000

0.98240950 0.18577320 0.01896638 0.00000000
0.15138350 -0.85175820 0.50158820 0.00000000
0.10933650 -0.48989400 -0.86489840 0.00000000
-0.02247420 1.56959900 -0.19825670 1.00000000

0.99001910 0.13696620 0.03320247 0.00000000
-0.10217390 0.85981000 -0.50028720 0.00000000
-0.09707031 0.49190140 0.86522280 0.00000000
-0.07287931 1.56216000 -0.19682590 1.00000000

0.97549990 0.21942540 0.01588964 0.00000000
0.17645550 -0.82351110 0.53916000 0.00000000
0.13139070 -0.52314660 -0.84205370 0.00000000
-0.03148910 1.57974700 -0.21215920 1.00000000

0.98754180 0.15484420 0.02801016 0.00000000
-0.11585330 0.83591850 -0.53648700 0.00000000
-0.10648620 0.52655820 0.84344360 0.00000000
-0.04603248 1.57620800 -0.21684530 1.00000000

0.99449690 0.09839599 0.03597105 0.00000000
-0.06270680 0.83412020 -0.54800670 0.00000000
-0.08392587 0.54273550 0.83570020 0.00000000
-0.06440090 1.57582000 -0.21178760 1.00000000

0.98858170 0.14764970 0.03009492 0.00000000
0.10201710 -0.80279190 0.58746700 0.00000000
0.11089930 -0.57768900 -0.80868830 0.00000000
-0.03462848 1.61001500 -0.21242790 1.00000000

0.98858170 0.14764970 0.03009492 0.00000000
-0.10201710 0.80279200 -0.58746690 0.00000000
-0.11089930 0.57768890 0.80868840 0.00000000
-0.04953600 1.60255700 -0.23484740 1.00000000

0.98858170 0.14764970 0.03009492 0.00000000
-0.10201710 0.80279200 -0.58746690 0.00000000
-0.11089930 0.57768890 0.80868840 0.00000000
-0.06725945 1.60453000 -0.21325010 1.00000000

0.98863640 0.14725980 0.03020814 0.00000000
0.02651784 -0.36863930 0.92919420 0.00000000
0.14796890 -0.91783430 -0.36835530 0.00000000
-0.06701065 1.67521200 -0.01713522 1.00000000

0.98863640 0.14725980 0.03020814 0.00000000
-0.13039610 0.94005840 -0.31509800 0.00000000
-0.07479870 0.30757840 0.94857810 0.00000000
-0.07040972 1.72509400 -0.14906170 1.00000000

0.43371630 -0.84243540 0.31967630 0.00000000
0.75329000 0.14433400 -0.64165570 0.00000000
0.49441330 0.51910530 0.69719820 0.00000000
-0.05793668 1.47313500 0.02820121 1.00000000

0.05937317 -0.77198150 -0.63286610 0.00000000
0.75581820 0.44890720 -0.47667700 0.00000000
0.65208400 -0.45003010 0.61013080 0.00000000
-0.22659830 1.44081800 0.17186810 1.00000000

0.05937353 -0.77196590 -0.63288530 0.00000000
0.38350820 -0.56770740 0.72844340 0.00000000
-0.92162690 -0.28596690 0.26234840 0.00000000
-0.43938580 1.31443700 0.30607070 1.00000000

0.28278480 -0.65013250 -0.70523790 0.00000000
0.10397880 -0.71013760 0.69634260 0.00000000
-0.95353070 -0.27024490 -0.13321620 0.00000000
-0.53216920 1.45190200 0.12996480 1.00000000

-0.29099700 0.71142080 0.63968820 0.00000000
-0.95353070 -0.27024490 -0.13321620 0.00000000
0.07809973 -0.64872790 0.75700250 0.00000000
-0.52131510 1.50875400 0.01454070 1.00000000

0.29412930 -0.78411450 -0.54649110 0.00000000
-0.13028680 -0.59934020 0.78982080 0.00000000
-0.94684400 -0.16110880 -0.27844330 0.00000000
-0.49274240 1.57397700 0.02928443 1.00000000

-0.11392090 -0.71768620 0.68698510 0.00000000
-0.36193720 0.67394750 0.64404700 0.00000000
-0.92521550 -0.17527510 -0.33653380 0.00000000
-0.48650890 1.60265100 -0.00850358 1.00000000

0.22015420 -0.78342260 0.58118950 0.00000000
-0.32865070 0.50140240 0.80036520 0.00000000
-0.91843390 -0.36721190 -0.14708660 0.00000000
-0.53016830 1.56591900 0.02412322 1.00000000

-0.23254850 0.19738480 0.95234480 0.00000000
-0.32502020 0.90712260 -0.26737690 0.00000000
-0.91666960 -0.37170940 -0.14679590 0.00000000
-0.51355650 1.54021400 -0.01517651 1.00000000

0.23487920 -0.85796760 0.45686280 0.00000000
-0.35106160 0.36341030 0.86295350 0.00000000
-0.90641470 -0.36307680 -0.21584190 0.00000000
-0.56549500 1.55213300 0.01616609 1.00000000

-0.21535550 0.01698956 0.97638800 0.00000000
-0.46464610 0.87763200 -0.11775510 0.00000000
-0.85890980 -0.47903400 -0.18110890 0.00000000
-0.54901510 1.53507400 -0.02434352 1.00000000

0.20538320 -0.79947320 0.56450010 0.00000000
-0.49518570 0.41262610 0.76454620 0.00000000
-0.84416170 -0.43655730 -0.31114120 0.00000000
-0.59707530 1.53827000 0.00947135 1.00000000

-0.09434882 -0.14103920 0.98549800 0.00000000
-0.65609290 0.75333730 0.04500121 0.00000000
-0.74875930 -0.64233240 -0.16361110 0.00000000
-0.57579830 1.52006700 -0.02263308 1.00000000

-0.64813550 0.13807730 -0.74890260 0.00000000
-0.53335390 0.61963650 0.57583350 0.00000000
0.54355700 0.77264810 -0.32796450 0.00000000
-0.46843200 1.50717900 0.08262059 1.00000000

-0.28379510 0.80180410 0.52589960 0.00000000
0.28174380 -0.45451440 0.84500710 0.00000000
0.91655920 0.38797790 -0.09691429 0.00000000
-0.43775160 1.47570900 0.05149315 1.00000000

0.17550170 -0.72958120 -0.66099190 0.00000000
0.38350820 -0.56770740 0.72844340 0.00000000
-0.90670870 -0.38133890 0.18016690 0.00000000
-0.48990030 1.38933000 0.21024910 1.00000000

0.73210470 -0.59765450 -0.32685140 0.00000000
0.51637980 0.79985210 -0.30592220 0.00000000
0.44426860 0.05518766 0.89419220 0.00000000
-0.16582300 1.46390900 0.12981070 1.00000000

0.44196240 -0.88689970 -0.13445660 0.00000000
0.75581820 0.44890720 -0.47667700 0.00000000
0.48312320 0.10904860 0.86873510 0.00000000
-0.22659830 1.44081800 0.17186810 1.00000000

0.42064890 -0.89039740 -0.17391640 0.00000000
0.75574500 0.44996890 -0.47579170 0.00000000
0.50190060 0.06870475 0.86219220 0.00000000
-0.31728770 1.38682200 0.22896300 1.00000000

0.77195780 0.00070392 -0.63567330 0.00000000
0.08907329 0.99001360 0.10926630 0.00000000
0.62940220 -0.14097050 0.76418600 0.00000000
-0.04323886 1.00113300 -0.13972370 1.00000000

0.77096060 -0.01043870 -0.63679740 0.00000000
0.09347672 0.99089210 0.09692758 0.00000000
0.62998570 -0.13425310 0.76491450 0.00000000
-0.15853740 1.01079900 -0.05531527 1.00000000

0.77671390 -0.00824630 -0.62979950 0.00000000
-0.08365928 -0.99240560 -0.09018053 0.00000000
-0.62427290 0.12273310 -0.77150510 0.00000000
-0.10309580 1.00642300 0.13926640 1.00000000

1.00000000 0.00000000 0.00000000 0.00000000
0.00000000 1.00000000 0.00000000 0.00000000
0.00000000 0.00000000 1.00000000 0.00000000
0.00000000 0.00000000 0.00000000 1.00000000

1.00000000 0.00000000 0.00000000 0.00000000
0.00000000 1.00000000 0.00000000 0.00000000
0.00000000 0.00000000 1.00000000 0.00000000
0.00000000 0.00000000 0.00000000 1.00000000

0.98863640 0.14725980 0.03020814 0.00000000
-0.13039610 0.94005840 -0.31509810 0.00000000
-0.07479873 0.30757840 0.94857810 0.00000000
-0.04948043 1.57328300 -0.09396946 1.00000000

0.76470710 -0.02608231 -0.64385000 0.00000000
-0.01045883 0.99854650 -0.05287310 0.00000000
0.64429320 0.04716636 0.76332280 0.00000000
0.01390231 0.87651260 0.03977367 1.00000000

0.97386230 0.17809270 0.14097930 0.00000000
0.22099200 -0.88633020 -0.40691700 0.00000000
0.05248511 0.42743650 -0.90252070 0.00000000
0.11210360 0.84177180 -0.04801530 1.00000000

0.97386230 0.17809270 0.14097930 0.00000000
0.16749620 -0.98230000 0.08385747 0.00000000
0.15341820 -0.05805214 -0.98645470 0.00000000
0.20050040 0.48723970 -0.21078210 1.00000000

0.99762000 0.05874589 0.03610185 0.00000000
0.05885114 -0.99826510 -0.00185709 0.00000000
0.03592992 0.00397729 -0.99934650 0.00000000
0.26052030 0.13710840 -0.18308530 1.00000000

0.99739760 0.06466606 0.03188348 0.00000000
0.06346714 -0.99728750 0.03728416 0.00000000
0.03420788 -0.03516360 -0.99879600 0.00000000
0.27157510 0.03364396 -0.32020850 1.00000000

0.58187980 -0.23766860 -0.77777210 0.00000000
0.25536180 0.96137270 -0.10272710 0.00000000
0.77214400 -0.13883850 0.62009490 0.00000000
-0.09058074 0.84868440 0.12263600 1.00000000

0.58187900 -0.23766860 -0.77777270 0.00000000
-0.16977530 0.89977780 -0.40196540 0.00000000
0.79535720 0.36594190 0.48321160 0.00000000
-0.19272580 0.46413620 0.16372730 1.00000000

0.31517620 -0.07393928 -0.94614840 0.00000000
-0.00315877 0.99687310 -0.07895549 0.00000000
0.94902790 0.02787359 0.31395720 0.00000000
-0.13399260 0.14272700 0.30588220 1.00000000

0.31654820 -0.09561232 -0.94374540 0.00000000
-0.13100830 0.98096610 -0.14332550 0.00000000
0.93948600 0.16900800 0.29799710 0.00000000
-0.26369840 0.03504330 0.27108990 1.00000000

0.77387540 -0.02782732 -0.63272620 0.00000000
0.00385759 0.99922290 -0.03922771 0.00000000
0.63332610 0.02791656 0.77338140 0.00000000
0.01247567 1.01272000 0.03256148 1.00000000

0.79911730 -0.05199571 -0.59892240 0.00000000
-0.03631786 0.99025770 -0.13442710 0.00000000
0.60007720 0.12917460 0.78944370 0.00000000
0.01314121 1.18511500 0.02579356 1.00000000

0.82569410 -0.06484462 -0.56037860 0.00000000
-0.18801640 0.90494030 -0.38174990 0.00000000
0.53186360 0.42056910 0.73501210 0.00000000
0.00632757 1.37089900 0.00057347 1.00000000

-0.04500437 0.81830230 -0.57302390 0.00000000
0.87986350 -0.23917420 -0.41065340 0.00000000
-0.47309100 -0.52266410 -0.70923010 0.00000000
0.05481503 1.46540000 -0.05186523 1.00000000

0.49909670 0.13209280 -0.85641940 0.00000000
0.44411460 -0.88763760 0.12190930 0.00000000
-0.74408670 -0.44119280 -0.50168140 0.00000000
0.25181590 1.41184800 -0.14381040 1.00000000

0.49909750 0.13209130 -0.85641910 0.00000000
-0.07888035 -0.97728510 -0.19670280 0.00000000
-0.86294840 0.16572860 -0.47734110 0.00000000
0.37685160 1.16194400 -0.10948870 1.00000000

0.54648620 0.03306489 -0.83681510 0.00000000
-0.36507510 -0.88987460 -0.27357570 0.00000000
-0.75370650 0.45500570 -0.47423290 0.00000000
0.35785680 0.92555970 -0.15722020 1.00000000

-0.47478920 0.12196260 0.87160810 0.00000000
-0.75370650 0.45500570 -0.47423290 0.00000000
-0.45442510 -0.88209720 -0.12410790 0.00000000
0.30863620 0.85132050 -0.15495960 1.00000000

-0.51480450 -0.84871490 -0.12107680 0.00000000
-0.44613190 0.14461290 0.88320650 0.00000000
-0.73208120 0.50869490 -0.45308610 0.00000000
0.25749590 0.81559890 -0.22377500 1.00000000

-0.34823720 0.27255260 0.89690940 0.00000000
0.58585840 0.81019710 -0.01873469 0.00000000
-0.73177950 0.51893780 -0.44181790 0.00000000
0.23615130 0.82251770 -0.18151920 1.00000000

-0.44787450 -0.88356750 -0.13681090 0.00000000
-0.48249970 0.11002720 0.86895820 0.00000000
-0.75273040 0.45519540 -0.47559930 0.00000000
0.28684020 0.79654470 -0.20740080 1.00000000

-0.38880180 0.28164630 0.87721660 0.00000000
0.53189810 0.84604790 -0.03588961 0.00000000
-0.75227520 0.45263590 -0.47875170 0.00000000
0.26321000 0.80288400 -0.16401200 1.00000000

-0.46961700 -0.88094400 -0.05829367 0.00000000
-0.45364470 0.18413210 0.87195310 0.00000000
-0.75740800 0.43592850 -0.48610670 0.00000000
0.31354110 0.77940130 -0.18516330 1.00000000

-0.39846840 0.29219190 0.86939470 0.00000000
0.51887570 0.85344360 -0.04901534 0.00000000
-0.75630120 0.43157670 -0.49168150 0.00000000
0.29224590 0.78804490 -0.14423150 1.00000000

-0.48440110 -0.87186280 -0.07218902 0.00000000
-0.43191970 0.16657970 0.88639530 0.00000000
-0.76078990 0.46055070 -0.45726600 0.00000000
0.33780180 0.76512040 -0.16414390 1.00000000

-0.32668760 0.37580110 0.86720770 0.00000000
0.59109750 0.79719970 -0.12278970 0.00000000
-0.73748180 0.47249040 -0.48256990 0.00000000
0.31977290 0.77292450 -0.12634450 1.00000000

-0.51365240 0.45571310 -0.72697130 0.00000000
-0.75430620 -0.64362420 0.12950050 0.00000000
-0.40888110 0.61487720 0.67434610 0.00000000
0.26534730 0.89675340 -0.19237560 1.00000000

-0.93135560 -0.18505340 -0.31357970 0.00000000
-0.01072825 -0.84689910 0.53164570 0.00000000
-0.36395310 0.49851550 0.78677870 0.00000000
0.21954330 0.85922120 -0.18592590 1.00000000

0.53943220 0.12408900 -0.83283560 0.00000000
-0.07888035 -0.97728510 -0.19670280 0.00000000
-0.83832630 0.17180230 -0.51739070 0.00000000
0.36655100 1.03327500 -0.13553990 1.00000000

0.59342620 -0.30220100 -0.74600290 0.00000000
0.14579520 -0.87114970 0.46887330 0.00000000
-0.79157410 -0.38700540 -0.47290350 0.00000000
0.26077580 1.41154700 -0.15287700 1.00000000

0.44697590 0.10157320 -0.88876060 0.00000000
0.44411460 -0.88763760 0.12190930 0.00000000
-0.77651460 -0.44920220 -0.44186290 0.00000000
0.25181590 1.41184800 -0.14381040 1.00000000

0.48417540 0.12168820 -0.86646760 0.00000000
0.44341240 -0.88782620 0.12308760 0.00000000
-0.75429430 -0.44379840 -0.48382170 0.00000000
0.30502540 1.30530900 -0.12903990 1.00000000

0.97328500 0.20414310 -0.10508110 0.00000000
-0.22910260 0.83336680 -0.50300280 0.00000000
-0.01511359 0.51363930 0.85787300 0.00000000
-0.02187487 1.50664000 -0.05668901 1.00000000

0.99054190 0.13629100 0.01586527 0.00000000
-0.12596590 0.94910440 -0.28867520 0.00000000
-0.05440167 0.28394640 0.95729570 0.00000000
-0.04341060 1.58497600 -0.10397150 1.00000000

0.99054190 0.13629100 0.01586527 0.00000000
-0.11134080 0.86596290 -0.48755660 0.00000000
-0.08018827 0.48117870 0.87294710 0.00000000
-0.04834555 1.63606500 -0.23473410 1.00000000

0.99054190 0.13629100 0.01586527 0.00000000
0.09923968 -0.79146410 0.60310560 0.00000000
0.09475464 -0.59582690 -0.79750380 0.00000000
0.01512741 1.62814500 -0.20602800 1.00000000

0.99054190 0.13629100 0.01586527 0.00000000
-0.10205710 0.80910390 -0.57873590 0.00000000
-0.09171313 0.57164300 0.81536070 0.00000000
-0.10795290 1.60925800 -0.20646660 1.00000000

0.99052640 0.13638340 0.01603371 0.00000000
0.11152600 -0.86707380 0.48553630 0.00000000
0.08012167 -0.47914830 -0.87406970 0.00000000
-0.01151994 1.65318400 -0.19628130 1.00000000

0.99055010 0.13624160 0.01577562 0.00000000
-0.11134000 0.86595760 -0.48756660 0.00000000
-0.08008793 0.48120270 0.87294320 0.00000000
-0.08961552 1.64243900 -0.19753230 1.00000000

0.95888280 0.26589610 -0.09921253 0.00000000
0.27990280 -0.82828580 0.48538360 0.00000000
0.04688543 -0.49319580 -0.86865390 0.00000000
-0.02949902 1.64225600 -0.23645370 1.00000000

0.96886190 0.24693290 -0.01818460 0.00000000
-0.22422850 0.84388420 -0.48742300 0.00000000
-0.10501510 0.47632310 0.87297660 0.00000000
-0.06463967 1.63814100 -0.23835900 1.00000000

0.97264750 0.15711950 0.17108580 0.00000000
0.10218370 -0.95085140 0.29230200 0.00000000
0.20860360 -0.26682470 -0.94089820 0.00000000
0.02412507 1.66911600 -0.19489200 1.00000000

0.98923920 0.12163410 -0.08130711 0.00000000
-0.14321630 0.91866570 -0.36816100 0.00000000
0.02991304 0.37584380 0.92620020 0.00000000
-0.12844460 1.64942200 -0.19884030 1.00000000

0.96999010 0.24256180 -0.01682410 0.00000000
0.21922190 -0.84252850 0.49202390 0.00000000
0.10517150 -0.48094650 -0.87041900 0.00000000
-0.01158334 1.65369100 -0.19667520 1.00000000

0.99843000 0.02827777 0.04835162 0.00000000
-0.00133866 0.87501300 -0.48409760 0.00000000
-0.05599752 0.48327290 0.87367710 0.00000000
-0.08961683 1.64245000 -0.19754030 1.00000000

0.98810240 0.15361980 0.00740555 0.00000000
-0.13265950 0.87566660 -0.46433800 0.00000000
-0.07781640 0.45783090 0.88562720 0.00000000
-0.04856322 1.62569400 -0.13205370 1.00000000

0.94555580 0.31707700 -0.07339373 0.00000000
0.31812550 -0.85283260 0.41409280 0.00000000
0.06870687 -0.41489620 -0.90727090 0.00000000
-0.02159160 1.55255300 -0.22293640 1.00000000

0.98873670 0.14935340 0.00966671 0.00000000
-0.12881530 0.88209910 -0.45310890 0.00000000
-0.07620052 0.44676020 0.89140270 0.00000000
-0.03651842 1.55156300 -0.22608200 1.00000000

0.99585560 -0.01994806 0.08873522 0.00000000
0.05484128 0.91003300 -0.41089230 0.00000000
-0.07255545 0.41405580 0.90735530 0.00000000
-0.05417056 1.54923900 -0.22139820 1.00000000

0.98461170 0.17470740 0.00414136 0.00000000
0.14798050 -0.84612260 0.51203360 0.00000000
0.09296018 -0.50354150 -0.85895550 0.00000000
-0.01593933 1.56637100 -0.20918530 1.00000000

0.99184510 0.12602640 0.01899186 0.00000000
-0.09867039 0.85362520 -0.51145680 0.00000000
-0.08066905 0.50541200 0.85909890 0.00000000
-0.06640369 1.55953300 -0.20702470 1.00000000

0.97804580 0.20838900 0.00066048 0.00000000
0.17383850 -0.81762700 0.54887770 0.00000000
0.11492010 -0.53671260 -0.83590260 0.00000000
-0.02501173 1.57642000 -0.22312180 1.00000000

0.98950580 0.14385490 0.01357076 0.00000000
-0.11307100 0.82937330 -0.54713340 0.00000000
-0.08996305 0.53985720 0.83693540 0.00000000
-0.03965172 1.57298200 -0.22757610 1.00000000

0.99591990 0.08745113 0.02226630 0.00000000
-0.06009635 0.82679740 -0.55928030 0.00000000
-0.06731951 0.55566040 0.82867940 0.00000000
-0.05795869 1.57287800 -0.22228720 1.00000000

0.99049010 0.13667980 0.01574692 0.00000000
0.10024930 -0.79535790 0.59779240 0.00000000
0.09423071 -0.59052890 -0.80149630 0.00000000
-0.02781109 1.60671500 -0.22379240 1.00000000

0.99049010 0.13667980 0.01574692 0.00000000
-0.10024930 0.79535800 -0.59779230 0.00000000
-0.09423065 0.59052880 0.80149640 0.00000000
-0.04308122 1.59910700 -0.24591550 1.00000000

0.99049010 0.13667980 0.01574692 0.00000000
-0.10024930 0.79535800 -0.59779230 0.00000000
-0.09423065 0.59052880 0.80149640 0.00000000
-0.06050986 1.60159500 -0.22413230 1.00000000

0.99054190 0.13629100 0.01586527 0.00000000
0.03395095 -0.35548230 0.93406630 0.00000000
0.13294470 -0.92469290 -0.35674730 0.00000000
-0.05700905 1.67509100 -0.02908544 1.00000000

0.99054190 0.13629100 0.01586527 0.00000000
-0.12366470 0.93685540 -0.32712190 0.00000000
-0.05944729 0.32206600 0.94484890 0.00000000
-0.06149136 1.72310000 -0.16167240 1.00000000

0.42523030 -0.84330880 0.32864880 0.00000000
0.74935600 0.12439430 -0.65037830 0.00000000
0.50758760 0.52283530 0.68483440 0.00000000
-0.04970682 1.47360700 0.01907199 1.00000000

0.04548699 -0.78229220 -0.62124870 0.00000000
0.76223710 0.42915030 -0.48458710 0.00000000
0.64569780 -0.45149650 0.61581290 0.00000000
-0.21748760 1.44575500 0.16469180 1.00000000

0.04548758 -0.78227670 -0.62126800 0.00000000
0.36163030 -0.56683670 0.74021640 0.00000000
-0.93121150 -0.25833990 0.25711110 0.00000000
-0.43208220 1.32493600 0.30112140 1.00000000

0.27075920 -0.66824000 -0.69292500 0.00000000
0.07578391 -0.70278140 0.70735810 0.00000000
-0.95965960 -0.24403610 -0.13964260 0.00000000
-0.51957070 1.46219200 0.12216560 1.00000000

-0.27648200 0.72879290 0.62643340 0.00000000
-0.95965960 -0.24403610 -0.13964260 0.00000000
0.05110189 -0.63977150 0.76686470 0.00000000
-0.50585210 1.51703300 0.00607520 1.00000000

0.27650530 -0.80019720 -0.53219310 0.00000000
-0.15606530 -0.58382210 0.79674080 0.00000000
-0.94825570 -0.13724610 -0.28631280 0.00000000
-0.47552190 1.58159500 0.02020489 1.00000000

-0.14213510 -0.70406630 0.69576490 0.00000000
-0.34853790 0.69348390 0.63055660 0.00000000
-0.92645530 -0.15287600 -0.34396210 0.00000000
-0.46805500 1.60952700 -0.01791417 1.00000000

0.19093110 -0.78109510 0.59450520 0.00000000
-0.32197280 0.52230540 0.78963970 0.00000000
-0.92729660 -0.34218110 -0.15176680 0.00000000
-0.51311370 1.57456500 0.01475545 1.00000000

-0.23645590 0.21781870 0.94691290 0.00000000
-0.29534070 0.91232570 -0.28361280 0.00000000
-0.92566880 -0.34672380 -0.15139390 0.00000000
-0.49686210 1.54782000 -0.02399720 1.00000000

0.20473520 -0.85782260 0.47140670 0.00000000
-0.34909010 0.38594610 0.85392150 0.00000000
-0.91445060 -0.33939110 -0.22044040 0.00000000
-0.54874750 1.56170800 0.00661390 1.00000000

-0.22484110 0.03736155 0.97367910 0.00000000
-0.43731480 0.88910290 -0.13510060 0.00000000
-0.87074830 -0.45618020 -0.18356790 0.00000000
-0.53236020 1.54359200 -0.03347167 1.00000000

0.17586640 -0.79694380 0.57788570 0.00000000
-0.49067500 0.43794810 0.75328610 0.00000000
-0.85341040 -0.41603160 -0.31401980 0.00000000
-0.58065210 1.54868300 -0.00022409 1.00000000

-0.10864880 -0.12400260 0.98631580 0.00000000
-0.63401650 0.77283700 0.02732256 0.00000000
-0.76564910 -0.62237180 -0.16258740 0.00000000
-0.55959050 1.52940400 -0.03183810 1.00000000

-0.63600550 0.14623880 -0.75770140 0.00000000
-0.52076790 0.64325030 0.56127550 0.00000000
0.56947180 0.75156070 -0.33295430 0.00000000
-0.45374480 1.51488800 0.07473538 1.00000000

-0.26544170 0.81727780 0.51146670 0.00000000
0.25946570 -0.45037060 0.85430930 0.00000000
0.92855720 0.35947710 -0.09250861 0.00000000
-0.42368590 1.48208600 0.04438626 1.00000000

0.16147690 -0.74387000 -0.64852360 0.00000000
0.36163030 -0.56683670 0.74021640 0.00000000
-0.91823150 -0.35405340 0.17747510 0.00000000
-0.47971330 1.39971600 0.20374750 1.00000000

0.72138830 -0.61454640 -0.31926790 0.00000000
0.52902220 0.78652300 -0.31861790 0.00000000
0.44691690 0.06094715 0.89249690 0.00000000
-0.15640440 1.46799600 0.12104990 1.00000000

0.42685250 -0.89603940 -0.12210960 0.00000000
0.76223710 0.42915030 -0.48458710 0.00000000
0.48661240 0.11377070 0.86617820 0.00000000
-0.21748760 1.44575500 0.16469180 1.00000000

0.40539410 -0.89976410 -0.16149430 0.00000000
0.76218300 0.43022630 -0.48371770 0.00000000
0.50471080 0.07300798 0.86019580 0.00000000
-0.30894950 1.39412700 0.22273800 1.00000000

0.76593090 -0.01370186 -0.64277690 0.00000000
0.09829054 0.99051570 0.09600818 0.00000000
0.63536520 -0.13671450 0.76001330 0.00000000
-0.04055019 0.99905990 -0.14185540 1.00000000

0.76462500 -0.02688049 -0.64391460 0.00000000
0.10354540 0.99127390 0.08157523 0.00000000
0.63610300 -0.12904890 0.76073610 0.00000000
-0.15493790 1.01098900 -0.05650259 1.00000000

0.77048980 -0.02439335 -0.63698550 0.00000000
-0.09329213 -0.99282320 -0.07482484 0.00000000
-0.63058880 0.11707750 -0.76723580 0.00000000
-0.09765229 1.00890700 0.13765650 1.00000000

1.00000000 0.00000000 0.00000000 0.00000000
0.00000000 1.00000000 0.00000000 0.00000000
0.00000000 0.00000000 1.00000000 0.00000000
0.00000000 0.00000000 0.00000000 1.00000000

1.00000000 0.00000000 0.00000000 0.00000000
0.00000000 1.00000000 0.00000000 0.00000000
0.00000000 0.00000000 1.00000000 0.00000000
0.00000000 0.00000000 0.00000000 1.00000000

0.99054190 0.13629100 0.01586527 0.00000000
-0.12366480 0.93685550 -0.32712210 0.00000000
-0.05944726 0.32206620 0.94484900 0.00000000
-0.04159653 1.57186800 -0.10463760 1.00000000

0.75799360 -0.04036118 -0.65101200 0.00000000
-0.00366733 0.99780420 -0.06613144 0.00000000
0.65225170 0.05251469 0.75618120 0.00000000
0.01675954 0.87666250 0.03933193 1.00000000

0.97403170 0.17584530 0.14262030 0.00000000
0.22013880 -0.88278200 -0.41501180 0.00000000
0.05292484 0.43563090 -0.89856800 0.00000000
0.11381730 0.84002360 -0.04895575 1.00000000

0.97403170 0.17584530 0.14262030 0.00000000
0.16269320 -0.98167280 0.09924396 0.00000000
0.15745810 -0.07346345 -0.98478940 0.00000000
0.20187280 0.48691080 -0.21496040 1.00000000

0.99766810 0.05820088 0.03565070 0.00000000
0.05830185 -0.99829740 -0.00179965 0.00000000
0.03548533 0.00387394 -0.99936270 0.00000000
0.26019030 0.13696900 -0.18177760 1.00000000

0.99744700 0.06412081 0.03143200 0.00000000
0.06293590 -0.99731880 0.03733946 0.00000000
0.03374201 -0.03526596 -0.99880810 0.00000000
0.27112690 0.03348696 -0.31889700 1.00000000

0.58537030 -0.23856470 -0.77487320 0.00000000
0.25086980 0.96212270 -0.10669730 0.00000000
0.77097740 -0.13193480 0.62304680 0.00000000
-0.08708768 0.85072080 0.12359380 1.00000000

0.58536960 -0.23856480 -0.77487370 0.00000000
-0.15534350 0.90502110 -0.39598650 0.00000000
0.79574560 0.35217000 0.49271230 0.00000000
-0.18743590 0.46587260 0.16627330 1.00000000

0.31528050 -0.07359356 -0.94614060 0.00000000
-0.00353642 0.99689050 -0.07871950 0.00000000
0.94899190 0.02816467 0.31404000 0.00000000
-0.13384580 0.14262560 0.30627670 1.00000000

0.31666060 -0.09526662 -0.94374270 0.00000000
-0.13137470 0.98094960 -0.14310360 0.00000000
0.93939700 0.16929910 0.29811260 0.00000000
-0.26350730 0.03490025 0.27144860 1.00000000

0.76702710 -0.04146355 -0.64027350 0.00000000
0.00805494 0.99845330 -0.05500940 0.00000000
0.64156410 0.03703634 0.76617480 0.00000000
0.01625930 1.01276900 0.03031124 1.00000000

0.79208830 -0.06582265 -0.60684710 0.00000000
-0.03212590 0.98829560 -0.14912950 0.00000000
0.60956050 0.13761920 0.78070290 0.00000000
0.01764901 1.18503100 0.02082051 1.00000000

0.81865290 -0.07899360 -0.56883000 0.00000000
-0.18614220 0.90052320 -0.39294930 0.00000000
0.54328510 0.42757230 0.72251180 0.00000000
0.01162183 1.37044700 -0.00715793 1.00000000

-0.04625075 0.81167260 -0.58227880 0.00000000
0.87347980 -0.24995040 -0.41780140 0.00000000
-0.48465870 -0.52793230 -0.69741920 0.00000000
0.06015259 1.46381500 -0.06154875 1.00000000

0.48991620 0.12211350 -0.86317480 0.00000000
0.43377180 -0.89301470 0.11986290 0.00000000
-0.75619080 -0.43314360 -0.49047160 0.00000000
0.25572410 1.40785100 -0.15509430 1.00000000

0.48991690 0.12211210 -0.86317460 0.00000000
-0.10414830 -0.97485140 -0.19702300 0.00000000
-0.86552580 0.18642310 -0.46487840 0.00000000
0.37784800 1.15643300 -0.12134890 1.00000000

0.54155220 0.01939394 -0.84044340 0.00000000
-0.39061700 -0.87945320 -0.27199410 0.00000000
-0.74440560 0.47559060 -0.46869420 0.00000000
0.35273920 0.92063530 -0.16915890 1.00000000

-0.46549490 0.13361610 0.87490650 0.00000000
-0.74440560 0.47559050 -0.46869420 0.00000000
-0.47872220 -0.86946000 -0.12192030 0.00000000
0.30156300 0.84773890 -0.16664060 1.00000000

-0.53816370 -0.83447570 -0.11844960 0.00000000
-0.43616390 0.15547700 0.88633430 0.00000000
-0.72120800 0.52865620 -0.44764010 0.00000000
0.24902350 0.81348100 -0.23514540 1.00000000

-0.33478610 0.28073190 0.89950440 0.00000000
0.60722060 0.79423220 -0.02187553 0.00000000
-0.72055640 0.53887410 -0.43636410 0.00000000
0.22815590 0.82091960 -0.19274000 1.00000000

-0.47229870 -0.87109040 -0.13466870 0.00000000
-0.47354010 0.12189470 0.87229680 0.00000000
-0.74343400 0.47575560 -0.47006690 0.00000000
0.27795590 0.79362810 -0.21898820 1.00000000

-0.37522350 0.29093210 0.88009450 0.00000000
0.55412670 0.83153580 -0.03863096 0.00000000
-0.74306880 0.47318840 -0.47322490 0.00000000
0.25479560 0.80054730 -0.17543490 1.00000000

-0.49343600 -0.86797760 -0.05600406 0.00000000
-0.44269010 0.19519640 0.87517090 0.00000000
-0.74869670 0.45663330 -0.48056180 0.00000000
0.30433630 0.77574960 -0.19694800 1.00000000

-0.38465630 0.30174220 0.87234830 0.00000000
0.54121950 0.83929330 -0.05166139 0.00000000
-0.74774420 0.45226010 -0.48614810 0.00000000
0.28355540 0.78491260 -0.15586520 1.00000000

-0.50806430 -0.85848710 -0.06979054 0.00000000
-0.42134710 0.17705140 0.88944910 0.00000000
-0.75122390 0.48130340 -0.45167460 0.00000000
0.32834590 0.76079910 -0.17610660 1.00000000

-0.31067690 0.38340080 0.86976090 0.00000000
0.61141160 0.78122120 -0.12597620 0.00000000
-0.72777470 0.49264380 -0.47712280 0.00000000
0.31078660 0.76903930 -0.13817910 1.00000000

-0.50611910 0.47016270 -0.72304270 0.00000000
-0.77039760 -0.62333630 0.13393860 0.00000000
-0.38772570 0.62481900 0.67769470 0.00000000
0.25925730 0.89435900 -0.20371910 1.00000000

-0.93806200 -0.15966740 -0.30748380 0.00000000
-0.02985418 -0.84693070 0.53086480 0.00000000
-0.34517930 0.50716380 0.78970670 0.00000000
0.21250830 0.85805990 -0.19699840 1.00000000

0.53332220 0.11246830 -0.83840250 0.00000000
-0.10414830 -0.97485140 -0.19702300 0.00000000
-0.83947650 0.19239500 -0.50819640 0.00000000
0.36421830 1.02808200 -0.14744330 1.00000000

0.57366120 -0.31642100 -0.75550710 0.00000000
0.14287740 -0.86957360 0.47268190 0.00000000
-0.80653530 -0.37910390 -0.45363110 0.00000000
0.26454470 1.40739400 -0.16422600 1.00000000

0.43011300 0.08833101 -0.89844350 0.00000000
0.43377180 -0.89301470 0.11986290 0.00000000
-0.79173550 -0.44127400 -0.42241260 0.00000000
0.25572410 1.40785100 -0.15509430 1.00000000

0.46846770 0.10831510 -0.87681590 0.00000000
0.43308220 -0.89318910 0.12105060 0.00000000
-0.77005080 -0.43644150 -0.46533950 0.00000000
0.30769400 1.30066800 -0.14056830 1.00000000

0.97317900 0.19426770 -0.12321860 0.00000000
-0.23003890 0.82692350 -0.51310790 0.00000000
0.00221196 0.52769080 0.84943370 0.00000000
-0.01629949 1.50552500 -0.06610033 1.00000000

0.99165760 0.12887830 0.00236267 0.00000000
-0.12230610 0.94655920 -0.29844080 0.00000000
-0.04069889 0.29566210 0.95442540 0.00000000
-0.03792322 1.58325600 -0.11433270 1.00000000

0.99165760 0.12887830 0.00236267 0.00000000
-0.11070970 0.86096060 -0.49647770 0.00000000
-0.06601939 0.49207430 0.86804630 0.00000000
-0.04405308 1.63282900 -0.24562660 1.00000000

0.99165760 0.12887830 0.00236267 0.00000000
0.10056530 -0.78500930 0.61126700 0.00000000
0.08063364 -0.60593000 -0.79142130 0.00000000
0.01970061 1.62476400 -0.21759110 1.00000000

0.99165760 0.12887830 0.00236267 0.00000000
-0.10295560 0.80295740 -0.58707730 0.00000000
-0.07755864 0.58193630 0.80952760 0.00000000
-0.10351450 1.60681700 -0.21632890 1.00000000

0.99164490 0.12897280 0.00253049 0.00000000
0.11086210 -0.86209680 0.49446870 0.00000000
0.06595448 -0.49005680 -0.86919200 0.00000000
-0.00663807 1.65012000 -0.20782490 1.00000000

0.99166440 0.12882770 0.00227359 0.00000000
-0.11070890 0.86095500 -0.49648770 0.00000000
-0.06591874 0.49209740 0.86804070 0.00000000
-0.08482166 1.63996000 -0.20801140 1.00000000

0.95958610 0.25735120 -0.11386420 0.00000000
0.27951150 -0.82460400 0.49183500 0.00000000
0.03268144 -0.50378420 -0.86321100 0.00000000
-0.02518275 1.63885500 -0.24764580 1.00000000

0.97040030 0.23927230 -0.03274164 0.00000000
-0.22375020 0.83975030 -0.49472740 0.00000000
-0.09087965 0.48740960 0.86843120 0.00000000
-0.06037376 1.63498800 -0.24908040 1.00000000

0.97579650 0.15167840 0.15752730 0.00000000
0.09855691 -0.94808080 0.30237310 0.00000000
0.19521200 -0.27952920 -0.94008300 0.00000000
0.02913980 1.66579400 -0.20705320 1.00000000

0.98907150 0.11308300 -0.09460539 0.00000000
-0.14074360 0.91531510 -0.37734540 0.00000000
0.04392242 0.38653660 0.92122770 0.00000000
-0.12361000 1.64722400 -0.20893690 1.00000000

0.97151180 0.23490910 -0.03134269 0.00000000
0.21880990 -0.83830210 0.49937160 0.00000000
0.09103245 -0.49200350 -0.86582080 0.00000000
-0.00670246 1.65062300 -0.20822400 1.00000000

0.99912540 0.02119972 0.03603777 0.00000000
-0.00060874 0.86920820 -0.49444580 0.00000000
-0.04180646 0.49399160 0.86846110 0.00000000
-0.08482295 1.63997000 -0.20801950 1.00000000

0.98924640 0.14612390 -0.00627321 0.00000000
-0.13167270 0.87110120 -0.47312240 0.00000000
-0.06366983 0.46886060 0.88097430 0.00000000
-0.04310848 1.62367700 -0.14283460 1.00000000

0.94695680 0.30893470 -0.08849981 0.00000000
0.31668480 -0.85028450 0.42038870 0.00000000
0.05462268 -0.42611650 -0.90301780 0.00000000
-0.01778707 1.54926100 -0.23315550 1.00000000

0.98987600 0.14187990 -0.00396895 0.00000000
-0.12764500 0.87763670 -0.46201780 0.00000000
-0.06206766 0.45784690 0.88686190 0.00000000
-0.03275787 1.54834800 -0.23610990 1.00000000

0.99667660 -0.02652372 0.07702136 0.00000000
0.05671287 0.90466060 -0.42234220 0.00000000
-0.05847618 0.42530660 0.90315820 0.00000000
-0.05036906 1.54621500 -0.23118740 1.00000000

0.98587520 0.16719750 -0.00974640 0.00000000
0.14779040 -0.84111330 0.52027540 0.00000000
0.07879078 -0.51436700 -0.85394310 0.00000000
-0.01186545 1.56319700 -0.21963890 1.00000000

0.99292140 0.11864160 0.00559560 0.00000000
-0.09842196 0.84824440 -0.52037940 0.00000000
-0.06648520 0.51614510 0.85391690 0.00000000
-0.06234998 1.55677200 -0.21679210 1.00000000

0.97952120 0.20088490 -0.01354977 0.00000000
0.17430490 -0.81238250 0.55646440 0.00000000
0.10077780 -0.54743050 -0.83076100 0.00000000
-0.02102970 1.57315000 -0.23358450 1.00000000

0.99065080 0.13642220 -0.00000918 0.00000000
-0.11343430 0.82368280 -0.55558910 0.00000000
-0.07578704 0.55039580 0.83145710 0.00000000
-0.03574789 1.56977100 -0.23782170 1.00000000

0.99674550 0.08007777 0.00928086 0.00000000
-0.06063111 0.82055780 -0.56833850 0.00000000
-0.05312678 0.56592620 0.82274250 0.00000000
-0.05398991 1.56987000 -0.23231280 1.00000000

