MeshAnim
1
34
83
30
0.74515000 -0.01128477 -0.66680150 0.00000000
-0.09460112 0.98795740 -0.12243660 0.00000000
0.66015320 0.15431380 0.73510890 0.00000000
0.00896705 0.87223190 -0.00310872 1.00000000

0.97567030 0.20197880 0.08527634 0.00000000
0.21917580 -0.88893370 -0.40219300 0.00000000
-0.00542951 0.41109830 -0.91157510 0.00000000
0.10710600 0.83920470 -0.09162579 1.00000000

0.97567030 0.20197880 0.08527634 0.00000000
0.18177490 -0.96269700 0.20043110 0.00000000
0.12257800 -0.18005360 -0.97598960 0.00000000
0.19477630 0.48363130 -0.25250300 1.00000000

0.99140620 0.12991620 0.01534781 0.00000000
0.13001070 -0.99149850 -0.00531897 0.00000000
0.01452622 0.00726859 -0.99986830 0.00000000
0.25981560 0.14021490 -0.18324670 1.00000000

0.99142890 0.12989890 0.01396477 0.00000000
0.12936050 -0.99100490 0.03428731 0.00000000
0.01829296 -0.03218698 -0.99931470 0.00000000
0.27535180 0.03790641 -0.32080210 1.00000000

0.47023520 -0.29244650 -0.83267870 0.00000000
0.19269510 0.95475920 -0.22650270 0.00000000
0.86124770 -0.05394355 0.50531440 0.00000000
-0.09039470 0.84219530 0.08510876 1.00000000

0.47023470 -0.29244660 -0.83267900 0.00000000
-0.10386710 0.91860560 -0.38128130 0.00000000
0.87640800 0.26577960 0.40158470 0.00000000
-0.16747300 0.46029250 0.17571030 1.00000000

0.31440730 -0.09074140 -0.94494130 0.00000000
0.01310789 0.99574090 -0.09125829 0.00000000
0.94919760 0.01630609 0.31425770 0.00000000
-0.13240290 0.13239630 0.31067580 1.00000000

0.31440730 -0.09074140 -0.94494130 0.00000000
0.04622640 0.99570350 -0.08023524 0.00000000
0.94816200 -0.01845469 0.31725120 0.00000000
-0.26382680 0.02641559 0.27712430 1.00000000

0.71430740 -0.02373815 -0.69942950 0.00000000
0.02733551 0.99960820 -0.00600906 0.00000000
0.69929810 -0.01482693 0.71467650 0.00000000
-0.00393690 1.00699500 -0.01980958 1.00000000

0.72328300 -0.06754135 -0.68724080 0.00000000
0.01996831 0.99683480 -0.07695243 0.00000000
0.69026310 0.04193535 0.72234240 0.00000000
0.00077927 1.17945600 -0.02084633 1.00000000

0.69231740 -0.21414850 -0.68908440 0.00000000
-0.23627560 0.83503030 -0.49688870 0.00000000
0.68181420 0.50681840 0.52750780 0.00000000
0.00452558 1.36647400 -0.03528350 1.00000000

0.06163079 0.94364630 -0.32516650 0.00000000
0.53705760 -0.30595590 -0.78610460 0.00000000
-0.84129120 -0.12618490 -0.52564870 0.00000000
0.04396512 1.44711200 -0.11257050 1.00000000

0.89566730 0.39975520 0.19487450 0.00000000
0.30254640 -0.22654410 -0.92582050 0.00000000
-0.32595390 0.88818560 -0.32385270 0.00000000
0.16421190 1.37860800 -0.28857890 1.00000000

0.89566730 0.39975520 0.19487450 0.00000000
-0.33976960 0.89782350 -0.28012470 0.00000000
-0.28694410 0.18468600 0.93997570 0.00000000
0.24939090 1.31482800 -0.54923300 1.00000000

0.80614150 0.53648040 0.24964970 0.00000000
-0.48301670 0.84031950 -0.24608560 0.00000000
-0.34180550 0.07779486 0.93654530 0.00000000
0.16735540 1.53208200 -0.61696170 1.00000000

-0.71001940 -0.67425010 -0.20312470 0.00000000
-0.34180560 0.07779483 0.93654540 0.00000000
-0.61566360 0.73439440 -0.28569820 0.00000000
0.10111170 1.58559200 -0.64318420 1.00000000

-0.47980850 0.87431080 -0.07324287 0.00000000
-0.81082460 -0.47375910 -0.34368040 0.00000000
-0.33518290 -0.10551360 0.93622610 0.00000000
0.07181291 1.66335200 -0.60168920 1.00000000

-0.49398200 -0.82114920 -0.28582520 0.00000000
0.80174690 -0.55738720 0.21568880 0.00000000
-0.33642800 -0.12261300 0.93369280 0.00000000
0.03302012 1.64068600 -0.61813210 1.00000000

-0.51908450 0.81518240 -0.25696140 0.00000000
-0.78401560 -0.57384620 -0.23668560 0.00000000
-0.34039820 0.07860196 0.93699030 0.00000000
0.08551224 1.66274900 -0.63780340 1.00000000

-0.40310970 -0.91282520 -0.06521551 0.00000000
0.85012600 -0.39989720 0.34259050 0.00000000
-0.33880460 0.08266014 0.93721870 0.00000000
0.04694907 1.63339600 -0.64931090 1.00000000

-0.66119820 0.59904510 -0.45162150 0.00000000
-0.61958450 -0.77546910 -0.12150190 0.00000000
-0.42300370 0.19948090 0.88389780 0.00000000
0.09524469 1.65681300 -0.67483560 1.00000000

-0.39148900 -0.91974070 0.02851741 0.00000000
0.81765160 -0.33348390 0.46929140 0.00000000
-0.42211630 0.20703980 0.88258280 0.00000000
0.06615983 1.62041000 -0.68053910 1.00000000

-0.78202880 0.40775190 -0.47134840 0.00000000
-0.49055350 -0.86920530 0.06196448 0.00000000
-0.38443240 0.27967960 0.87976770 0.00000000
0.10416800 1.64993700 -0.70811370 1.00000000

-0.04812325 -0.95022490 0.30782670 0.00000000
0.93497980 0.06557409 0.34858740 0.00000000
-0.35142180 0.30458690 0.88528510 0.00000000
0.08388968 1.61259700 -0.70507470 1.00000000

0.02468640 0.49862350 0.86646730 0.00000000
-0.89774900 0.39237540 -0.20022150 0.00000000
-0.43981550 -0.77292720 0.45732490 0.00000000
0.09116022 1.58393900 -0.57082210 1.00000000

-0.82509390 0.56349860 -0.04110390 0.00000000
-0.08654064 -0.19793740 -0.97638700 0.00000000
-0.55832870 -0.80205390 0.21208240 0.00000000
0.03774903 1.60816600 -0.58124080 1.00000000

0.88037590 0.40840190 0.24113540 0.00000000
-0.33976960 0.89782350 -0.28012470 0.00000000
-0.33090040 0.16468450 0.92918470 0.00000000
0.20480430 1.43312600 -0.58608700 1.00000000

0.57162810 0.68196900 -0.45624560 0.00000000
-0.00373840 -0.55387870 -0.83258910 0.00000000
-0.82050450 0.47763670 -0.31406310 0.00000000
0.11529140 1.44371400 -0.18830990 1.00000000

0.49242450 0.86881970 -0.05167817 0.00000000
0.30254640 -0.22654410 -0.92582050 0.00000000
-0.81607840 0.44026150 -0.37441410 0.00000000
0.16421190 1.37860800 -0.28857890 1.00000000

0.52769490 0.84865340 -0.03641170 0.00000000
0.30130150 -0.22708440 -0.92609420 0.00000000
-0.79420140 0.47772410 -0.37553170 0.00000000
0.20036810 1.35135800 -0.39971020 1.00000000

0.94060960 -0.07153332 -0.33186830 0.00000000
-0.13607380 0.81614940 -0.56159070 0.00000000
0.31102650 0.57339610 0.75794420 0.00000000
-0.03091596 1.49172900 -0.10981710 1.00000000

0.99277640 0.09234636 -0.07659712 0.00000000
-0.10245080 0.98474480 -0.14064720 0.00000000
0.06244028 0.14747860 0.98709250 0.00000000
-0.04370690 1.56844700 -0.16260660 1.00000000

0.99277640 0.09234636 -0.07659712 0.00000000
-0.11347120 0.93008350 -0.34938370 0.00000000
0.03897741 0.35555140 0.93384360 0.00000000
-0.05949915 1.63769700 -0.28380160 1.00000000

0.99277640 0.09234636 -0.07659712 0.00000000
0.11775720 -0.87227120 0.47463320 0.00000000
-0.02298278 -0.48022450 -0.87684490 0.00000000
0.00609788 1.62322200 -0.26372510 1.00000000

0.99277640 0.09234636 -0.07659712 0.00000000
-0.11700900 0.88638140 -0.44792520 0.00000000
0.02652997 0.45365200 0.89078400 0.00000000
-0.11720790 1.60960000 -0.25296490 1.00000000

0.99278090 0.09238642 -0.07649112 0.00000000
0.11338120 -0.93089970 0.34723280 0.00000000
-0.03912619 -0.35339870 -0.93465440 0.00000000
-0.01793855 1.64769000 -0.24773630 1.00000000

0.99277410 0.09232484 -0.07665345 0.00000000
-0.11347140 0.93008210 -0.34938740 0.00000000
0.03903693 0.35556070 0.93383790 0.00000000
-0.09621033 1.64040900 -0.24169740 1.00000000

0.95647970 0.23812020 -0.16865760 0.00000000
0.28270960 -0.89935260 0.33352770 0.00000000
-0.07226297 -0.36669350 -0.92753120 0.00000000
-0.04062184 1.64330000 -0.28675810 1.00000000

0.97384570 0.20748330 -0.09260190 0.00000000
-0.22677470 0.91280940 -0.33963560 0.00000000
0.01405925 0.35175230 0.93598750 0.00000000
-0.07594264 1.64092700 -0.28526390 1.00000000

0.99248520 0.09169082 0.08103210 0.00000000
0.07912116 -0.98602090 0.14663920 0.00000000
0.09334460 -0.13912590 -0.98586560 0.00000000
0.01848811 1.66180300 -0.24818360 1.00000000

0.98045250 0.09166438 -0.17409910 0.00000000
-0.12963100 0.96659560 -0.22110790 0.00000000
0.14801560 0.23935450 0.95958380 0.00000000
-0.13451130 1.64907800 -0.23768950 1.00000000

0.97486500 0.20292140 -0.09198487 0.00000000
0.22236300 -0.91191670 0.34490930 0.00000000
-0.01389298 -0.35669390 -0.93411790 0.00000000
-0.01801464 1.64824900 -0.24804780 1.00000000

0.99799570 -0.01940934 -0.06023014 0.00000000
-0.00338209 0.93407950 -0.35704920 0.00000000
0.06318989 0.35653730 0.93214180 0.00000000
-0.09621188 1.64042100 -0.24170370 1.00000000

0.99043220 0.11078320 -0.08228847 0.00000000
-0.13165660 0.93725830 -0.32282120 0.00000000
0.04136243 0.33056620 0.94287600 0.00000000
-0.04950232 1.61290700 -0.18412030 1.00000000

0.94881670 0.28562700 -0.13477410 0.00000000
0.31179840 -0.91508640 0.25573180 0.00000000
-0.05028608 -0.28466490 -0.95730730 0.00000000
-0.03635528 1.55234100 -0.28656830 1.00000000

0.99106150 0.10621730 -0.08071536 0.00000000
-0.12630080 0.94187440 -0.31132120 0.00000000
0.04295611 0.31873280 0.94687080 0.00000000
-0.05156194 1.55241200 -0.28813010 1.00000000

0.99699280 -0.07272372 -0.02676737 0.00000000
0.06204667 0.95606910 -0.28650040 0.00000000
0.04642692 0.28397800 0.95770620 0.00000000
-0.06872601 1.55016700 -0.28186200 1.00000000

0.98779990 0.13224460 -0.08223560 0.00000000
0.15353020 -0.91541360 0.37208400 0.00000000
-0.02607355 -0.38017010 -0.92454900 0.00000000
-0.02852691 1.56383100 -0.27178090 1.00000000

0.99382630 0.08169799 -0.07506478 0.00000000
-0.10409120 0.92075100 -0.37600880 0.00000000
0.03839689 0.38150110 0.92357060 0.00000000
-0.07878716 1.55881000 -0.26494180 1.00000000

0.98279440 0.16631820 -0.08033505 0.00000000
0.18466680 -0.89349660 0.40934370 0.00000000
-0.00369769 -0.41713580 -0.90883670 0.00000000
-0.03843881 1.57611200 -0.28311390 1.00000000

0.99192870 0.10019480 -0.07770839 0.00000000
-0.12349240 0.90240100 -0.41282230 0.00000000
0.02876145 0.41908660 0.90749060 0.00000000
-0.05363484 1.57393600 -0.28632980 1.00000000

0.99606390 0.04291451 -0.07755733 0.00000000
-0.07231450 0.89942290 -0.43105550 0.00000000
0.05125830 0.43496720 0.89898610 0.00000000
-0.07126167 1.57382800 -0.27909020 1.00000000

0.99273440 0.09274971 -0.07665464 0.00000000
0.11798400 -0.87541100 0.46875940 0.00000000
-0.02362698 -0.47439760 -0.87999370 0.00000000
-0.03959836 1.60628500 -0.27933020 1.00000000

0.99273440 0.09274971 -0.07665464 0.00000000
-0.11798400 0.87541100 -0.46875940 0.00000000
0.02362695 0.47439750 0.87999370 0.00000000
-0.05750963 1.60251300 -0.30043580 1.00000000

0.99273440 0.09274971 -0.07665464 0.00000000
-0.11798400 0.87541100 -0.46875940 0.00000000
0.02362695 0.47439750 0.87999370 0.00000000
-0.07238621 1.60259600 -0.27670530 1.00000000

0.99277640 0.09234636 -0.07659712 0.00000000
0.11204380 -0.48526900 0.86715640 0.00000000
0.04290852 -0.86947470 -0.49211060 0.00000000
-0.04430990 1.64752400 -0.07508601 1.00000000

0.99277640 0.09234636 -0.07659712 0.00000000
-0.10489020 0.97798100 -0.18041890 0.00000000
0.05824953 0.18714990 0.98060300 0.00000000
-0.06001629 1.71397000 -0.19854710 1.00000000

0.30302280 -0.95054110 0.06818442 0.00000000
0.93403110 0.28203710 -0.21918310 0.00000000
0.18911190 0.13010380 0.97329840 0.00000000
-0.04367289 1.47421900 -0.02534069 1.00000000

0.74371520 -0.55232190 -0.37660110 0.00000000
0.63404770 0.40429110 0.65919070 0.00000000
-0.21182910 -0.72903310 0.65087580 0.00000000
-0.25280240 1.41107100 0.02373429 1.00000000

0.74371520 -0.55232190 -0.37660110 0.00000000
-0.37080370 -0.80958150 0.45506290 0.00000000
-0.55623050 -0.19879210 -0.80690100 0.00000000
-0.43131010 1.29725100 -0.16184820 1.00000000

0.68976440 -0.54149790 -0.48063000 0.00000000
-0.36704320 -0.83371680 0.41254740 0.00000000
-0.62410300 -0.10814840 -0.77382120 0.00000000
-0.34173840 1.49318800 -0.27186590 1.00000000

-0.61554890 0.67804480 0.40169020 0.00000000
-0.62410310 -0.10814860 -0.77382120 0.00000000
-0.48124310 -0.72702080 0.48974040 0.00000000
-0.28817760 1.54605100 -0.31954430 1.00000000

-0.40518290 -0.87352210 0.26978910 0.00000000
-0.68642570 0.48558580 0.54131910 0.00000000
-0.60385980 0.03414303 -0.79635880 0.00000000
-0.24809670 1.62516400 -0.29194750 1.00000000

-0.56594960 0.71351210 0.41303980 0.00000000
0.57888820 0.70063640 -0.41712960 0.00000000
-0.58701770 0.00302965 -0.80956850 0.00000000
-0.21525590 1.60193200 -0.31784600 1.00000000

-0.29989480 -0.90037490 0.31525890 0.00000000
-0.75284870 0.42633700 0.50145360 0.00000000
-0.58590280 -0.08695894 -0.80570210 0.00000000
-0.27268570 1.62338700 -0.32168780 1.00000000

-0.48311610 0.85521490 0.18763320 0.00000000
0.67390200 0.50002320 -0.54390530 0.00000000
-0.55897680 -0.13632300 -0.81790030 0.00000000
-0.23545680 1.60129900 -0.34633060 1.00000000

-0.35728290 -0.70030030 0.61800350 0.00000000
-0.61988410 0.67273320 0.40394810 0.00000000
-0.69863640 -0.23876670 -0.67446090 0.00000000
-0.29374450 1.61626400 -0.35342320 1.00000000

-0.47053960 0.87807570 0.08703780 0.00000000
0.56665030 0.37631200 -0.73300550 0.00000000
-0.67638760 -0.29558800 -0.67463130 0.00000000
-0.26464500 1.58468500 -0.37238570 1.00000000

-0.41589170 -0.45264700 0.78876160 0.00000000
-0.50161100 0.83763930 0.21621120 0.00000000
-0.75856490 -0.30573090 -0.57541990 0.00000000
-0.31281630 1.60832200 -0.38183950 1.00000000

-0.25177190 0.92315240 -0.29051830 0.00000000
0.64554720 -0.06345337 -0.76107980 0.00000000
-0.72102690 -0.37916170 -0.57996250 0.00000000
-0.29176460 1.57229100 -0.39040310 1.00000000

-0.22536050 -0.51210710 -0.82882970 0.00000000
-0.86114300 -0.29318950 0.41529870 0.00000000
-0.45568180 0.80733290 -0.37492410 0.00000000
-0.25543660 1.54669500 -0.25423260 1.00000000

-0.67776680 -0.54954920 0.48849530 0.00000000
0.30969990 0.38919470 0.86753300 0.00000000
-0.66687210 0.73927210 -0.09358791 0.00000000
-0.20377120 1.56504000 -0.27752300 1.00000000

0.70913970 -0.56321630 -0.42415620 0.00000000
-0.37080370 -0.80958150 0.45506290 0.00000000
-0.59968790 -0.16542450 -0.78294910 0.00000000
-0.38260500 1.40395900 -0.22171170 1.00000000

0.75632490 -0.58219500 0.29836530 0.00000000
0.29290590 0.70917280 0.64131120 0.00000000
-0.58496080 -0.39764640 0.70689340 0.00000000
-0.20789680 1.44801500 0.01797528 1.00000000

0.53406950 -0.84542690 0.00481367 0.00000000
0.63404770 0.40429110 0.65919070 0.00000000
-0.55924380 -0.34900150 0.75196050 0.00000000
-0.25280240 1.41107100 0.02373429 1.00000000

0.56231060 -0.82629780 -0.03223044 0.00000000
0.63301440 0.40504470 0.65972100 0.00000000
-0.53207120 -0.39137040 0.75081930 0.00000000
-0.32876410 1.36246600 -0.05543220 1.00000000

0.74547310 0.02311155 -0.66613490 0.00000000
0.01262010 0.99873010 0.04877411 0.00000000
0.66641630 -0.04476644 0.74423470 0.00000000
-0.06071160 0.97644780 -0.19087440 1.00000000

0.74514820 -0.01136512 -0.66680210 0.00000000
0.02234044 0.99971900 0.00792589 0.00000000
0.66652460 -0.02080263 0.74519270 0.00000000
-0.17315760 0.98531780 -0.10261820 1.00000000

0.71460410 -0.01064571 -0.69944810 0.00000000
-0.01944447 -0.99980030 -0.00464867 0.00000000
-0.69925900 0.01692234 -0.71466830 0.00000000
-0.10812270 1.00133000 0.09114449 1.00000000

1.00000000 0.00000000 0.00000000 0.00000000
0.00000000 1.00000000 0.00000000 0.00000000
0.00000000 0.00000000 1.00000000 0.00000000
0.00000000 0.00000000 0.00000000 1.00000000

1.00000000 0.00000000 0.00000000 0.00000000
0.00000000 1.00000000 0.00000000 0.00000000
0.00000000 0.00000000 1.00000000 0.00000000
0.00000000 0.00000000 0.00000000 1.00000000

0.99277640 0.09234636 -0.07659712 0.00000000
-0.10489030 0.97798110 -0.18041910 0.00000000
0.05824959 0.18715010 0.98060300 0.00000000
-0.04270716 1.55550300 -0.16525250 1.00000000

0.74529550 -0.01094196 -0.66664460 0.00000000
-0.09558478 0.98778340 -0.12307490 0.00000000
0.65984710 0.15544820 0.73514460 0.00000000
0.00267312 0.87227560 -0.00214778 1.00000000

0.97564350 0.20320990 0.08261645 0.00000000
0.21918330 -0.88786450 -0.40454350 0.00000000
-0.00885508 0.41279830 -0.91077940 0.00000000
0.10086360 0.83929310 -0.09062442 1.00000000

0.97564350 0.20320990 0.08261645 0.00000000
0.18350030 -0.96241430 0.20021610 0.00000000
0.12019710 -0.18017940 -0.97626230 0.00000000
0.18853690 0.48414740 -0.25244180 1.00000000

0.99064030 0.13569830 0.01476505 0.00000000
0.13584280 -0.99068720 -0.00926004 0.00000000
0.01337105 0.01117902 -0.99984810 0.00000000
0.25418580 0.14083140 -0.18326280 1.00000000

0.99066150 0.13568650 0.01338193 0.00000000
0.13523380 -0.99034900 0.03034851 0.00000000
0.01737064 -0.02825546 -0.99944990 0.00000000
0.27017130 0.03914320 -0.32122600 1.00000000

0.46761790 -0.29186550 -0.83435490 0.00000000
0.19507370 0.95471640 -0.22463920 0.00000000
0.86213670 -0.05771533 0.50337780 0.00000000
-0.09667570 0.84219280 0.08606857 1.00000000

0.46761740 -0.29186560 -0.83435520 0.00000000
-0.10484130 0.91893790 -0.38021220 0.00000000
0.87769150 0.26526870 0.39911180 0.00000000
-0.17470540 0.46030720 0.17592470 1.00000000

0.31446530 -0.09064131 -0.94493160 0.00000000
0.01312633 0.99575080 -0.09114776 0.00000000
0.94917820 0.01625933 0.31431880 0.00000000
-0.13929110 0.13229360 0.31051480 1.00000000

0.31446530 -0.09064131 -0.94493160 0.00000000
0.04624416 0.99571170 -0.08012264 0.00000000
0.94814190 -0.01850176 0.31730840 0.00000000
-0.27071420 0.02631837 0.27694340 1.00000000

0.71491400 -0.02392034 -0.69880320 0.00000000
0.02553669 0.99964110 -0.00809274 0.00000000
0.69874600 -0.01205951 0.71526820 0.00000000
-0.01036501 1.00701500 -0.01893570 1.00000000

0.72479240 -0.06753688 -0.68564900 0.00000000
0.01837708 0.99672480 -0.07875183 0.00000000
0.68872210 0.04447852 0.72365970 0.00000000
-0.00595919 1.17948200 -0.02033194 1.00000000

0.69491270 -0.21369250 -0.68660900 0.00000000
-0.23642960 0.83384320 -0.49880500 0.00000000
0.67911510 0.50896060 0.52892500 0.00000000
-0.00251141 1.36647900 -0.03510670 1.00000000

0.06043759 0.94328980 -0.32642300 0.00000000
0.54139330 -0.30571810 -0.78321760 0.00000000
-0.83859430 -0.12938740 -0.52916740 0.00000000
0.03700471 1.44708900 -0.11238350 1.00000000

0.89402440 0.40210500 0.19756570 0.00000000
0.30579900 -0.22540860 -0.92502870 0.00000000
-0.32742560 0.88741360 -0.32448410 0.00000000
0.15822220 1.37863900 -0.28774550 1.00000000

0.89402440 0.40210500 0.19756570 0.00000000
-0.34173730 0.89721710 -0.27967380 0.00000000
-0.28971750 0.18251970 0.93954810 0.00000000
0.24431710 1.31517800 -0.54817680 1.00000000

0.80495450 0.53784800 0.25053530 0.00000000
-0.48504220 0.83969230 -0.24423660 0.00000000
-0.34173460 0.07507915 0.93679290 0.00000000
0.16180530 1.53228600 -0.61579610 1.00000000

-0.70849880 -0.67548820 -0.20431800 0.00000000
-0.34173460 0.07507915 0.93679290 0.00000000
-0.61745220 0.73353910 -0.28403100 0.00000000
0.09542984 1.58569400 -0.64189130 1.00000000

-0.48186700 0.87333710 -0.07132544 0.00000000
-0.80980930 -0.47494550 -0.34443610 0.00000000
-0.33468440 -0.10821240 0.93609650 0.00000000
0.06596079 1.66330100 -0.60022940 1.00000000

-0.49214140 -0.82171300 -0.28737610 0.00000000
0.80310320 -0.55595500 0.21433520 0.00000000
-0.33589020 -0.12530950 0.93352850 0.00000000
0.02721658 1.64057800 -0.61670850 1.00000000

-0.52105410 0.81449340 -0.25515430 0.00000000
-0.78273800 -0.57518860 -0.23765360 0.00000000
-0.34032910 0.07588864 0.93723930 0.00000000
0.07965168 1.66280400 -0.63634840 1.00000000

-0.40099610 -0.91362820 -0.06697862 0.00000000
0.85114880 -0.39861290 0.34154650 0.00000000
-0.33874500 0.07995005 0.93747560 0.00000000
0.04115406 1.63338400 -0.64790580 1.00000000

-0.66271550 0.59842400 -0.45021930 0.00000000
-0.61780600 -0.77666260 -0.12292640 0.00000000
-0.42323060 0.19668300 0.88441630 0.00000000
0.08938810 1.65696600 -0.67339520 1.00000000

-0.38933420 -0.92070850 0.02673692 0.00000000
0.81855370 -0.33253490 0.46839170 0.00000000
-0.42236130 0.20424660 0.88311650 0.00000000
0.06038681 1.62050800 -0.67916560 1.00000000

-0.78310480 0.40689000 -0.47030610 0.00000000
-0.48850740 -0.87047290 0.06031342 0.00000000
-0.38484760 0.27697980 0.88044010 0.00000000
0.09831852 1.65017900 -0.70668970 1.00000000

-0.04582331 -0.95096310 0.30589260 0.00000000
0.93491800 0.06704216 0.34847430 0.00000000
-0.35189380 0.30195260 0.88599980 0.00000000
0.07812819 1.61278600 -0.70372190 1.00000000

0.02375552 0.49690460 0.86748020 0.00000000
-0.89871570 0.39068850 -0.19918070 0.00000000
-0.43788800 -0.77488640 0.45585690 0.00000000
0.08550157 1.58387000 -0.56953020 1.00000000

-0.82641740 0.56165460 -0.03973204 0.00000000
-0.08634067 -0.19613920 -0.97676740 0.00000000
-0.55639870 -0.80378730 0.21058650 0.00000000
0.03203121 1.60799400 -0.57988510 1.00000000

0.87900220 0.41044420 0.24267500 0.00000000
-0.34173730 0.89721710 -0.27967380 0.00000000
-0.33252270 0.16290280 0.92891980 0.00000000
0.19947090 1.43339700 -0.58497100 1.00000000

0.57108440 0.68366630 -0.45438220 0.00000000
0.00013441 -0.55360100 -0.83278220 0.00000000
-0.82089160 0.47552760 -0.31624460 0.00000000
0.10860170 1.44396100 -0.18769000 1.00000000

0.49022170 0.87016360 -0.04998007 0.00000000
0.30579900 -0.22540860 -0.92502870 0.00000000
-0.81619230 0.43818520 -0.37659520 0.00000000
0.15822220 1.37863900 -0.28774550 1.00000000

0.52550270 0.85008750 -0.03461972 0.00000000
0.30455640 -0.22595210 -0.92530600 0.00000000
-0.79441340 0.47570720 -0.37763800 0.00000000
0.19476900 1.35152500 -0.39878230 1.00000000

0.94207850 -0.06961779 -0.32808770 0.00000000
-0.13588820 0.81510370 -0.56315200 0.00000000
0.30663080 0.57511660 0.75843160 0.00000000
-0.03797605 1.49155600 -0.10992780 1.00000000

0.99288600 0.09258377 -0.07487234 0.00000000
-0.10244680 0.98470780 -0.14090810 0.00000000
0.06068167 0.14757620 0.98718740 0.00000000
-0.05074953 1.56817600 -0.16286400 1.00000000

0.99288600 0.09258377 -0.07487234 0.00000000
-0.11308960 0.93002650 -0.34965900 0.00000000
0.03726047 0.35563880 0.93388040 0.00000000
-0.06634726 1.63741200 -0.28409220 1.00000000

0.99288600 0.09258377 -0.07487234 0.00000000
0.11714280 -0.87220260 0.47491090 0.00000000
-0.02133480 -0.48030310 -0.87684320 0.00000000
-0.00078184 1.62295400 -0.26390000 1.00000000

0.99288600 0.09258377 -0.07487234 0.00000000
-0.11644480 0.88631530 -0.44820270 0.00000000
0.02486417 0.45373270 0.89079090 0.00000000
-0.12410290 1.60930300 -0.25335390 1.00000000

0.99289010 0.09262387 -0.07476652 0.00000000
0.11300360 -0.93084290 0.34750800 0.00000000
-0.03740820 -0.35348620 -0.93469170 0.00000000
-0.02485213 1.64741700 -0.24795520 1.00000000

0.99288360 0.09256228 -0.07492876 0.00000000
-0.11308980 0.93002520 -0.34966270 0.00000000
0.03732002 0.35564810 0.93387460 0.00000000
-0.10313250 1.64011900 -0.24205230 1.00000000

0.95671420 0.23834100 -0.16700840 0.00000000
0.28234780 -0.89925520 0.33409570 0.00000000
-0.07055432 -0.36678850 -0.92762520 0.00000000
-0.04746621 1.64301900 -0.28701620 1.00000000

0.97395490 0.20771470 -0.09091985 0.00000000
-0.22640570 0.91272530 -0.34010710 0.00000000
0.01233947 0.35183370 0.93598120 0.00000000
-0.08278898 1.64063700 -0.28558350 1.00000000

0.99231950 0.09194131 0.08275607 0.00000000
0.07910717 -0.98598910 0.14685950 0.00000000
0.09509900 -0.13918500 -0.98568960 0.00000000
0.01157181 1.66154000 -0.24834020 1.00000000

0.98073230 0.09189065 -0.17239570 0.00000000
-0.12948220 0.96654510 -0.22141470 0.00000000
0.14628230 0.23947080 0.95982050 0.00000000
-0.14144260 1.64877800 -0.23811200 1.00000000

0.97497420 0.20315310 -0.09030056 0.00000000
0.22198450 -0.91183330 0.34537300 0.00000000
-0.01217547 -0.35677510 -0.93411090 0.00000000
-0.02492779 1.64797700 -0.24826700 1.00000000

0.99810400 -0.01916928 -0.05848712 0.00000000
-0.00298823 0.93404880 -0.35713270 0.00000000
0.06147555 0.35663040 0.93222080 0.00000000
-0.10313400 1.64013000 -0.24205860 1.00000000

0.99054680 0.11101960 -0.08056942 0.00000000
-0.13132310 0.93719890 -0.32312880 0.00000000
0.03963590 0.33065490 0.94291900 0.00000000
-0.05651833 1.61263200 -0.18439160 1.00000000

0.94898030 0.28584880 -0.13314240 0.00000000
0.31157620 -0.91498830 0.25635200 0.00000000
-0.04854563 -0.28475700 -0.95736970 0.00000000
-0.04317767 1.55206100 -0.28681140 1.00000000

0.99117480 0.10645390 -0.07899490 0.00000000
-0.12598840 0.94181730 -0.31161980 0.00000000
0.04122543 0.31882220 0.94691750 0.00000000
-0.05838162 1.55212900 -0.28839970 1.00000000

0.99705580 -0.07248107 -0.02502164 0.00000000
0.06231188 0.95606020 -0.28647170 0.00000000
0.04468587 0.28406910 0.95776200 0.00000000
-0.07555604 1.54988000 -0.28216140 1.00000000

0.98790960 0.13248040 -0.08052298 0.00000000
0.15310530 -0.91534480 0.37242790 0.00000000
-0.02436671 -0.38025350 -0.92456130 0.00000000
-0.03537798 1.56355400 -0.27201130 1.00000000

0.99393580 0.08193582 -0.07333741 0.00000000
-0.10366080 0.92069420 -0.37626690 0.00000000
0.03669143 0.38158740 0.92360420 0.00000000
-0.08564883 1.55852200 -0.26525950 1.00000000

0.98289220 0.16655290 -0.07863384 0.00000000
0.18417150 -0.89341720 0.40974010 0.00000000
-0.00200942 -0.41721230 -0.90880690 0.00000000
-0.04527308 1.57583200 -0.28336260 1.00000000

0.99203810 0.10043190 -0.07598579 0.00000000
-0.12299320 0.90233620 -0.41311260 0.00000000
0.02707490 0.41916920 0.90750430 0.00000000
-0.06046291 1.57365200 -0.28660480 1.00000000

0.99618730 0.04315268 -0.07582274 0.00000000
-0.07178287 0.89936940 -0.43125630 0.00000000
0.04958269 0.43505470 0.89903770 0.00000000
-0.07810234 1.57354000 -0.27939600 1.00000000

0.99284390 0.09298715 -0.07493016 0.00000000
0.11738060 -0.87534290 0.46903780 0.00000000
-0.02197495 -0.47447660 -0.87999380 0.00000000
-0.04644660 1.60600500 -0.27958340 1.00000000

0.99284390 0.09298715 -0.07493016 0.00000000
-0.11738060 0.87534280 -0.46903770 0.00000000
0.02197498 0.47447650 0.87999380 0.00000000
-0.06432009 1.60222700 -0.30071990 1.00000000

0.99284390 0.09298715 -0.07493016 0.00000000
-0.11738060 0.87534280 -0.46903770 0.00000000
0.02197498 0.47447650 0.87999380 0.00000000
-0.07923807 1.60230800 -0.27701540 1.00000000

0.99288600 0.09258377 -0.07487234 0.00000000
0.11064950 -0.48516930 0.86739110 0.00000000
0.04398057 -0.86950500 -0.49196220 0.00000000
-0.05152470 1.64726000 -0.07535125 1.00000000

0.99288600 0.09258377 -0.07487234 0.00000000
-0.10481530 0.97794010 -0.18068350 0.00000000
0.05649224 0.18724590 0.98068730 0.00000000
-0.06703191 1.71369100 -0.19884510 1.00000000

0.30475770 -0.94981880 0.07047559 0.00000000
0.93413290 0.28364920 -0.21665400 0.00000000
0.18579170 0.13186050 0.97370120 0.00000000
-0.05096184 1.47413900 -0.02546709 1.00000000

0.74455950 -0.55384450 -0.37267620 0.00000000
0.63224540 0.40589270 0.65993700 0.00000000
-0.21423620 -0.72698490 0.65237710 0.00000000
-0.26011420 1.41063000 0.02304162 1.00000000

0.74455950 -0.55384450 -0.37267610 0.00000000
-0.37216380 -0.80784760 0.45702980 0.00000000
-0.55418900 -0.20158930 -0.80761140 0.00000000
-0.43811430 1.29635800 -0.16275090 1.00000000

0.69167950 -0.54285070 -0.47633270 0.00000000
-0.36726950 -0.83229370 0.41521090 0.00000000
-0.62184610 -0.11225050 -0.77505290 0.00000000
-0.34821390 1.49187700 -0.27324520 1.00000000

-0.61739550 0.67912980 0.39699550 0.00000000
-0.62184620 -0.11225050 -0.77505280 0.00000000
-0.48179860 -0.72538450 0.49161740 0.00000000
-0.29457950 1.54458800 -0.32100860 1.00000000

-0.40497140 -0.87277030 0.27252530 0.00000000
-0.68844730 0.48721040 0.53727690 0.00000000
-0.60169640 0.02996255 -0.79816260 0.00000000
-0.25466150 1.62386600 -0.29365110 1.00000000

-0.56786650 0.71470150 0.40832510 0.00000000
0.57927160 0.69942830 -0.41862200 0.00000000
-0.58478390 -0.00119028 -0.81118820 0.00000000
-0.22172390 1.60055600 -0.31935610 1.00000000

-0.29978000 -0.89930590 0.31840310 0.00000000
-0.75469510 0.42771300 0.49749060 0.00000000
-0.58358130 -0.09115949 -0.80692160 0.00000000
-0.27916630 1.62193100 -0.32345100 1.00000000

-0.48456620 0.85550020 0.18252410 0.00000000
0.67485400 0.49836310 -0.54424840 0.00000000
-0.55656780 -0.14054720 -0.81882750 0.00000000
-0.24184530 1.59977500 -0.34789310 1.00000000

-0.35822230 -0.69796160 0.62010230 0.00000000
-0.62173120 0.67382340 0.39926490 0.00000000
-0.69651080 -0.24251130 -0.67532270 0.00000000
-0.30012960 1.61464500 -0.35521240 1.00000000

-0.47173700 0.87793080 0.08186397 0.00000000
0.56825990 0.37370040 -0.73309550 0.00000000
-0.67419950 -0.29930820 -0.67518090 0.00000000
-0.27094340 1.58301400 -0.37395510 1.00000000

-0.41757250 -0.44962210 0.78960310 0.00000000
-0.50312050 0.83803010 0.21112840 0.00000000
-0.75663930 -0.30910410 -0.57615240 0.00000000
-0.31911420 1.60655600 -0.38364590 1.00000000

-0.25197740 0.92158280 -0.29528320 0.00000000
0.64771440 -0.06609700 -0.75901070 0.00000000
-0.71900870 -0.38251270 -0.58026760 0.00000000
-0.29799960 1.57051100 -0.39199220 1.00000000

-0.22251220 -0.51600720 -0.82717870 0.00000000
-0.86196490 -0.29230570 0.41421470 0.00000000
-0.45552680 0.80516700 -0.37973850 0.00000000
-0.26201950 1.54555600 -0.25561050 1.00000000

-0.67851200 -0.54813740 0.48904740 0.00000000
0.30687880 0.39335980 0.86665640 0.00000000
-0.66741820 0.73811480 -0.09868750 0.00000000
-0.21031030 1.56385500 -0.27883910 1.00000000

0.71046010 -0.56480310 -0.41981400 0.00000000
-0.37216380 -0.80784760 0.45702980 0.00000000
-0.59727760 -0.16846200 -0.78414260 0.00000000
-0.38923030 1.40283800 -0.22287410 1.00000000

0.75578830 -0.58128640 0.30147990 0.00000000
0.29103200 0.71062150 0.64056020 0.00000000
-0.58658710 -0.39638750 0.70625250 0.00000000
-0.21509380 1.44774900 0.01736510 1.00000000

0.53436140 -0.84521900 0.00791085 0.00000000
0.63224540 0.40589270 0.65993700 0.00000000
-0.56100250 -0.34764320 0.75127930 0.00000000
-0.26011420 1.41063000 0.02304162 1.00000000

0.56271390 -0.82613830 -0.02913615 0.00000000
0.63121090 0.40664850 0.66046170 0.00000000
-0.53378460 -0.39004210 0.75029430 0.00000000
-0.33585950 1.36183200 -0.05621375 1.00000000

0.74557690 0.02458783 -0.66596590 0.00000000
0.01127478 0.99871070 0.04949553 0.00000000
0.66632430 -0.04441136 0.74433840 0.00000000
-0.06707403 0.97630260 -0.18999280 1.00000000

0.74528860 -0.01126181 -0.66664680 0.00000000
0.02169656 0.99973740 0.00736721 0.00000000
0.66638880 -0.01995463 0.74533730 0.00000000
-0.17954680 0.98511310 -0.10176470 1.00000000

0.71521620 -0.01041066 -0.69882570 0.00000000
-0.01840651 -0.99982300 -0.00394347 0.00000000
-0.69866100 0.01568337 -0.71528120 0.00000000
-0.11458360 1.00136000 0.09197381 1.00000000

1.00000000 0.00000000 0.00000000 0.00000000
0.00000000 1.00000000 0.00000000 0.00000000
0.00000000 0.00000000 1.00000000 0.00000000
0.00000000 0.00000000 0.00000000 1.00000000

1.00000000 0.00000000 0.00000000 0.00000000
0.00000000 1.00000000 0.00000000 0.00000000
0.00000000 0.00000000 1.00000000 0.00000000
0.00000000 0.00000000 0.00000000 1.00000000

0.99288600 0.09258377 -0.07487234 0.00000000
-0.10481530 0.97794030 -0.18068360 0.00000000
0.05649212 0.18724590 0.98068740 0.00000000
-0.04974200 1.55523200 -0.16550710 1.00000000

0.74545270 -0.01056559 -0.66647480 0.00000000
-0.09666137 0.98759160 -0.12377210 0.00000000
0.65951260 0.15668860 0.73518150 0.00000000
-0.00365282 0.87232180 -0.00112957 1.00000000

0.97559210 0.20452360 0.07993799 0.00000000
0.21924270 -0.88673110 -0.40698980 0.00000000
-0.01235551 0.41458190 -0.90992810 0.00000000
0.09459375 0.83938850 -0.08956225 1.00000000

0.97559210 0.20452360 0.07993799 0.00000000
0.18529850 -0.96209470 0.20009650 0.00000000
0.11783240 -0.18040010 -0.97650980 0.00000000
0.18229080 0.48469620 -0.25235810 1.00000000

0.98979150 0.14182030 0.01413265 0.00000000
0.14200840 -0.98977570 -0.01333515 0.00000000
0.01209700 0.01520597 -0.99981130 0.00000000
0.24857510 0.14149360 -0.18322230 1.00000000

0.98981130 0.14181410 0.01274946 0.00000000
0.14144500 -0.98959750 0.02627506 0.00000000
0.01634300 -0.02420401 -0.99957360 0.00000000
0.26502850 0.04045218 -0.32160510 1.00000000

0.46497300 -0.29126250 -0.83604200 0.00000000
0.19754720 0.95465790 -0.22271840 0.00000000
0.86300360 -0.06159966 0.50142810 0.00000000
-0.10298720 0.84218850 0.08708575 1.00000000

0.46497250 -0.29126250 -0.83604230 0.00000000
-0.10588600 0.91925960 -0.37914350 0.00000000
0.87897030 0.26481650 0.39658980 0.00000000
-0.18200630 0.46032620 0.17617360 1.00000000

0.31456290 -0.09060080 -0.94490290 0.00000000
0.01312688 0.99575470 -0.09110671 0.00000000
0.94914590 0.01625521 0.31441670 0.00000000
-0.14622260 0.13219920 0.31038840 1.00000000

0.31456290 -0.09060080 -0.94490290 0.00000000
0.04624359 0.99571530 -0.08007820 0.00000000
0.94810960 -0.01850603 0.31740480 0.00000000
-0.27764130 0.02622402 0.27679930 1.00000000

0.71557800 -0.02411230 -0.69811650 0.00000000
0.02356706 0.99966850 -0.01037112 0.00000000
0.69813510 -0.00903121 0.71590910 0.00000000
-0.01683780 1.00703500 -0.01801259 1.00000000

0.72644110 -0.06751807 -0.68390390 0.00000000
0.01663508 0.99659810 -0.08071892 0.00000000
0.68702730 0.04726074 0.72509300 0.00000000
-0.01277180 1.17950700 -0.01980192 1.00000000

0.69774390 -0.21317400 -0.68389360 0.00000000
-0.23659570 0.83254180 -0.50089590 0.00000000
0.67614800 0.51130320 0.53046490 0.00000000
-0.00965085 1.36648000 -0.03494573 1.00000000

0.05912958 0.94289620 -0.32779650 0.00000000
0.54612380 -0.30542780 -0.78004010 0.00000000
-0.83561520 -0.13289400 -0.53299800 0.00000000
0.02994837 1.44706100 -0.11221070 1.00000000

0.89220850 0.40467600 0.20050330 0.00000000
0.30934920 -0.22414970 -0.92415370 0.00000000
-0.32904010 0.88656320 -0.32517430 0.00000000
0.15222510 1.37867600 -0.28686130 1.00000000

0.89220850 0.40467600 0.20050330 0.00000000
-0.34390220 0.89654270 -0.27918200 0.00000000
-0.29273800 0.18013510 0.93907180 0.00000000
0.23931930 1.31556900 -0.54704610 1.00000000

0.80365040 0.53934470 0.25150250 0.00000000
-0.48726480 0.83899280 -0.24220730 0.00000000
-0.34164210 0.07210180 0.93706020 0.00000000
0.15628370 1.53251500 -0.61454610 1.00000000

-0.70682860 -0.67684050 -0.20562280 0.00000000
-0.34164210 0.07210176 0.93706030 0.00000000
-0.61941470 0.73259030 -0.28220070 0.00000000
0.08976369 1.58581100 -0.64050160 1.00000000

-0.48412330 0.87225750 -0.06922208 0.00000000
-0.80869460 -0.47624420 -0.34526040 0.00000000
-0.33412260 -0.11116900 0.93595060 0.00000000
0.06010865 1.66324900 -0.59865700 1.00000000

-0.49012260 -0.82232400 -0.28907330 0.00000000
0.80458910 -0.55437550 0.21284840 0.00000000
-0.33528540 -0.12826330 0.93334460 0.00000000
0.02141782 1.64046300 -0.61517540 1.00000000

-0.52321540 0.81372600 -0.25317080 0.00000000
-0.78133460 -0.57665710 -0.23871130 0.00000000
-0.34023830 0.07291387 0.93750810 0.00000000
0.07378976 1.66286700 -0.63478090 1.00000000

-0.39867560 -0.91449940 -0.06890978 0.00000000
0.85227010 -0.39719650 0.34039820 0.00000000
-0.33866460 0.07697874 0.93775300 0.00000000
0.03536420 1.63337500 -0.64639290 1.00000000

-0.66438200 0.59773280 -0.44867820 0.00000000
-0.61585240 -0.77796480 -0.12448550 0.00000000
-0.42346500 0.19361370 0.88498100 0.00000000
0.08353002 1.65713800 -0.67184360 1.00000000

-0.38696720 -0.92176020 0.02478619 0.00000000
0.81954430 -0.33148700 0.46740110 0.00000000
-0.42261540 0.20118230 0.88369790 0.00000000
0.05462031 1.62061800 -0.67768720 1.00000000

-0.78428640 0.40593670 -0.46915890 0.00000000
-0.48625840 -0.87185440 0.05850488 0.00000000
-0.38528910 0.27401720 0.88117370 0.00000000
0.09246756 1.65044800 -0.70515600 1.00000000

-0.04329528 -0.95176090 0.30377120 0.00000000
0.93484870 0.06865475 0.34834600 0.00000000
-0.35239740 0.29906180 0.88677950 0.00000000
0.07237403 1.61299600 -0.70226600 1.00000000

0.02274564 0.49501640 0.86858580 0.00000000
-0.89977350 0.38883080 -0.19803630 0.00000000
-0.43576420 -0.77702620 0.45424670 0.00000000
0.07986213 1.58379900 -0.56814180 1.00000000

-0.82786510 0.55962340 -0.03822589 0.00000000
-0.08613405 -0.19416790 -0.97717920 0.00000000
-0.55427490 -0.80568020 0.20894730 0.00000000
0.02632703 1.60780900 -0.57842670 1.00000000

0.87748730 0.41268380 0.24435320 0.00000000
-0.34390220 0.89654270 -0.27918200 0.00000000
-0.33428700 0.16094510 0.92862750 0.00000000
0.19418790 1.43369900 -0.58377520 1.00000000

0.57047030 0.68552770 -0.45234440 0.00000000
0.00437215 -0.55328100 -0.83298320 0.00000000
-0.82130680 0.47321440 -0.31862770 0.00000000
0.10184600 1.44421800 -0.18703830 1.00000000

0.48779470 0.87163090 -0.04812723 0.00000000
0.30934920 -0.22414970 -0.92415370 0.00000000
-0.81630860 0.43590910 -0.37897710 0.00000000
0.15222510 1.37867600 -0.28686130 1.00000000

0.52308690 0.85165330 -0.03266428 0.00000000
0.30810880 -0.22469690 -0.92443510 0.00000000
-0.79463780 0.47349580 -0.37993790 0.00000000
0.18919810 1.35171200 -0.39779360 1.00000000

0.94366350 -0.06750095 -0.32394880 0.00000000
-0.13568450 0.81395970 -0.56485340 0.00000000
0.30180950 0.57698630 0.75894520 0.00000000
-0.04514041 1.49136200 -0.11008050 1.00000000

0.99299760 0.09295034 -0.07290992 0.00000000
-0.10253880 0.98465240 -0.14122870 0.00000000
0.05866376 0.14771590 0.98728860 0.00000000
-0.05789476 1.56787400 -0.16317660 1.00000000

0.99299760 0.09295034 -0.07290992 0.00000000
-0.11274600 0.92994240 -0.34999380 0.00000000
0.03527001 0.35576330 0.93391050 0.00000000
-0.07327768 1.63709000 -0.28444380 1.00000000

0.99299760 0.09295034 -0.07290992 0.00000000
0.11652840 -0.87210210 0.47524670 0.00000000
-0.01941055 -0.48041490 -0.87682680 0.00000000
-0.00774706 1.62266000 -0.26411970 1.00000000

0.99299760 0.09295034 -0.07290992 0.00000000
-0.11588880 0.88621830 -0.44853890 0.00000000
0.02292228 0.45384740 0.89078450 0.00000000
-0.13108370 1.60896300 -0.25381700 1.00000000

0.99300170 0.09299044 -0.07280406 0.00000000
0.11266450 -0.93075920 0.34784280 0.00000000
-0.03541702 -0.35361080 -0.93472220 0.00000000
-0.03185824 1.64711500 -0.24822570 1.00000000

0.99299560 0.09292888 -0.07296634 0.00000000
-0.11274610 0.92994110 -0.34999750 0.00000000
0.03532958 0.35577260 0.93390450 0.00000000
-0.11014750 1.63978800 -0.24247740 1.00000000

0.95695390 0.23868310 -0.16513490 0.00000000
0.28202310 -0.89910880 0.33476320 0.00000000
-0.06857193 -0.36692480 -0.92771980 0.00000000
-0.05439298 1.64270400 -0.28733100 1.00000000

0.97405520 0.20807220 -0.08900872 0.00000000
-0.22607420 0.91259940 -0.34066510 0.00000000
0.01034632 0.35194910 0.93596200 0.00000000
-0.08971764 1.64030900 -0.28596820 1.00000000

0.99211840 0.09232626 0.08471715 0.00000000
0.07918777 -0.98594180 0.14713380 0.00000000
0.09711048 -0.13926560 -0.98548220 0.00000000
0.00456106 1.66125200 -0.24853990 1.00000000

0.98103830 0.09224109 -0.17045720 0.00000000
-0.12940720 0.96647010 -0.22178660 0.00000000
0.14428390 0.23963950 0.96008070 0.00000000
-0.14846850 1.64843300 -0.23861430 1.00000000

0.97507490 0.20351110 -0.08838689 0.00000000
0.22164230 -0.91170860 0.34592210 0.00000000
-0.01018408 -0.35689020 -0.93409090 0.00000000
-0.03193348 1.64767500 -0.24853760 1.00000000

0.99822560 -0.01879878 -0.05650097 0.00000000
-0.00263143 0.93400560 -0.35724920 0.00000000
0.05948812 0.35676390 0.93229870 0.00000000
-0.11014900 1.63979900 -0.24248380 1.00000000

0.99066320 0.11138460 -0.07861388 0.00000000
-0.13103480 0.93711110 -0.32350080 0.00000000
0.03763682 0.33078140 0.94295670 0.00000000
-0.06363756 1.61232600 -0.18472090 1.00000000

0.94913480 0.28619190 -0.13128990 0.00000000
0.31141190 -0.91484030 0.25707980 0.00000000
-0.04653519 -0.28488850 -0.95743040 0.00000000
-0.05007048 1.55174700 -0.28710680 1.00000000

0.99128950 0.10681940 -0.07703745 0.00000000
-0.12572480 0.94173280 -0.31198180 0.00000000
0.03922302 0.31894980 0.94695990 0.00000000
-0.06527124 1.55180900 -0.28872530 1.00000000

0.99713100 -0.07210705 -0.02303123 0.00000000
0.06251973 0.95604990 -0.28646110 0.00000000
0.04267505 0.28419930 0.95781510 0.00000000
-0.08245721 1.54955500 -0.28252090 1.00000000

0.98801740 0.13284440 -0.07857510 0.00000000
0.15271080 -0.91524280 0.37284040 0.00000000
-0.02238563 -0.38037200 -0.92456270 0.00000000
-0.04230454 1.56324500 -0.27229260 1.00000000

0.99404850 0.08230291 -0.07137170 0.00000000
-0.10326080 0.92061040 -0.37658180 0.00000000
0.03471166 0.38171050 0.92362990 0.00000000
-0.09258682 1.55819500 -0.26564010 1.00000000

0.98298350 0.16691530 -0.07670012 0.00000000
0.18369440 -0.89329900 0.41021160 0.00000000
-0.00004560 -0.41732060 -0.90875950 0.00000000
-0.05218169 1.57551800 -0.28366500 1.00000000

0.99214920 0.10079800 -0.07402593 0.00000000
-0.12251300 0.90224080 -0.41346370 0.00000000
0.02511296 0.41928680 0.90750650 0.00000000
-0.06736425 1.57333200 -0.28693710 1.00000000

0.99631940 0.04352040 -0.07384786 0.00000000
-0.07126556 0.89929120 -0.43150520 0.00000000
0.04763141 0.43517980 0.89908280 0.00000000
