MeshAnim
1
15
83
30
0.77101240 -0.00988551 -0.63674350 0.00000000
-0.01891703 0.99908270 -0.03841688 0.00000000
0.63653920 0.04166519 0.77011810 0.00000000
0.01057782 0.87642340 0.04061815 1.00000000

0.97381820 0.18073090 0.13789330 0.00000000
0.22147860 -0.89100520 -0.39630440 0.00000000
0.05123910 0.41646890 -0.90770510 0.00000000
0.10991930 0.84384190 -0.04671482 1.00000000

0.97381820 0.18073090 0.13789330 0.00000000
0.17281900 -0.98264210 0.06744002 0.00000000
0.14768820 -0.04184372 -0.98814850 0.00000000
0.19851070 0.48743990 -0.20523660 1.00000000

0.99760330 0.05889728 0.03631419 0.00000000
0.05900377 -0.99825610 -0.00186501 0.00000000
0.03614086 0.00400324 -0.99933870 0.00000000
0.26041450 0.13722260 -0.18339320 1.00000000

0.99738090 0.06481751 0.03209594 0.00000000
0.06361136 -0.99727850 0.03727721 0.00000000
0.03442466 -0.03513793 -0.99878940 0.00000000
0.27151410 0.03376257 -0.32051610 1.00000000

0.57722410 -0.23685460 -0.78148080 0.00000000
0.25991580 0.96052860 -0.09913989 0.00000000
0.77411630 -0.14589330 0.61600250 0.00000000
-0.09443626 0.84646160 0.12205290 1.00000000

0.57722340 -0.23685460 -0.78148130 0.00000000
-0.18509610 0.89415000 -0.40771970 0.00000000
0.79533180 0.37999450 0.47228340 0.00000000
-0.19840290 0.46225110 0.16170940 1.00000000

0.31513080 -0.07407244 -0.94615330 0.00000000
-0.00302961 0.99686600 -0.07905167 0.00000000
0.94904340 0.02777810 0.31391870 0.00000000
-0.13421080 0.14281600 0.30593880 1.00000000

0.31357020 -0.09056132 -0.94523680 0.00000000
-0.10028950 0.98671570 -0.12780510 0.00000000
0.94425400 0.13487310 0.30032220 0.00000000
-0.26393210 0.03514618 0.27116180 1.00000000

0.78026340 -0.01236932 -0.62532880 0.00000000
-0.00303016 0.99971800 -0.02355586 0.00000000
0.62544380 0.02027462 0.78000580 0.00000000
0.00799744 1.01270400 0.03537787 1.00000000

0.80547570 -0.03618791 -0.59152300 0.00000000
-0.04353752 0.99182340 -0.11996220 0.00000000
0.59102760 0.12238010 0.79731400 0.00000000
0.00747464 1.18518400 0.03131380 1.00000000

0.83185750 -0.04862344 -0.55285530 0.00000000
-0.19325780 0.90843030 -0.37068280 0.00000000
0.52025440 0.41519880 0.74628770 0.00000000
-0.00069350 1.37126200 0.00880748 1.00000000

-0.04703373 0.82428230 -0.56422200 0.00000000
0.88598000 -0.22644630 -0.40467490 0.00000000
-0.46133240 -0.51892270 -0.71964700 0.00000000
0.04736536 1.46698100 -0.04178363 1.00000000

0.50629110 0.14470610 -0.85013500 0.00000000
0.45731030 -0.88084160 0.12241460 0.00000000
-0.73112010 -0.45075290 -0.51213790 0.00000000
0.24573570 1.41628000 -0.13239020 1.00000000

0.50629200 0.14470460 -0.85013470 0.00000000
-0.05187273 -0.97892560 -0.19751920 0.00000000
-0.86080070 0.14410120 -0.48811590 0.00000000
0.37448650 1.16828900 -0.09792626 1.00000000

0.54981020 0.04908334 -0.83384630 0.00000000
-0.33723660 -0.90025070 -0.27535470 0.00000000
-0.76418610 0.43259640 -0.47841440 0.00000000
0.36202620 0.93150950 -0.14585410 1.00000000

-0.48289680 0.10798930 0.86899320 0.00000000
-0.76418610 0.43259640 -0.47841440 0.00000000
-0.42758690 -0.89509710 -0.12637570 0.00000000
0.31500030 0.85585390 -0.14384400 1.00000000

-0.48893810 -0.86350650 -0.12367930 0.00000000
-0.45498200 0.13147400 0.88074200 0.00000000
-0.74426560 0.48690000 -0.45716220 0.00000000
0.26530770 0.81863840 -0.21292790 1.00000000

-0.36097090 0.26224030 0.89494740 0.00000000
0.56185260 0.82708760 -0.01573622 0.00000000
-0.74432650 0.49714780 -0.44589480 0.00000000
0.24353970 0.82492870 -0.17079000 1.00000000

-0.42092680 -0.89637490 -0.13904250 0.00000000
-0.49023810 0.09583190 0.86630440 0.00000000
-0.76320860 0.43281460 -0.47977520 0.00000000
0.29511090 0.80045710 -0.19639070 1.00000000

-0.40167800 0.27013480 0.87503290 0.00000000
0.50695430 0.86133380 -0.03319149 0.00000000
-0.76266130 0.43026940 -0.48292470 0.00000000
0.27106920 0.80610100 -0.15313200 1.00000000

-0.44316300 -0.89438760 -0.06064481 0.00000000
-0.46359310 0.17075420 0.86943920 0.00000000
-0.76726030 0.41341770 -0.49030380 0.00000000
0.32218360 0.78410850 -0.17400480 1.00000000

-0.41160820 0.28039100 0.86715630 0.00000000
0.49379150 0.86834240 -0.04638919 0.00000000
-0.76599560 0.40910010 -0.49587140 0.00000000
0.30042140 0.79212420 -0.13319100 1.00000000

-0.45813240 -0.88574620 -0.07462224 0.00000000
-0.44144000 0.15384970 0.88400300 0.00000000
-0.77152160 0.43793150 -0.46148710 0.00000000
0.34673960 0.77054910 -0.15285100 1.00000000

-0.34230820 0.36607650 0.86534010 0.00000000
0.56803660 0.81424380 -0.11975840 0.00000000
-0.74843820 0.45055030 -0.48666710 0.00000000
0.32828400 0.77782160 -0.11515170 1.00000000

-0.52288870 0.44035320 -0.72984710 0.00000000
-0.73572840 -0.66553810 0.12555000 0.00000000
-0.43045470 0.60261770 0.67198270 0.00000000
0.27059680 0.89999080 -0.18150450 1.00000000

-0.92379000 -0.21240410 -0.31858540 0.00000000
0.01131627 -0.84681530 0.53176700 0.00000000
-0.38273230 0.48763590 0.78468300 0.00000000
0.22588290 0.86112710 -0.17529490 1.00000000

0.54333910 0.13828460 -0.82804600 0.00000000
-0.05187273 -0.97892560 -0.19751920 0.00000000
-0.83790930 0.15027290 -0.52471530 0.00000000
0.36774360 1.03940500 -0.12408380 1.00000000

0.61206780 -0.28522140 -0.73757840 0.00000000
0.15250120 -0.87261460 0.46399040 0.00000000
-0.77596160 -0.39647520 -0.49060280 0.00000000
0.25476550 1.41615500 -0.14135390 1.00000000

0.46118140 0.11720100 -0.87953150 0.00000000
0.45731030 -0.88084160 0.12241460 0.00000000
-0.76038070 -0.45867420 -0.45982500 0.00000000
0.24573570 1.41628000 -0.13239020 1.00000000

0.49721260 0.13751450 -0.85666170 0.00000000
0.45659840 -0.88104770 0.12358400 0.00000000
-0.73776530 -0.45259780 -0.50085710 0.00000000
0.30052750 1.31055400 -0.11756010 1.00000000

0.97226250 0.21654080 -0.08840632 0.00000000
-0.23160730 0.83863510 -0.49300000 0.00000000
-0.03261408 0.49980100 0.86552600 0.00000000
-0.02968216 1.50752700 -0.04679494 1.00000000

0.98863640 0.14725980 0.03020814 0.00000000
-0.13331210 0.95171930 -0.27651040 0.00000000
-0.06946856 0.26934110 0.96053610 0.00000000
-0.05145331 1.58635800 -0.09313713 1.00000000

0.98863640 0.14725980 0.03020814 0.00000000
-0.11527930 0.87165400 -0.47637170 0.00000000
-0.09648156 0.46747600 0.87872490 0.00000000
-0.05536288 1.63928600 -0.22320090 1.00000000

0.98863640 0.14725980 0.03020814 0.00000000
0.10089730 -0.79898770 0.59282280 0.00000000
0.11143490 -0.58303820 -0.80476640 0.00000000
0.00783814 1.63166900 -0.19382090 1.00000000

0.98863640 0.14725980 0.03020814 0.00000000
-0.10421790 0.81623760 -0.56823840 0.00000000
-0.10833560 0.55863290 0.82230950 0.00000000
-0.11500190 1.61139700 -0.19607020 1.00000000

0.98861790 0.14734970 0.03037786 0.00000000
0.11550220 -0.87273310 0.47433810 0.00000000
0.09640533 -0.46543030 -0.87981870 0.00000000
-0.01921379 1.65626000 -0.18404790 1.00000000

0.98864630 0.14721180 0.03011796 0.00000000
-0.11527820 0.87164860 -0.47638180 0.00000000
-0.09638131 0.46750110 0.87872240 0.00000000
-0.09715916 1.64465000 -0.18642970 1.00000000

0.95690940 0.27815990 -0.08337528 0.00000000
0.28341030 -0.83204160 0.47684920 0.00000000
0.06326881 -0.47993090 -0.87502210 0.00000000
-0.03656913 1.64571500 -0.22459540 1.00000000

0.96610590 0.25813310 -0.00251094 0.00000000
-0.22789840 0.84829800 -0.47796740 0.00000000
-0.12124920 0.46233940 0.87837400 0.00000000
-0.07163391 1.64123100 -0.22699890 1.00000000

0.96859060 0.16562170 0.18547710 0.00000000
0.10950860 -0.95378830 0.27981420 0.00000000
0.22324920 -0.25071390 -0.94196740 0.00000000
0.01622557 1.67257200 -0.18198370 1.00000000

0.98870120 0.13400570 -0.06717414 0.00000000
-0.14922940 0.92224780 -0.35663620 0.00000000
0.01415986 0.36263100 0.93182530 0.00000000
-0.13604690 1.65121100 -0.18812220 1.00000000

0.96726750 0.25375570 -0.00119957 0.00000000
0.22282010 -0.84706630 0.48252450 0.00000000
0.12142730 -0.46699750 -0.87588160 0.00000000
-0.01927820 1.65677200 -0.18443530 1.00000000

0.99736610 0.03888131 0.06122959 0.00000000
-0.00543961 0.88189860 -0.47140790 0.00000000
-0.07232732 0.46983330 0.87978720 0.00000000
-0.09716048 1.64466100 -0.18643770 1.00000000

0.98610220 0.16468120 0.02196941 0.00000000
-0.13699290 0.88077630 -0.45328380 0.00000000
-0.09399754 0.44397440 0.89109550 0.00000000
-0.05672754 1.62741900 -0.12069150 1.00000000

0.94267670 0.32880520 -0.05698967 0.00000000
0.32278940 -0.85511320 0.40569510 0.00000000
0.08466205 -0.40083500 -0.91223000 0.00000000
-0.02779701 1.55592000 -0.21227520 1.00000000

0.98675750 0.16038980 0.02417678 0.00000000
-0.13336180 0.88708780 -0.44191600 0.00000000
-0.09232563 0.43283970 0.89673050 0.00000000
-0.04267154 1.55480600 -0.21562110 1.00000000

0.99484900 -0.00995354 0.10087820 0.00000000
0.04942639 0.91648300 -0.39700890 0.00000000
-0.08850148 0.39994980 0.91225410 0.00000000
-0.06035216 1.55221500 -0.21119230 1.00000000

0.98240950 0.18577320 0.01896638 0.00000000
0.15138350 -0.85175820 0.50158820 0.00000000
0.10933650 -0.48989400 -0.86489840 0.00000000
-0.02247420 1.56959900 -0.19825670 1.00000000

0.99001910 0.13696620 0.03320247 0.00000000
-0.10217390 0.85981000 -0.50028720 0.00000000
-0.09707031 0.49190140 0.86522280 0.00000000
-0.07287931 1.56216000 -0.19682590 1.00000000

0.97549990 0.21942540 0.01588964 0.00000000
0.17645550 -0.82351110 0.53916000 0.00000000
0.13139070 -0.52314660 -0.84205370 0.00000000
-0.03148910 1.57974700 -0.21215920 1.00000000

0.98754180 0.15484420 0.02801016 0.00000000
-0.11585330 0.83591850 -0.53648700 0.00000000
-0.10648620 0.52655820 0.84344360 0.00000000
-0.04603248 1.57620800 -0.21684530 1.00000000

0.99449690 0.09839599 0.03597105 0.00000000
-0.06270680 0.83412020 -0.54800670 0.00000000
-0.08392587 0.54273550 0.83570020 0.00000000
-0.06440090 1.57582000 -0.21178760 1.00000000

0.98858170 0.14764970 0.03009492 0.00000000
0.10201710 -0.80279190 0.58746700 0.00000000
0.11089930 -0.57768900 -0.80868830 0.00000000
-0.03462848 1.61001500 -0.21242790 1.00000000

0.98858170 0.14764970 0.03009492 0.00000000
-0.10201710 0.80279200 -0.58746690 0.00000000
-0.11089930 0.57768890 0.80868840 0.00000000
-0.04953600 1.60255700 -0.23484740 1.00000000

0.98858170 0.14764970 0.03009492 0.00000000
-0.10201710 0.80279200 -0.58746690 0.00000000
-0.11089930 0.57768890 0.80868840 0.00000000
-0.06725945 1.60453000 -0.21325010 1.00000000

0.98863640 0.14725980 0.03020814 0.00000000
0.02651784 -0.36863930 0.92919420 0.00000000
0.14796890 -0.91783430 -0.36835530 0.00000000
-0.06701065 1.67521200 -0.01713522 1.00000000

0.98863640 0.14725980 0.03020814 0.00000000
-0.13039610 0.94005840 -0.31509800 0.00000000
-0.07479870 0.30757840 0.94857810 0.00000000
-0.07040972 1.72509400 -0.14906170 1.00000000

0.43371630 -0.84243540 0.31967630 0.00000000
0.75329000 0.14433400 -0.64165570 0.00000000
0.49441330 0.51910530 0.69719820 0.00000000
-0.05793668 1.47313500 0.02820121 1.00000000

0.05937317 -0.77198150 -0.63286610 0.00000000
0.75581820 0.44890720 -0.47667700 0.00000000
0.65208400 -0.45003010 0.61013080 0.00000000
-0.22659830 1.44081800 0.17186810 1.00000000

0.05937353 -0.77196590 -0.63288530 0.00000000
0.38350820 -0.56770740 0.72844340 0.00000000
-0.92162690 -0.28596690 0.26234840 0.00000000
-0.43938580 1.31443700 0.30607070 1.00000000

0.28278480 -0.65013250 -0.70523790 0.00000000
0.10397880 -0.71013760 0.69634260 0.00000000
-0.95353070 -0.27024490 -0.13321620 0.00000000
-0.53216920 1.45190200 0.12996480 1.00000000

-0.29099700 0.71142080 0.63968820 0.00000000
-0.95353070 -0.27024490 -0.13321620 0.00000000
0.07809973 -0.64872790 0.75700250 0.00000000
-0.52131510 1.50875400 0.01454070 1.00000000

0.29412930 -0.78411450 -0.54649110 0.00000000
-0.13028680 -0.59934020 0.78982080 0.00000000
-0.94684400 -0.16110880 -0.27844330 0.00000000
-0.49274240 1.57397700 0.02928443 1.00000000

-0.11392090 -0.71768620 0.68698510 0.00000000
-0.36193720 0.67394750 0.64404700 0.00000000
-0.92521550 -0.17527510 -0.33653380 0.00000000
-0.48650890 1.60265100 -0.00850358 1.00000000

0.22015420 -0.78342260 0.58118950 0.00000000
-0.32865070 0.50140240 0.80036520 0.00000000
-0.91843390 -0.36721190 -0.14708660 0.00000000
-0.53016830 1.56591900 0.02412322 1.00000000

-0.23254850 0.19738480 0.95234480 0.00000000
-0.32502020 0.90712260 -0.26737690 0.00000000
-0.91666960 -0.37170940 -0.14679590 0.00000000
-0.51355650 1.54021400 -0.01517651 1.00000000

0.23487920 -0.85796760 0.45686280 0.00000000
-0.35106160 0.36341030 0.86295350 0.00000000
-0.90641470 -0.36307680 -0.21584190 0.00000000
-0.56549500 1.55213300 0.01616609 1.00000000

-0.21535550 0.01698956 0.97638800 0.00000000
-0.46464610 0.87763200 -0.11775510 0.00000000
-0.85890980 -0.47903400 -0.18110890 0.00000000
-0.54901510 1.53507400 -0.02434352 1.00000000

0.20538320 -0.79947320 0.56450010 0.00000000
-0.49518570 0.41262610 0.76454620 0.00000000
-0.84416170 -0.43655730 -0.31114120 0.00000000
-0.59707530 1.53827000 0.00947135 1.00000000

-0.09434882 -0.14103920 0.98549800 0.00000000
-0.65609290 0.75333730 0.04500121 0.00000000
-0.74875930 -0.64233240 -0.16361110 0.00000000
-0.57579830 1.52006700 -0.02263308 1.00000000

-0.64813550 0.13807730 -0.74890260 0.00000000
-0.53335390 0.61963650 0.57583350 0.00000000
0.54355700 0.77264810 -0.32796450 0.00000000
-0.46843200 1.50717900 0.08262059 1.00000000

-0.28379510 0.80180410 0.52589960 0.00000000
0.28174380 -0.45451440 0.84500710 0.00000000
0.91655920 0.38797790 -0.09691429 0.00000000
-0.43775160 1.47570900 0.05149315 1.00000000

0.17550170 -0.72958120 -0.66099190 0.00000000
0.38350820 -0.56770740 0.72844340 0.00000000
-0.90670870 -0.38133890 0.18016690 0.00000000
-0.48990030 1.38933000 0.21024910 1.00000000

0.73210470 -0.59765450 -0.32685140 0.00000000
0.51637980 0.79985210 -0.30592220 0.00000000
0.44426860 0.05518766 0.89419220 0.00000000
-0.16582300 1.46390900 0.12981070 1.00000000

0.44196240 -0.88689970 -0.13445660 0.00000000
0.75581820 0.44890720 -0.47667700 0.00000000
0.48312320 0.10904860 0.86873510 0.00000000
-0.22659830 1.44081800 0.17186810 1.00000000

0.42064890 -0.89039740 -0.17391640 0.00000000
0.75574500 0.44996890 -0.47579170 0.00000000
0.50190060 0.06870475 0.86219220 0.00000000
-0.31728770 1.38682200 0.22896300 1.00000000

0.77195780 0.00070392 -0.63567330 0.00000000
0.08907329 0.99001360 0.10926630 0.00000000
0.62940220 -0.14097050 0.76418600 0.00000000
-0.04323886 1.00113300 -0.13972370 1.00000000

0.77096060 -0.01043870 -0.63679740 0.00000000
0.09347672 0.99089210 0.09692758 0.00000000
0.62998570 -0.13425310 0.76491450 0.00000000
-0.15853740 1.01079900 -0.05531527 1.00000000

0.77671390 -0.00824630 -0.62979950 0.00000000
-0.08365928 -0.99240560 -0.09018053 0.00000000
-0.62427290 0.12273310 -0.77150510 0.00000000
-0.10309580 1.00642300 0.13926640 1.00000000

1.00000000 0.00000000 0.00000000 0.00000000
0.00000000 1.00000000 0.00000000 0.00000000
0.00000000 0.00000000 1.00000000 0.00000000
0.00000000 0.00000000 0.00000000 1.00000000

1.00000000 0.00000000 0.00000000 0.00000000
0.00000000 1.00000000 0.00000000 0.00000000
0.00000000 0.00000000 1.00000000 0.00000000
0.00000000 0.00000000 0.00000000 1.00000000

0.98863640 0.14725980 0.03020814 0.00000000
-0.13039610 0.94005840 -0.31509810 0.00000000
-0.07479873 0.30757840 0.94857810 0.00000000
-0.04948043 1.57328300 -0.09396946 1.00000000

0.76954730 -0.00983863 -0.63851390 0.00000000
-0.02123274 0.99893430 -0.04098226 0.00000000
0.63823660 0.04509520 0.76851830 0.00000000
0.01026137 0.87643270 0.03112640 1.00000000

0.97367580 0.18473780 0.13351910 0.00000000
0.22291340 -0.89405380 -0.38855810 0.00000000
0.04759175 0.40809280 -0.91169920 0.00000000
0.10947150 0.84384360 -0.05635287 1.00000000

0.97367580 0.18473780 0.13351910 0.00000000
0.17236080 -0.98004000 0.09906399 0.00000000
0.14915480 -0.07344276 -0.98608270 0.00000000
0.19863690 0.48622210 -0.21177610 1.00000000

0.99764140 0.05910297 0.03490686 0.00000000
0.05909528 -0.99825170 0.00125317 0.00000000
0.03491974 0.00081258 -0.99938980 0.00000000
0.26038070 0.13686220 -0.17866020 1.00000000

0.99741320 0.06500967 0.03066999 0.00000000
0.06375055 -0.99714840 0.04038647 0.00000000
0.03320792 -0.03832678 -0.99871340 0.00000000
0.27132250 0.03296530 -0.31546530 1.00000000

0.60197580 -0.24541540 -0.75986600 0.00000000
0.24597610 0.96231730 -0.11593600 0.00000000
0.75968470 -0.11711820 0.63965820 0.00000000
-0.09449572 0.84645090 0.11288410 1.00000000

0.60197510 -0.24541550 -0.75986670 0.00000000
-0.17166930 0.88957390 -0.42330570 0.00000000
0.77984340 0.38526530 0.49337100 0.00000000
-0.19288650 0.46152480 0.15925900 1.00000000

0.31534980 -0.07511267 -0.94599830 0.00000000
-0.00470842 0.99672650 -0.08071002 0.00000000
0.94896380 0.02990605 0.31396380 0.00000000
-0.13344410 0.14370860 0.30899520 1.00000000

0.31381690 -0.09160261 -0.94505450 0.00000000
-0.10194610 0.98633070 -0.12945590 0.00000000
0.94399460 0.13697000 0.30018870 0.00000000
-0.26297970 0.03576171 0.27438480 1.00000000

0.77872460 -0.01230415 -0.62724520 0.00000000
0.00842623 0.99992260 -0.00915349 0.00000000
0.62730930 0.00184274 0.77876810 0.00000000
0.00736511 1.01269300 0.02553619 1.00000000

0.80323190 -0.03659789 -0.59454100 0.00000000
-0.01986760 0.99590940 -0.08814610 0.00000000
0.59533500 0.08261387 0.79921910 0.00000000
0.00881888 1.18520900 0.02395695 1.00000000

0.82909410 -0.05069242 -0.55680630 0.00000000
-0.17281590 0.92388050 -0.34143730 0.00000000
0.53173080 0.37930860 0.75722350 0.00000000
0.00509150 1.37205300 0.00741971 1.00000000

-0.02340816 0.84233110 -0.53845210 0.00000000
0.88244400 -0.23571320 -0.40710160 0.00000000
-0.46983470 -0.48468340 -0.73779260 0.00000000
0.05525618 1.46816200 -0.04030648 1.00000000

0.51210250 0.16207090 -0.84349510 0.00000000
0.41931450 -0.90423540 0.08083242 0.00000000
-0.74961770 -0.39508430 -0.53102000 0.00000000
0.25283480 1.41538600 -0.13145640 1.00000000

0.52887850 0.16400370 -0.83270070 0.00000000
-0.08624978 -0.96568530 -0.24497610 0.00000000
-0.84430370 0.20138280 -0.49658500 0.00000000
0.37088840 1.16080900 -0.10869950 1.00000000

0.55624870 0.07072214 -0.82800100 0.00000000
-0.34845260 -0.88470050 -0.30965470 0.00000000
-0.75443240 0.46076420 -0.46747050 0.00000000
0.35011610 0.92723570 -0.16810420 1.00000000

-0.48728980 0.08397891 0.86919270 0.00000000
-0.75443240 0.46076420 -0.46747050 0.00000000
-0.43975040 -0.88354090 -0.16116950 0.00000000
0.30197520 0.85226460 -0.16911330 1.00000000

-0.46909080 -0.85624320 -0.21633770 0.00000000
-0.49218400 0.05006862 0.86905010 0.00000000
-0.73328640 0.51414110 -0.44491600 0.00000000
0.25222460 0.81828920 -0.23980620 1.00000000

-0.43491510 0.12722300 0.89143880 0.00000000
0.52043470 0.84339480 0.13354370 0.00000000
-0.73484470 0.52201580 -0.43301620 0.00000000
0.22867680 0.82068470 -0.19822760 1.00000000

-0.40114810 -0.88733830 -0.22740090 0.00000000
-0.52081200 0.01671787 0.85350770 0.00000000
-0.75354860 0.46081610 -0.46884290 0.00000000
0.28164290 0.79908620 -0.22374130 1.00000000

-0.46122680 0.14403750 0.87551310 0.00000000
0.46942050 0.87694450 0.10302160 0.00000000
-0.75293720 0.45849990 -0.47208450 0.00000000
0.25606010 0.80078230 -0.18103530 1.00000000

-0.42458380 -0.89316300 -0.14828570 0.00000000
-0.49523530 0.09199761 0.86387390 0.00000000
-0.75793840 0.44022320 -0.48138670 0.00000000
0.30831740 0.78154590 -0.20178360 1.00000000

-0.46986070 0.15532880 0.86896710 0.00000000
0.45403930 0.88672380 0.08700188 0.00000000
-0.75701990 0.43542410 -0.48716220 0.00000000
0.28506980 0.78586450 -0.16123110 1.00000000

-0.43855570 -0.88524320 -0.15496270 0.00000000
-0.47247770 0.08043294 0.87766470 0.00000000
-0.76448270 0.45812140 -0.45353210 0.00000000
0.33252480 0.76687410 -0.18097300 1.00000000

-0.40265910 0.25108860 0.88023870 0.00000000
0.53372290 0.84565440 0.00292471 0.00000000
-0.74364340 0.47098110 -0.47452230 0.00000000
0.31273170 0.77101970 -0.14347930 1.00000000

-0.49542490 0.49411760 -0.71442450 0.00000000
-0.75488940 -0.65181340 0.07267135 0.00000000
-0.42976310 0.57531480 0.69592860 0.00000000
0.25848520 0.89837680 -0.20544920 1.00000000

-0.91990090 -0.15497680 -0.36022870 0.00000000
-0.04311894 -0.87305330 0.48571460 0.00000000
-0.38977290 0.46234230 0.79644010 0.00000000
0.21267800 0.86042360 -0.20236140 1.00000000

0.55350410 0.15800430 -0.81772100 0.00000000
-0.08624978 -0.96568530 -0.24497610 0.00000000
-0.82836840 0.20612350 -0.52088300 0.00000000
0.35962250 1.03367200 -0.14110330 1.00000000

0.58362730 -0.28487270 -0.76041220 0.00000000
0.12209390 -0.89501230 0.42900630 0.00000000
-0.80279040 -0.34322150 -0.48757240 0.00000000
0.26187100 1.41531000 -0.14035920 1.00000000

0.44830550 0.12881680 -0.88454990 0.00000000
0.41931450 -0.90423540 0.08083242 0.00000000
-0.78942870 -0.40714230 -0.45938860 0.00000000
0.25283480 1.41538600 -0.13145640 1.00000000

0.48678730 0.14723540 -0.86102250 0.00000000
0.41859430 -0.90446470 0.08199233 0.00000000
-0.76669220 -0.40033200 -0.50191410 0.00000000
0.30306620 1.30685000 -0.12161730 1.00000000

0.97699810 0.17896590 -0.11595640 0.00000000
-0.21275370 0.85503270 -0.47292170 0.00000000
0.01450974 0.48671380 0.87344100 0.00000000
-0.02083088 1.51063500 -0.04379587 1.00000000

0.99137130 0.12998100 -0.01696244 0.00000000
-0.12949660 0.95106580 -0.28054350 0.00000000
-0.02033290 0.28031940 0.95969130 0.00000000
-0.04082979 1.59100800 -0.08825071 1.00000000

0.99137130 0.12998100 -0.01696244 0.00000000
-0.12210680 0.86865750 -0.48012930 0.00000000
-0.04767311 0.47805770 0.87703380 0.00000000
-0.04982778 1.64263100 -0.21856090 1.00000000

0.99137130 0.12998100 -0.01696244 0.00000000
0.11437510 -0.79451770 0.59637240 0.00000000
0.06404006 -0.59316650 -0.80252860 0.00000000
0.01451186 1.63427000 -0.19208440 1.00000000

0.99137130 0.12998100 -0.01696244 0.00000000
-0.11637480 0.81317660 -0.57026400 0.00000000
-0.06033012 0.56731740 0.82128640 0.00000000
-0.10860740 1.61598700 -0.18832020 1.00000000

0.60790870 -0.79350770 -0.02815095 0.00000000
0.01976722 -0.02031867 0.99959840 0.00000000
-0.79376090 -0.60822110 0.00333348 0.00000000
-0.01162476 1.65939500 -0.18131360 1.00000000

0.99138540 0.12984110 -0.01721376 0.00000000
-0.12204700 0.86808090 -0.48118640 0.00000000
-0.04753473 0.47914200 0.87644930 0.00000000
-0.08978577 1.64914800 -0.17997650 1.00000000

0.95783000 0.25734460 -0.12780910 0.00000000
0.28693390 -0.83316250 0.47276810 0.00000000
0.01517865 -0.48950420 -0.87186900 0.00000000
-0.03098808 1.64876700 -0.22089460 1.00000000

0.96993270 0.23837350 -0.04907736 0.00000000
-0.23249440 0.84792550 -0.47641240 0.00000000
-0.07195008 0.47349820 0.87785110 0.00000000
-0.06636760 1.64507500 -0.22166290 1.00000000

0.97940540 0.14994870 0.13520480 0.00000000
0.10564680 -0.95126620 0.28970950 0.00000000
0.17205740 -0.26945910 -0.94751690 0.00000000
0.02414012 1.67515700 -0.18106890 1.00000000

0.98692980 0.11600870 -0.11185590 0.00000000
-0.14921390 0.92000710 -0.36238400 0.00000000
0.06086844 0.37433800 0.92529240 0.00000000
-0.12860090 1.65646500 -0.17993200 1.00000000

0.97041580 0.23651360 -0.04852387 0.00000000
0.23028110 -0.84628680 0.48038460 0.00000000
0.07255238 -0.47734700 -0.87571460 0.00000000
-0.01169550 1.65988500 -0.18169010 1.00000000

0.99965270 0.02178675 0.01481590 0.00000000
-0.01197532 0.87660620 -0.48105940 0.00000000
-0.02346841 0.48071500 0.87656280 0.00000000
-0.08978724 1.64915800 -0.17998440 1.00000000

0.98882900 0.14691920 -0.02513909 0.00000000
-0.14210000 0.87827320 -0.45655620 0.00000000
-0.04499802 0.45502840 0.88933930 0.00000000
-0.04666302 1.63188400 -0.11594540 1.00000000

0.94612370 0.30728330 -0.10211170 0.00000000
0.32185040 -0.85782960 0.40067510 0.00000000
0.03552637 -0.41195300 -0.91051260 0.00000000
-0.02331101 1.55907700 -0.20801610 1.00000000

0.98949390 0.14273840 -0.02296749 0.00000000
-0.13799020 0.88504090 -0.44459090 0.00000000
-0.04313299 0.44308930 0.89543940 0.00000000
-0.03830559 1.55818200 -0.21064800 1.00000000

0.99830680 -0.02298018 0.05343634 0.00000000
0.04289933 0.91127290 -0.40956240 0.00000000
-0.03928331 0.41116140 0.91071580 0.00000000
-0.05576995 1.55597200 -0.20539870 1.00000000

0.98545690 0.16759150 -0.02806571 0.00000000
0.15877520 -0.84930350 0.50346230 0.00000000
0.06053960 -0.50059650 -0.86356160 0.00000000
-0.01701094 1.57262700 -0.19439180 1.00000000

0.99268420 0.11992640 -0.01398996 0.00000000
-0.11056090 0.85631110 -0.50448760 0.00000000
-0.04852158 0.50234370 0.86330560 0.00000000
-0.06746607 1.56611200 -0.19056540 1.00000000

0.97918710 0.20055890 -0.03112099 0.00000000
0.18536650 -0.82128970 0.53955810 0.00000000
0.08265388 -0.53409710 -0.84137330 0.00000000
-0.02652561 1.58268600 -0.20794370 1.00000000

0.99030740 0.13756080 -0.01919103 0.00000000
-0.12607600 0.83232610 -0.53975730 0.00000000
-0.05827615 0.53694520 0.84160180 0.00000000
-0.04130086 1.57942300 -0.21193400 1.00000000

0.99655390 0.08220489 -0.01107907 0.00000000
-0.07458366 0.82958180 -0.55338170 0.00000000
-0.03629968 0.55230110 0.83285420 0.00000000
-0.05936931 1.57934700 -0.20601220 1.00000000

0.99131950 0.13036180 -0.01707435 0.00000000
0.11536600 -0.80020200 0.58852970 0.00000000
0.06305873 -0.58539090 -0.80829510 0.00000000
-0.02909390 1.61295200 -0.20838600 1.00000000

0.99131950 0.13036180 -0.01707435 0.00000000
-0.11536600 0.80020220 -0.58852970 0.00000000
-0.06305873 0.58539080 0.80829520 0.00000000
-0.04517347 1.60563700 -0.23002700 1.00000000

0.99131950 0.13036180 -0.01707435 0.00000000
-0.11536600 0.80020220 -0.58852970 0.00000000
-0.06305873 0.58539080 0.80829520 0.00000000
-0.06184012 1.60805300 -0.20764930 1.00000000

0.99137130 0.12998100 -0.01696244 0.00000000
0.06307092 -0.35955150 0.93099120 0.00000000
0.11491240 -0.92402800 -0.36464730 0.00000000
-0.05132069 1.68089500 -0.01259622 1.00000000

0.99137130 0.12998100 -0.01696244 0.00000000
-0.12856920 0.93896170 -0.31909380 0.00000000
-0.02554908 0.31852130 0.94757130 0.00000000
-0.05995244 1.72948100 -0.14476770 1.00000000

0.40168020 -0.87080470 0.28346440 0.00000000
0.75393060 0.13874060 -0.64213690 0.00000000
0.51984780 0.47164610 0.71225570 0.00000000
-0.04969607 1.47457800 0.03017846 1.00000000

0.30655850 -0.77799920 -0.54839680 0.00000000
0.65984110 0.58893520 -0.46665330 0.00000000
0.68602600 -0.21879820 0.69389890 0.00000000
-0.21850110 1.44351300 0.17395300 1.00000000

0.31620460 -0.77118610 -0.55252760 0.00000000
0.49774900 -0.36094800 0.78864600 0.00000000
-0.80762650 -0.52439360 0.26972370 0.00000000
-0.40426840 1.27771000 0.30533350 1.00000000

0.47630650 -0.62510580 -0.61836470 0.00000000
0.26738680 -0.56698340 0.77912400 0.00000000
-0.83763740 -0.53644430 -0.10291290 0.00000000
-0.52473150 1.36515800 0.11465050 1.00000000

-0.49887680 0.67459640 0.54409720 0.00000000
-0.83763740 -0.53644430 -0.10291290 0.00000000
0.22245320 -0.50709710 0.83268670 0.00000000
-0.52551790 1.40855500 -0.00616802 1.00000000

0.51775860 -0.73114500 -0.44424440 0.00000000
0.01294544 -0.51250930 0.85858420 0.00000000
-0.85542880 -0.45029010 -0.25589120 0.00000000
-0.51634360 1.48066300 -0.00016094 1.00000000

0.06507021 -0.63331930 0.77115040 0.00000000
-0.55601010 0.61870060 0.55503400 0.00000000
-0.82862460 -0.46488360 -0.31187280 0.00000000
-0.51696250 1.50518300 -0.04123872 1.00000000

0.40346600 -0.61838820 0.67439730 0.00000000
-0.48339050 0.48174380 0.73092860 0.00000000
-0.77688400 -0.62090190 -0.10455570 0.00000000
-0.54991930 1.46204700 -0.00444804 1.00000000

-0.32598750 0.25266310 0.91098500 0.00000000
-0.54286440 0.73888180 -0.39918910 0.00000000
-0.77397050 -0.62467190 -0.10370450 0.00000000
-0.52543150 1.43748800 -0.04020211 1.00000000

0.43085890 -0.69111530 0.58027610 0.00000000
-0.48015170 0.36887810 0.79585390 0.00000000
-0.76407800 -0.62152110 -0.17290600 0.00000000
-0.57980610 1.43821800 -0.01079334 1.00000000

-0.26926680 0.09825177 0.95804080 0.00000000
-0.67245010 0.69294860 -0.26006410 0.00000000
-0.68942480 -0.71426110 -0.12051850 0.00000000
-0.55726660 1.42090200 -0.04815313 1.00000000

0.38595870 -0.63503120 0.66915720 0.00000000
-0.62299320 0.35555190 0.69675150 0.00000000
-0.68037880 -0.68579760 -0.25839160 0.00000000
-0.60611920 1.41549600 -0.01586057 1.00000000

-0.12821390 -0.01420273 0.99164490 0.00000000
-0.83042730 0.54816680 -0.09951836 0.00000000
-0.54217340 -0.83624860 -0.08207700 0.00000000
-0.57925840 1.39986200 -0.04499508 1.00000000

-0.63061760 -0.13395740 -0.76444570 0.00000000
-0.70542840 0.50959090 0.49263390 0.00000000
0.32356260 0.84992500 -0.41585430 0.00000000
-0.47676230 1.42990900 0.06111718 1.00000000

-0.50890300 0.75389180 0.41552960 0.00000000
0.35829650 -0.25340510 0.89855980 0.00000000
0.78271440 0.60616240 -0.14115820 0.00000000
-0.43740770 1.40480700 0.03425333 1.00000000

0.39999110 -0.71128730 -0.57799430 0.00000000
0.49774900 -0.36094800 0.78864600 0.00000000
-0.76957990 -0.60314750 0.20966680 0.00000000
-0.46987100 1.32537500 0.20157010 1.00000000

0.85061420 -0.43660850 -0.29296540 0.00000000
0.34717660 0.88484410 -0.31067540 0.00000000
0.39487220 0.16255410 0.90424120 0.00000000
-0.18165680 1.45313500 0.15131910 1.00000000

0.62144570 -0.77683130 -0.10167690 0.00000000
0.65984110 0.58893520 -0.46665330 0.00000000
0.42239200 0.22290910 0.87857640 0.00000000
-0.21850110 1.44351300 0.17395300 1.00000000

0.60058330 -0.78619740 -0.14557900 0.00000000
0.65942590 0.59000850 -0.46588350 0.00000000
0.45216920 0.18380320 0.87278820 0.00000000
-0.29763220 1.37271200 0.22985910 1.00000000

0.77039720 -0.00013327 -0.63756420 0.00000000
0.08741557 0.99057810 0.10542110 0.00000000
0.63154300 -0.13694920 0.76315030 0.00000000
-0.04425295 1.00055000 -0.14941440 1.00000000

0.76951400 -0.01020473 -0.63854840 0.00000000
0.09119914 0.99138060 0.09406061 0.00000000
0.63208450 -0.13061600 0.76381190 0.00000000
-0.15937580 1.01018000 -0.06476258 1.00000000

0.77541070 -0.00838946 -0.63140150 0.00000000
-0.08223872 -0.99273740 -0.08780507 0.00000000
-0.62607930 0.12001060 -0.77046920 0.00000000
-0.10357940 1.00623100 0.12959340 1.00000000

1.00000000 0.00000000 0.00000000 0.00000000
0.00000000 1.00000000 0.00000000 0.00000000
0.00000000 0.00000000 1.00000000 0.00000000
0.00000000 0.00000000 0.00000000 1.00000000

1.00000000 0.00000000 0.00000000 0.00000000
0.00000000 1.00000000 0.00000000 0.00000000
0.00000000 0.00000000 1.00000000 0.00000000
0.00000000 0.00000000 0.00000000 1.00000000

0.99137130 0.12998100 -0.01696244 0.00000000
-0.12856920 0.93896160 -0.31909390 0.00000000
-0.02554908 0.31852140 0.94757130 0.00000000
-0.03912357 1.57789200 -0.08902894 1.00000000

0.76683810 -0.00986012 -0.64176490 0.00000000
-0.02537497 0.99863460 -0.04566338 0.00000000
0.64133880 0.05130118 0.76554080 0.00000000
0.00937090 0.87649760 0.00849223 1.00000000

0.97372520 0.19081220 0.12429710 0.00000000
0.22413150 -0.89960330 -0.37480510 0.00000000
0.04030067 0.39281610 -0.91873350 0.00000000
0.10833400 0.84388160 -0.07925639 1.00000000

0.97372520 0.19081220 0.12429710 0.00000000
0.17283890 -0.97463210 0.14219290 0.00000000
0.14827610 -0.11697340 -0.98200370 0.00000000
0.19798660 0.48404030 -0.22917840 1.00000000

0.99773200 0.05906174 0.03228986 0.00000000
0.05903400 -0.99825440 0.00181197 0.00000000
0.03234053 0.00009834 -0.99947690 0.00000000
0.25989880 0.13651080 -0.18068630 1.00000000

0.99749310 0.06496542 0.02804944 0.00000000
0.06379032 -0.99712350 0.04093231 0.00000000
0.03062800 -0.03904037 -0.99876800 0.00000000
0.27048090 0.03251600 -0.31744510 1.00000000

0.63825410 -0.25130730 -0.72765120 0.00000000
0.23902070 0.96319260 -0.12300040 0.00000000
0.73177920 -0.09541813 0.67482940 0.00000000
-0.09491511 0.84649460 0.09084223 1.00000000

0.63825330 -0.25130740 -0.72765180 0.00000000
-0.16977350 0.87599380 -0.45145520 0.00000000
0.75087260 0.41167890 0.51644070 0.00000000
-0.19052370 0.46121840 0.14004290 1.00000000

0.32910330 -0.07661116 -0.94118110 0.00000000
-0.01632033 0.99609320 -0.08678772 0.00000000
0.94415280 0.04392252 0.32656730 0.00000000
-0.13169280 0.14818250 0.29975800 1.00000000

0.32776810 -0.09311361 -0.94015850 0.00000000
-0.11274640 0.98416460 -0.13677890 0.00000000
0.93800650 0.15083130 0.31207960 0.00000000
-0.25935930 0.03838104 0.26405400 1.00000000

0.77589920 -0.01227220 -0.63073750 0.00000000
0.02362746 0.99967460 0.00961465 0.00000000
0.63041430 -0.02236272 0.77593670 0.00000000
0.00590962 1.01271700 0.00226349 1.00000000

0.79938530 -0.03687211 -0.59968630 0.00000000
0.01188024 0.99889000 -0.04558099 0.00000000
0.60070130 0.02931237 0.79893610 0.00000000
0.00998605 1.18519000 0.00392230 1.00000000

0.82445120 -0.05285485 -0.56345940 0.00000000
-0.14547090 0.94238300 -0.30125180 0.00000000
0.54691720 0.33033440 0.76926000 0.00000000
0.01221493 1.37259300 -0.00462922 1.00000000

0.01068628 0.86401190 -0.50335810 0.00000000
0.87806840 -0.24895030 -0.40868050 0.00000000
-0.47841590 -0.43761560 -0.76132190 0.00000000
0.06513222 1.46902800 -0.04857701 1.00000000

0.52037600 0.18586730 -0.83346400 0.00000000
0.35916440 -0.93313470 0.01615100 0.00000000
-0.77473210 -0.30775530 -0.55233790 0.00000000
0.26173120 1.41328800 -0.14008040 1.00000000

0.56643100 0.18591800 -0.80286400 0.00000000
-0.13746180 -0.93925740 -0.31448370 0.00000000
-0.81256400 0.28849640 -0.50646780 0.00000000
0.36285020 1.15057400 -0.13553380 1.00000000

0.55867740 0.10534730 -0.82266740 0.00000000
-0.35232000 -0.86781160 -0.35039080 0.00000000
-0.75083290 0.48559760 -0.44771090 0.00000000
0.32969610 0.92339810 -0.21174740 1.00000000

-0.48901020 0.04694692 0.87101400 0.00000000
-0.75083290 0.48559760 -0.44771090 0.00000000
-0.44398100 -0.87292100 -0.20221300 0.00000000
0.28116490 0.84880960 -0.21627670 1.00000000

-0.38172150 -0.83230400 -0.40194430 0.00000000
-0.56942190 -0.13077870 0.81157610 0.00000000
-0.72804360 0.53867180 -0.42401100 0.00000000
0.23141310 0.81835380 -0.28855480 1.00000000

-0.58531510 -0.19124140 0.78792980 0.00000000
0.34729560 0.81899190 0.45676990 0.00000000
-0.73266110 0.54099850 -0.41295080 0.00000000
0.20416990 0.81209690 -0.24972610 1.00000000

-0.31558160 -0.85974650 -0.40155290 0.00000000
-0.58110090 -0.15944090 0.79806070 0.00000000
-0.75015350 0.48519590 -0.44928260 0.00000000
0.26068990 0.79828230 -0.27331450 1.00000000

-0.58202690 -0.15471170 0.79831640 0.00000000
0.31579420 0.86167620 0.39722610 0.00000000
-0.74934580 0.48329970 -0.45266160 0.00000000
0.23202310 0.79117990 -0.23320300 1.00000000

-0.34087960 -0.88293600 -0.32283990 0.00000000
-0.56147310 -0.08422585 0.82319760 0.00000000
-0.75402210 0.46187710 -0.46703390 0.00000000
0.28721710 0.77961800 -0.25211800 1.00000000

-0.58763150 -0.14245800 0.79648950 0.00000000
0.29520530 0.87877790 0.37497170 0.00000000
-0.75335470 0.45547280 -0.47434300 0.00000000
0.26086010 0.77566440 -0.21347490 1.00000000

-0.35350460 -0.88205250 -0.31147740 0.00000000
-0.53822140 -0.08054949 0.83894560 0.00000000
-0.76508350 0.46421490 -0.44626490 0.00000000
0.31129500 0.76388500 -0.23194230 1.00000000

-0.53457810 -0.02587994 0.84472310 0.00000000
0.38849220 0.88013830 0.27282010 0.00000000
-0.75053340 0.47401160 -0.46044830 0.00000000
0.28863380 0.76117160 -0.19597240 1.00000000

-0.46153090 0.56397040 -0.68478230 0.00000000
-0.77244510 -0.63507710 -0.00242034 0.00000000
-0.43625460 0.52783970 0.72874400 0.00000000
0.23800830 0.89676020 -0.25057380 1.00000000

-0.90752160 -0.07498259 -0.41325860 0.00000000
-0.11360530 -0.90343450 0.41340040 0.00000000
-0.40434980 0.42211820 0.81136810 0.00000000
0.19121470 0.85992470 -0.25190570 1.00000000

0.57210650 0.18389340 -0.79929820 0.00000000
-0.13746180 -0.93925740 -0.31448370 0.00000000
-0.80857810 0.28979100 -0.51207690 0.00000000
0.34484700 1.02692200 -0.17708550 1.00000000

0.53664490 -0.27966360 -0.79611610 0.00000000
0.07527499 -0.92385150 0.37527620 0.00000000
-0.84044400 -0.26131770 -0.47472860 0.00000000
0.27078610 1.41327400 -0.14881270 1.00000000

0.42571420 0.14840830 -0.89260450 0.00000000
0.35916440 -0.93313470 0.01615100 0.00000000
-0.83052300 -0.32746740 -0.45055170 0.00000000
0.26173120 1.41328800 -0.14008040 1.00000000

0.46772720 0.16351510 -0.86861620 0.00000000
0.35843240 -0.93339560 0.01729675 0.00000000
-0.80793420 -0.31943040 -0.49518370 0.00000000
0.30474310 1.30128000 -0.13800480 1.00000000

0.97531930 0.11057560 -0.19111620 0.00000000
-0.18735090 0.87248110 -0.45130520 0.00000000
0.11684210 0.47597240 0.87166410 0.00000000
-0.00960569 1.51395100 -0.04981698 1.00000000

0.98596840 0.10037700 -0.13338200 0.00000000
-0.13880360 0.93684590 -0.32101920 0.00000000
0.09273538 0.33502870 0.93763320 0.00000000
-0.02721675 1.59596400 -0.09223987 1.00000000

0.98596840 0.10037700 -0.13338200 0.00000000
-0.15548270 0.84301840 -0.51492230 0.00000000
0.06075713 0.52843580 0.84679650 0.00000000
-0.04949538 1.64024100 -0.22360440 1.00000000

0.98596840 0.10037700 -0.13338200 0.00000000
0.16236190 -0.76232120 0.62650260 0.00000000
-0.03879344 -0.63936780 -0.76792190 0.00000000
0.01716309 1.63170300 -0.20398020 1.00000000

0.98596840 0.10037700 -0.13338200 0.00000000
-0.16089110 0.78441720 -0.59900240 0.00000000
0.04450104 0.61205740 0.78956040 0.00000000
-0.10508430 1.61689600 -0.18539470 1.00000000

0.35006350 0.45363320 -0.81955640 0.00000000
0.02512430 -0.87914790 -0.47588620 0.00000000
-0.93638890 0.14599960 -0.31915480 0.00000000
-0.00703576 1.65807200 -0.19186810 1.00000000

0.98593160 0.10003670 -0.13390810 0.00000000
-0.15567750 0.84124240 -0.51776030 0.00000000
0.06085411 0.53132290 0.84498100 0.00000000
-0.08477079 1.65015800 -0.18135230 1.00000000

0.94554760 0.21705220 -0.24254490 0.00000000
0.31238000 -0.81447620 0.48892470 0.00000000
-0.09142500 -0.53806780 -0.83792870 0.00000000
-0.03087229 1.64586900 -0.22839970 1.00000000

0.96471980 0.20280990 -0.16788100 0.00000000
-0.26057380 0.82668460 -0.49869220 0.00000000
0.03764498 0.52484360 0.85036590 0.00000000
-0.06647975 1.64343600 -0.22507800 1.00000000

0.99166360 0.12838290 0.01099962 0.00000000
0.11696130 -0.93267610 0.34122660 0.00000000
0.05406672 -0.33709540 -0.93991680 0.00000000
0.02885916 1.67291400 -0.19651180 1.00000000

0.97155110 0.08181001 -0.22225150 0.00000000
-0.16800570 0.89950590 -0.40331560 0.00000000
0.16692130 0.42918110 0.88766040 0.00000000
-0.12317960 1.65873000 -0.17746360 1.00000000

0.96399660 0.20549360 -0.16876840 0.00000000
0.26342550 -0.82461700 0.50061350 0.00000000
-0.03629631 -0.52704760 -0.84906030 0.00000000
-0.00713175 1.65851500 -0.19224400 1.00000000

0.99533490 -0.00602274 -0.09629023 0.00000000
-0.04619755 0.84643890 -0.53047820 0.00000000
0.08469883 0.53245190 0.84221210 0.00000000
-0.08477292 1.65016800 -0.18136060 1.00000000

0.98303840 0.11610630 -0.14196760 0.00000000
-0.17175790 0.85423710 -0.49069140 0.00000000
0.06430170 0.50675270 0.85969020 0.00000000
-0.03518065 1.63537000 -0.12145490 1.00000000

0.93840840 0.26639650 -0.22005090 0.00000000
0.33729720 -0.84443890 0.41611760 0.00000000
-0.07496729 -0.46471090 -0.88228340 0.00000000
-0.02396832 1.55701700 -0.21108970 1.00000000

0.98381030 0.11221240 -0.13973460 0.00000000
-0.16627880 0.86238480 -0.47816740 0.00000000
0.06684867 0.49366080 0.86708150 0.00000000
-0.03911302 1.55638200 -0.21198420 1.00000000

0.99739730 -0.04211356 -0.05852538 0.00000000
0.01002222 0.88479300 -0.46587650 0.00000000
0.07140258 0.46407730 0.88291230 0.00000000
-0.05587069 1.55501000 -0.20476700 1.00000000

0.97999080 0.13586200 -0.14546240 0.00000000
0.19332140 -0.82364900 0.53313180 0.00000000
-0.04737768 -0.55058530 -0.83343340 0.00000000
-0.01571938 1.57082000 -0.19904500 1.00000000

0.98732350 0.09089238 -0.13011940 0.00000000
-0.14742050 0.82893910 -0.53956180 0.00000000
0.05881903 0.55190430 0.83183040 0.00000000
-0.06565706 1.56600600 -0.18932390 1.00000000

0.97447660 0.16737390 -0.14960480 0.00000000
0.22316060 -0.79465400 0.56455710 0.00000000
-0.02439198 -0.58353360 -0.81172300 0.00000000
-0.02653349 1.58017500 -0.21197170 1.00000000

0.98483130 0.10784480 -0.13592970 0.00000000
-0.16686220 0.80347630 -0.57147440 0.00000000
0.04758573 0.58548720 0.80928370 0.00000000
-0.04167785 1.57721100 -0.21415310 1.00000000

0.99055800 0.05490987 -0.12561770 0.00000000
-0.11906550 0.79877460 -0.58973110 0.00000000
0.06795818 0.59911960 0.79777030 0.00000000
-0.05888330 1.57789000 -0.20626430 1.00000000

