MeshAnim
1
200
83
30
0.74515000 -0.01128477 -0.66680150 0.00000000
-0.09460112 0.98795740 -0.12243660 0.00000000
0.66015320 0.15431380 0.73510890 0.00000000
0.00896705 0.87223190 -0.00310872 1.00000000

0.97567030 0.20197880 0.08527634 0.00000000
0.21917580 -0.88893370 -0.40219300 0.00000000
-0.00542951 0.41109830 -0.91157510 0.00000000
0.10710600 0.83920470 -0.09162579 1.00000000

0.97567030 0.20197880 0.08527634 0.00000000
0.18177490 -0.96269700 0.20043110 0.00000000
0.12257800 -0.18005360 -0.97598960 0.00000000
0.19477630 0.48363130 -0.25250300 1.00000000

0.99140620 0.12991620 0.01534781 0.00000000
0.13001070 -0.99149850 -0.00531897 0.00000000
0.01452622 0.00726859 -0.99986830 0.00000000
0.25981560 0.14021490 -0.18324670 1.00000000

0.99142890 0.12989890 0.01396477 0.00000000
0.12936050 -0.99100490 0.03428731 0.00000000
0.01829296 -0.03218698 -0.99931470 0.00000000
0.27535180 0.03790641 -0.32080210 1.00000000

0.47023520 -0.29244650 -0.83267870 0.00000000
0.19269510 0.95475920 -0.22650270 0.00000000
0.86124770 -0.05394355 0.50531440 0.00000000
-0.09039470 0.84219530 0.08510876 1.00000000

0.47023470 -0.29244660 -0.83267900 0.00000000
-0.10386710 0.91860560 -0.38128130 0.00000000
0.87640800 0.26577960 0.40158470 0.00000000
-0.16747300 0.46029250 0.17571030 1.00000000

0.31440730 -0.09074140 -0.94494130 0.00000000
0.01310789 0.99574090 -0.09125829 0.00000000
0.94919760 0.01630609 0.31425770 0.00000000
-0.13240290 0.13239630 0.31067580 1.00000000

0.31440730 -0.09074140 -0.94494130 0.00000000
0.04622640 0.99570350 -0.08023524 0.00000000
0.94816200 -0.01845469 0.31725120 0.00000000
-0.26382680 0.02641559 0.27712430 1.00000000

0.71430740 -0.02373815 -0.69942950 0.00000000
0.02733551 0.99960820 -0.00600906 0.00000000
0.69929810 -0.01482693 0.71467650 0.00000000
-0.00393690 1.00699500 -0.01980958 1.00000000

0.72328300 -0.06754135 -0.68724080 0.00000000
0.01996831 0.99683480 -0.07695243 0.00000000
0.69026310 0.04193535 0.72234240 0.00000000
0.00077927 1.17945600 -0.02084633 1.00000000

0.69231740 -0.21414850 -0.68908440 0.00000000
-0.23627560 0.83503030 -0.49688870 0.00000000
0.68181420 0.50681840 0.52750780 0.00000000
0.00452558 1.36647400 -0.03528350 1.00000000

0.06163079 0.94364630 -0.32516650 0.00000000
0.53705760 -0.30595590 -0.78610460 0.00000000
-0.84129120 -0.12618490 -0.52564870 0.00000000
0.04396512 1.44711200 -0.11257050 1.00000000

0.89566730 0.39975520 0.19487450 0.00000000
0.30254640 -0.22654410 -0.92582050 0.00000000
-0.32595390 0.88818560 -0.32385270 0.00000000
0.16421190 1.37860800 -0.28857890 1.00000000

0.89566730 0.39975520 0.19487450 0.00000000
-0.33976960 0.89782350 -0.28012470 0.00000000
-0.28694410 0.18468600 0.93997570 0.00000000
0.24939090 1.31482800 -0.54923300 1.00000000

0.80614150 0.53648040 0.24964970 0.00000000
-0.48301670 0.84031950 -0.24608560 0.00000000
-0.34180550 0.07779486 0.93654530 0.00000000
0.16735540 1.53208200 -0.61696170 1.00000000

-0.71001940 -0.67425010 -0.20312470 0.00000000
-0.34180560 0.07779483 0.93654540 0.00000000
-0.61566360 0.73439440 -0.28569820 0.00000000
0.10111170 1.58559200 -0.64318420 1.00000000

-0.47980850 0.87431080 -0.07324287 0.00000000
-0.81082460 -0.47375910 -0.34368040 0.00000000
-0.33518290 -0.10551360 0.93622610 0.00000000
0.07181291 1.66335200 -0.60168920 1.00000000

-0.49398200 -0.82114920 -0.28582520 0.00000000
0.80174690 -0.55738720 0.21568880 0.00000000
-0.33642800 -0.12261300 0.93369280 0.00000000
0.03302012 1.64068600 -0.61813210 1.00000000

-0.51908450 0.81518240 -0.25696140 0.00000000
-0.78401560 -0.57384620 -0.23668560 0.00000000
-0.34039820 0.07860196 0.93699030 0.00000000
0.08551224 1.66274900 -0.63780340 1.00000000

-0.40310970 -0.91282520 -0.06521551 0.00000000
0.85012600 -0.39989720 0.34259050 0.00000000
-0.33880460 0.08266014 0.93721870 0.00000000
0.04694907 1.63339600 -0.64931090 1.00000000

-0.66119820 0.59904510 -0.45162150 0.00000000
-0.61958450 -0.77546910 -0.12150190 0.00000000
-0.42300370 0.19948090 0.88389780 0.00000000
0.09524469 1.65681300 -0.67483560 1.00000000

-0.39148900 -0.91974070 0.02851741 0.00000000
0.81765160 -0.33348390 0.46929140 0.00000000
-0.42211630 0.20703980 0.88258280 0.00000000
0.06615983 1.62041000 -0.68053910 1.00000000

-0.78202880 0.40775190 -0.47134840 0.00000000
-0.49055350 -0.86920530 0.06196448 0.00000000
-0.38443240 0.27967960 0.87976770 0.00000000
0.10416800 1.64993700 -0.70811370 1.00000000

-0.04812325 -0.95022490 0.30782670 0.00000000
0.93497980 0.06557409 0.34858740 0.00000000
-0.35142180 0.30458690 0.88528510 0.00000000
0.08388968 1.61259700 -0.70507470 1.00000000

0.02468640 0.49862350 0.86646730 0.00000000
-0.89774900 0.39237540 -0.20022150 0.00000000
-0.43981550 -0.77292720 0.45732490 0.00000000
0.09116022 1.58393900 -0.57082210 1.00000000

-0.82509390 0.56349860 -0.04110390 0.00000000
-0.08654064 -0.19793740 -0.97638700 0.00000000
-0.55832870 -0.80205390 0.21208240 0.00000000
0.03774903 1.60816600 -0.58124080 1.00000000

0.88037590 0.40840190 0.24113540 0.00000000
-0.33976960 0.89782350 -0.28012470 0.00000000
-0.33090040 0.16468450 0.92918470 0.00000000
0.20480430 1.43312600 -0.58608700 1.00000000

0.57162810 0.68196900 -0.45624560 0.00000000
-0.00373840 -0.55387870 -0.83258910 0.00000000
-0.82050450 0.47763670 -0.31406310 0.00000000
0.11529140 1.44371400 -0.18830990 1.00000000

0.49242450 0.86881970 -0.05167817 0.00000000
0.30254640 -0.22654410 -0.92582050 0.00000000
-0.81607840 0.44026150 -0.37441410 0.00000000
0.16421190 1.37860800 -0.28857890 1.00000000

0.52769490 0.84865340 -0.03641170 0.00000000
0.30130150 -0.22708440 -0.92609420 0.00000000
-0.79420140 0.47772410 -0.37553170 0.00000000
0.20036810 1.35135800 -0.39971020 1.00000000

0.94060960 -0.07153332 -0.33186830 0.00000000
-0.13607380 0.81614940 -0.56159070 0.00000000
0.31102650 0.57339610 0.75794420 0.00000000
-0.03091596 1.49172900 -0.10981710 1.00000000

0.99277640 0.09234636 -0.07659712 0.00000000
-0.10245080 0.98474480 -0.14064720 0.00000000
0.06244028 0.14747860 0.98709250 0.00000000
-0.04370690 1.56844700 -0.16260660 1.00000000

0.99277640 0.09234636 -0.07659712 0.00000000
-0.11347120 0.93008350 -0.34938370 0.00000000
0.03897741 0.35555140 0.93384360 0.00000000
-0.05949915 1.63769700 -0.28380160 1.00000000

0.99277640 0.09234636 -0.07659712 0.00000000
0.11775720 -0.87227120 0.47463320 0.00000000
-0.02298278 -0.48022450 -0.87684490 0.00000000
0.00609788 1.62322200 -0.26372510 1.00000000

0.99277640 0.09234636 -0.07659712 0.00000000
-0.11700900 0.88638140 -0.44792520 0.00000000
0.02652997 0.45365200 0.89078400 0.00000000
-0.11720790 1.60960000 -0.25296490 1.00000000

0.99278090 0.09238642 -0.07649112 0.00000000
0.11338120 -0.93089970 0.34723280 0.00000000
-0.03912619 -0.35339870 -0.93465440 0.00000000
-0.01793855 1.64769000 -0.24773630 1.00000000

0.99277410 0.09232484 -0.07665345 0.00000000
-0.11347140 0.93008210 -0.34938740 0.00000000
0.03903693 0.35556070 0.93383790 0.00000000
-0.09621033 1.64040900 -0.24169740 1.00000000

0.95647970 0.23812020 -0.16865760 0.00000000
0.28270960 -0.89935260 0.33352770 0.00000000
-0.07226297 -0.36669350 -0.92753120 0.00000000
-0.04062184 1.64330000 -0.28675810 1.00000000

0.97384570 0.20748330 -0.09260190 0.00000000
-0.22677470 0.91280940 -0.33963560 0.00000000
0.01405925 0.35175230 0.93598750 0.00000000
-0.07594264 1.64092700 -0.28526390 1.00000000

0.99248520 0.09169082 0.08103210 0.00000000
0.07912116 -0.98602090 0.14663920 0.00000000
0.09334460 -0.13912590 -0.98586560 0.00000000
0.01848811 1.66180300 -0.24818360 1.00000000

0.98045250 0.09166438 -0.17409910 0.00000000
-0.12963100 0.96659560 -0.22110790 0.00000000
0.14801560 0.23935450 0.95958380 0.00000000
-0.13451130 1.64907800 -0.23768950 1.00000000

0.97486500 0.20292140 -0.09198487 0.00000000
0.22236300 -0.91191670 0.34490930 0.00000000
-0.01389298 -0.35669390 -0.93411790 0.00000000
-0.01801464 1.64824900 -0.24804780 1.00000000

0.99799570 -0.01940934 -0.06023014 0.00000000
-0.00338209 0.93407950 -0.35704920 0.00000000
0.06318989 0.35653730 0.93214180 0.00000000
-0.09621188 1.64042100 -0.24170370 1.00000000

0.99043220 0.11078320 -0.08228847 0.00000000
-0.13165660 0.93725830 -0.32282120 0.00000000
0.04136243 0.33056620 0.94287600 0.00000000
-0.04950232 1.61290700 -0.18412030 1.00000000

0.94881670 0.28562700 -0.13477410 0.00000000
0.31179840 -0.91508640 0.25573180 0.00000000
-0.05028608 -0.28466490 -0.95730730 0.00000000
-0.03635528 1.55234100 -0.28656830 1.00000000

0.99106150 0.10621730 -0.08071536 0.00000000
-0.12630080 0.94187440 -0.31132120 0.00000000
0.04295611 0.31873280 0.94687080 0.00000000
-0.05156194 1.55241200 -0.28813010 1.00000000

0.99699280 -0.07272372 -0.02676737 0.00000000
0.06204667 0.95606910 -0.28650040 0.00000000
0.04642692 0.28397800 0.95770620 0.00000000
-0.06872601 1.55016700 -0.28186200 1.00000000

0.98779990 0.13224460 -0.08223560 0.00000000
0.15353020 -0.91541360 0.37208400 0.00000000
-0.02607355 -0.38017010 -0.92454900 0.00000000
-0.02852691 1.56383100 -0.27178090 1.00000000

0.99382630 0.08169799 -0.07506478 0.00000000
-0.10409120 0.92075100 -0.37600880 0.00000000
0.03839689 0.38150110 0.92357060 0.00000000
-0.07878716 1.55881000 -0.26494180 1.00000000

0.98279440 0.16631820 -0.08033505 0.00000000
0.18466680 -0.89349660 0.40934370 0.00000000
-0.00369769 -0.41713580 -0.90883670 0.00000000
-0.03843881 1.57611200 -0.28311390 1.00000000

0.99192870 0.10019480 -0.07770839 0.00000000
-0.12349240 0.90240100 -0.41282230 0.00000000
0.02876145 0.41908660 0.90749060 0.00000000
-0.05363484 1.57393600 -0.28632980 1.00000000

0.99606390 0.04291451 -0.07755733 0.00000000
-0.07231450 0.89942290 -0.43105550 0.00000000
0.05125830 0.43496720 0.89898610 0.00000000
-0.07126167 1.57382800 -0.27909020 1.00000000

0.99273440 0.09274971 -0.07665464 0.00000000
0.11798400 -0.87541100 0.46875940 0.00000000
-0.02362698 -0.47439760 -0.87999370 0.00000000
-0.03959836 1.60628500 -0.27933020 1.00000000

0.99273440 0.09274971 -0.07665464 0.00000000
-0.11798400 0.87541100 -0.46875940 0.00000000
0.02362695 0.47439750 0.87999370 0.00000000
-0.05750963 1.60251300 -0.30043580 1.00000000

0.99273440 0.09274971 -0.07665464 0.00000000
-0.11798400 0.87541100 -0.46875940 0.00000000
0.02362695 0.47439750 0.87999370 0.00000000
-0.07238621 1.60259600 -0.27670530 1.00000000

0.99277640 0.09234636 -0.07659712 0.00000000
0.11204380 -0.48526900 0.86715640 0.00000000
0.04290852 -0.86947470 -0.49211060 0.00000000
-0.04430990 1.64752400 -0.07508601 1.00000000

0.99277640 0.09234636 -0.07659712 0.00000000
-0.10489020 0.97798100 -0.18041890 0.00000000
0.05824953 0.18714990 0.98060300 0.00000000
-0.06001629 1.71397000 -0.19854710 1.00000000

0.30302280 -0.95054110 0.06818442 0.00000000
0.93403110 0.28203710 -0.21918310 0.00000000
0.18911190 0.13010380 0.97329840 0.00000000
-0.04367289 1.47421900 -0.02534069 1.00000000

0.74371520 -0.55232190 -0.37660110 0.00000000
0.63404770 0.40429110 0.65919070 0.00000000
-0.21182910 -0.72903310 0.65087580 0.00000000
-0.25280240 1.41107100 0.02373429 1.00000000

0.74371520 -0.55232190 -0.37660110 0.00000000
-0.37080370 -0.80958150 0.45506290 0.00000000
-0.55623050 -0.19879210 -0.80690100 0.00000000
-0.43131010 1.29725100 -0.16184820 1.00000000

0.68976440 -0.54149790 -0.48063000 0.00000000
-0.36704320 -0.83371680 0.41254740 0.00000000
-0.62410300 -0.10814840 -0.77382120 0.00000000
-0.34173840 1.49318800 -0.27186590 1.00000000

-0.61554890 0.67804480 0.40169020 0.00000000
-0.62410310 -0.10814860 -0.77382120 0.00000000
-0.48124310 -0.72702080 0.48974040 0.00000000
-0.28817760 1.54605100 -0.31954430 1.00000000

-0.40518290 -0.87352210 0.26978910 0.00000000
-0.68642570 0.48558580 0.54131910 0.00000000
-0.60385980 0.03414303 -0.79635880 0.00000000
-0.24809670 1.62516400 -0.29194750 1.00000000

-0.56594960 0.71351210 0.41303980 0.00000000
0.57888820 0.70063640 -0.41712960 0.00000000
-0.58701770 0.00302965 -0.80956850 0.00000000
-0.21525590 1.60193200 -0.31784600 1.00000000

-0.29989480 -0.90037490 0.31525890 0.00000000
-0.75284870 0.42633700 0.50145360 0.00000000
-0.58590280 -0.08695894 -0.80570210 0.00000000
-0.27268570 1.62338700 -0.32168780 1.00000000

-0.48311610 0.85521490 0.18763320 0.00000000
0.67390200 0.50002320 -0.54390530 0.00000000
-0.55897680 -0.13632300 -0.81790030 0.00000000
-0.23545680 1.60129900 -0.34633060 1.00000000

-0.35728290 -0.70030030 0.61800350 0.00000000
-0.61988410 0.67273320 0.40394810 0.00000000
-0.69863640 -0.23876670 -0.67446090 0.00000000
-0.29374450 1.61626400 -0.35342320 1.00000000

-0.47053960 0.87807570 0.08703780 0.00000000
0.56665030 0.37631200 -0.73300550 0.00000000
-0.67638760 -0.29558800 -0.67463130 0.00000000
-0.26464500 1.58468500 -0.37238570 1.00000000

-0.41589170 -0.45264700 0.78876160 0.00000000
-0.50161100 0.83763930 0.21621120 0.00000000
-0.75856490 -0.30573090 -0.57541990 0.00000000
-0.31281630 1.60832200 -0.38183950 1.00000000

-0.25177190 0.92315240 -0.29051830 0.00000000
0.64554720 -0.06345337 -0.76107980 0.00000000
-0.72102690 -0.37916170 -0.57996250 0.00000000
-0.29176460 1.57229100 -0.39040310 1.00000000

-0.22536050 -0.51210710 -0.82882970 0.00000000
-0.86114300 -0.29318950 0.41529870 0.00000000
-0.45568180 0.80733290 -0.37492410 0.00000000
-0.25543660 1.54669500 -0.25423260 1.00000000

-0.67776680 -0.54954920 0.48849530 0.00000000
0.30969990 0.38919470 0.86753300 0.00000000
-0.66687210 0.73927210 -0.09358791 0.00000000
-0.20377120 1.56504000 -0.27752300 1.00000000

0.70913970 -0.56321630 -0.42415620 0.00000000
-0.37080370 -0.80958150 0.45506290 0.00000000
-0.59968790 -0.16542450 -0.78294910 0.00000000
-0.38260500 1.40395900 -0.22171170 1.00000000

0.75632490 -0.58219500 0.29836530 0.00000000
0.29290590 0.70917280 0.64131120 0.00000000
-0.58496080 -0.39764640 0.70689340 0.00000000
-0.20789680 1.44801500 0.01797528 1.00000000

0.53406950 -0.84542690 0.00481367 0.00000000
0.63404770 0.40429110 0.65919070 0.00000000
-0.55924380 -0.34900150 0.75196050 0.00000000
-0.25280240 1.41107100 0.02373429 1.00000000

0.56231060 -0.82629780 -0.03223044 0.00000000
0.63301440 0.40504470 0.65972100 0.00000000
-0.53207120 -0.39137040 0.75081930 0.00000000
-0.32876410 1.36246600 -0.05543220 1.00000000

0.74547310 0.02311155 -0.66613490 0.00000000
0.01262010 0.99873010 0.04877411 0.00000000
0.66641630 -0.04476644 0.74423470 0.00000000
-0.06071160 0.97644780 -0.19087440 1.00000000

0.74514820 -0.01136512 -0.66680210 0.00000000
0.02234044 0.99971900 0.00792589 0.00000000
0.66652460 -0.02080263 0.74519270 0.00000000
-0.17315760 0.98531780 -0.10261820 1.00000000

0.71460410 -0.01064571 -0.69944810 0.00000000
-0.01944447 -0.99980030 -0.00464867 0.00000000
-0.69925900 0.01692234 -0.71466830 0.00000000
-0.10812270 1.00133000 0.09114449 1.00000000

1.00000000 0.00000000 0.00000000 0.00000000
0.00000000 1.00000000 0.00000000 0.00000000
0.00000000 0.00000000 1.00000000 0.00000000
0.00000000 0.00000000 0.00000000 1.00000000

1.00000000 0.00000000 0.00000000 0.00000000
0.00000000 1.00000000 0.00000000 0.00000000
0.00000000 0.00000000 1.00000000 0.00000000
0.00000000 0.00000000 0.00000000 1.00000000

0.99277640 0.09234636 -0.07659712 0.00000000
-0.10489030 0.97798110 -0.18041910 0.00000000
0.05824959 0.18715010 0.98060300 0.00000000
-0.04270716 1.55550300 -0.16525250 1.00000000

0.74436860 -0.01134998 -0.66767260 0.00000000
-0.09380981 0.98816280 -0.12138390 0.00000000
0.66114690 0.15298860 0.73449250 0.00000000
0.00832665 0.87183450 -0.00134244 1.00000000

0.97609930 0.20490220 0.07242528 0.00000000
0.21652970 -0.88843950 -0.40471020 0.00000000
-0.01858068 0.41071950 -0.91157260 0.00000000
0.10633210 0.83879940 -0.09000435 1.00000000

0.97609930 0.20490220 0.07242528 0.00000000
0.18715710 -0.96194130 0.19910190 0.00000000
0.11046520 -0.18078840 -0.97729890 0.00000000
0.19294400 0.48342360 -0.25188840 1.00000000

0.99140230 0.13001550 0.01475653 0.00000000
0.13011140 -0.99148300 -0.00573228 0.00000000
0.01388544 0.00760297 -0.99987480 0.00000000
0.25987430 0.14027490 -0.18310870 1.00000000

0.99155880 0.12900320 0.01301825 0.00000000
0.12851630 -0.99115540 0.03308918 0.00000000
0.01717153 -0.03113686 -0.99936760 0.00000000
0.27533320 0.03801382 -0.32070800 1.00000000

0.47084010 -0.29068190 -0.83295480 0.00000000
0.19791790 0.95489680 -0.22136080 0.00000000
0.85973140 -0.06063110 0.50713490 0.00000000
-0.09096149 0.84180720 0.08696110 1.00000000

0.47083950 -0.29068190 -0.83295510 0.00000000
-0.11160720 0.91694760 -0.38308090 0.00000000
0.87513100 0.27333340 0.39929310 0.00000000
-0.17012890 0.45984940 0.17550590 1.00000000

0.31438290 -0.09086694 -0.94493730 0.00000000
0.01304249 0.99572780 -0.09141177 0.00000000
0.94920670 0.01641404 0.31422500 0.00000000
-0.13229810 0.13252740 0.31111760 1.00000000

0.31397000 -0.09134135 -0.94502890 0.00000000
0.04266381 0.99571340 -0.08206590 0.00000000
0.94847400 -0.01455230 0.31652120 0.00000000
-0.26371640 0.02653319 0.27758660 1.00000000

0.71391220 -0.02489657 -0.69979250 0.00000000
0.02911039 0.99955900 -0.00586366 0.00000000
0.69962990 -0.01618509 0.71432210 0.00000000
-0.00446936 1.00662500 -0.01789970 1.00000000

0.72360320 -0.06722226 -0.68693500 0.00000000
0.02025933 0.99688580 -0.07621276 0.00000000
0.68991890 0.04123096 0.72271150 0.00000000
0.00055303 1.17907800 -0.01891136 1.00000000

0.69326510 -0.21212490 -0.68875740 0.00000000
-0.23708260 0.83537950 -0.49591610 0.00000000
0.68057010 0.50709370 0.52884830 0.00000000
0.00435393 1.36610600 -0.03320976 1.00000000

0.05886731 0.94275960 -0.32823600 0.00000000
0.54390220 -0.30600610 -0.78136470 0.00000000
-0.83708140 -0.13253150 -0.53078280 0.00000000
0.04374207 1.44691300 -0.11034610 1.00000000

0.89580420 0.40178770 0.19000370 0.00000000
0.29778840 -0.22523660 -0.92768030 0.00000000
-0.32993470 0.88760070 -0.32141550 0.00000000
0.16552140 1.37839800 -0.28529330 1.00000000

0.89580420 0.40178760 0.19000370 0.00000000
-0.34450770 0.89781420 -0.27430630 0.00000000
-0.28080100 0.18026710 0.94268480 0.00000000
0.24936080 1.31498600 -0.54647090 1.00000000

0.78749750 0.56788190 0.23949480 0.00000000
-0.51592870 0.81998710 -0.24786810 0.00000000
-0.33714260 0.07163349 0.93872450 0.00000000
0.16617920 1.53223800 -0.61279320 1.00000000

-0.68594370 -0.70164380 -0.19281460 0.00000000
-0.33714260 0.07163347 0.93872450 0.00000000
-0.64483830 0.70891780 -0.28569060 0.00000000
0.09778300 1.58305700 -0.63884220 1.00000000

-0.51264080 0.85529580 -0.07529140 0.00000000
-0.79525100 -0.50604530 -0.33390740 0.00000000
-0.32369050 -0.11129890 0.93959410 0.00000000
0.06592947 1.65996400 -0.59763990 1.00000000

-0.46523030 -0.84097710 -0.27625850 0.00000000
0.82363810 -0.52560280 0.21298380 0.00000000
-0.32431680 -0.12845040 0.93718680 0.00000000
0.02788183 1.63575300 -0.61361530 1.00000000

-0.55111800 0.79344800 -0.25828210 0.00000000
-0.76389300 -0.60430530 -0.22645670 0.00000000
-0.33576290 0.07249556 0.93915280 0.00000000
0.07935914 1.65961600 -0.63385860 1.00000000

-0.36928160 -0.92764220 -0.05577326 0.00000000
0.86709930 -0.36552750 0.33842070 0.00000000
-0.33432010 0.07661170 0.93934070 0.00000000
0.04182893 1.62876600 -0.64485540 1.00000000

-0.68658800 0.57079670 -0.45031980 0.00000000
-0.59116180 -0.79884500 -0.11124010 0.00000000
-0.42323140 0.18983580 0.88591070 0.00000000
0.08901677 1.65378400 -0.67092700 1.00000000

-0.35667920 -0.93345750 0.03790776 0.00000000
0.83316140 -0.29947490 0.46492660 0.00000000
-0.42263690 0.19741300 0.88453750 0.00000000
0.06126621 1.61628400 -0.67614880 1.00000000

-0.80035060 0.37500190 -0.46777420 0.00000000
-0.45729540 -0.88641100 0.07180995 0.00000000
-0.38771150 0.27138420 0.88092610 0.00000000
0.09793007 1.64701000 -0.70422870 1.00000000

-0.01024382 -0.94915700 0.31463710 0.00000000
0.93457830 0.10281190 0.34057820 0.00000000
-0.35561050 0.29754170 0.88600810 0.00000000
0.07908285 1.60896300 -0.70077320 1.00000000

0.01284045 0.50531240 0.86284110 0.00000000
-0.91329500 0.35724410 -0.19562430 0.00000000
-0.40709620 -0.78551640 0.46608650 0.00000000
0.08846565 1.58154600 -0.56639270 1.00000000

-0.84583190 0.53207560 -0.03826168 0.00000000
-0.08672294 -0.20792350 -0.97429310 0.00000000
-0.52635310 -0.82077000 0.22201140 0.00000000
0.03410831 1.60369400 -0.57654380 1.00000000

0.87974890 0.41073540 0.23945430 0.00000000
-0.34450770 0.89781420 -0.27430630 0.00000000
-0.32765280 0.15882690 0.93135260 0.00000000
0.20415020 1.43328300 -0.58255960 1.00000000

0.56723900 0.68369580 -0.45912960 0.00000000
-0.00711343 -0.55341010 -0.83287870 0.00000000
-0.82352240 0.47570700 -0.30905220 0.00000000
0.11546310 1.44452500 -0.18554700 1.00000000

0.48988800 0.87011120 -0.05400339 0.00000000
0.29778840 -0.22523660 -0.92768030 0.00000000
-0.81934850 0.43837790 -0.36944960 0.00000000
0.16552140 1.37839800 -0.28529330 1.00000000

0.52530050 0.85002480 -0.03895053 0.00000000
0.29654320 -0.22577960 -0.92794710 0.00000000
-0.79757230 0.47590040 -0.37067120 0.00000000
0.20110650 1.35130500 -0.39664690 1.00000000

0.94114590 -0.06813643 -0.33106190 0.00000000
-0.13777750 0.81706780 -0.55983720 0.00000000
0.30864520 0.57250140 0.75959230 0.00000000
-0.03120865 1.49141300 -0.10759750 1.00000000

0.99225430 0.09774859 -0.07666224 0.00000000
-0.10884340 0.98154040 -0.15726330 0.00000000
0.05987486 0.16438940 0.98457690 0.00000000
-0.04415973 1.56821800 -0.16022220 1.00000000

0.99225430 0.09774859 -0.07666224 0.00000000
-0.11916360 0.92332160 -0.36507160 0.00000000
0.03509876 0.37137910 0.92781770 0.00000000
-0.06022400 1.63532300 -0.28258270 1.00000000

0.99225430 0.09774859 -0.07666224 0.00000000
0.12286130 -0.86339440 0.48934210 0.00000000
-0.01835725 -0.49497050 -0.86871610 0.00000000
0.00543623 1.62163300 -0.26217050 1.00000000

0.99225430 0.09774859 -0.07666224 0.00000000
-0.12225060 0.87795420 -0.46287280 0.00000000
0.02206078 0.46865950 0.88310340 0.00000000
-0.11779210 1.60736000 -0.25136610 1.00000000

0.99225840 0.09779257 -0.07655141 0.00000000
0.11906990 -0.92430500 0.36260550 0.00000000
-0.03529680 -0.36891320 -0.92879360 0.00000000
-0.01878903 1.64619700 -0.24662820 1.00000000

0.99224980 0.09770587 -0.07677245 0.00000000
-0.11915150 0.92346310 -0.36471780 0.00000000
0.03526136 0.37103870 0.92794780 0.00000000
-0.09701960 1.63849100 -0.24058410 1.00000000

0.95512500 0.24171370 -0.17120370 0.00000000
0.28821660 -0.89171900 0.34895390 0.00000000
-0.06831861 -0.38263850 -0.92136900 0.00000000
-0.04138009 1.64100200 -0.28560460 1.00000000

0.97257550 0.21247140 -0.09462017 0.00000000
-0.23236380 0.90544900 -0.35520350 0.00000000
0.01020309 0.36744840 0.92998780 0.00000000
-0.07668646 1.63841600 -0.28412320 1.00000000

0.99171600 0.09972824 0.08095518 0.00000000
0.08551338 -0.98287340 0.16324120 0.00000000
0.09584841 -0.15496620 -0.98325930 0.00000000
0.01754266 1.66054700 -0.24725780 1.00000000

0.98009040 0.09535238 -0.17415740 0.00000000
-0.13577280 0.96186480 -0.23744910 0.00000000
0.14487450 0.25636740 0.95566070 0.00000000
-0.13538430 1.64696600 -0.23677860 1.00000000

0.97362420 0.20792740 -0.09392524 0.00000000
0.22793780 -0.90449800 0.36045490 0.00000000
-0.01000682 -0.37235690 -0.92803590 0.00000000
-0.01886839 1.64675100 -0.24694920 1.00000000

0.99819850 -0.01367989 -0.05841911 0.00000000
-0.00909166 0.92793150 -0.37264000 0.00000000
0.05930659 0.37249980 0.92613540 0.00000000
-0.09702122 1.63850200 -0.24059070 1.00000000

0.98979500 0.11607150 -0.08266503 0.00000000
-0.13743780 0.93083020 -0.33862370 0.00000000
0.03764242 0.34652920 0.93728360 0.00000000
-0.05021959 1.61227100 -0.18248570 1.00000000

0.94738590 0.28895580 -0.13771220 0.00000000
0.31667130 -0.90882800 0.27157220 0.00000000
-0.04668424 -0.30089320 -0.95251480 0.00000000
-0.03651575 1.55020900 -0.28390680 1.00000000

0.99044480 0.11159140 -0.08103502 0.00000000
-0.13217660 0.93577530 -0.32688530 0.00000000
0.03935298 0.33447280 0.94158350 0.00000000
-0.05171875 1.55011200 -0.28549330 1.00000000

0.99754860 -0.06554139 -0.02452207 0.00000000
0.05509157 0.95161280 -0.30232120 0.00000000
0.04315010 0.30022900 0.95289060 0.00000000
-0.06888001 1.54788300 -0.27921180 1.00000000

0.98693660 0.13804900 -0.08305988 0.00000000
0.15961300 -0.90793080 0.38753830 0.00000000
-0.02191332 -0.39573300 -0.91810430 0.00000000
-0.02875284 1.56190000 -0.26928490 1.00000000

0.99341030 0.08676167 -0.07489043 0.00000000
-0.10931270 0.91364060 -0.39155050 0.00000000
0.03445128 0.39715680 0.91710390 0.00000000
-0.07903449 1.55664500 -0.26243300 1.00000000

0.98183240 0.17134280 -0.08152777 0.00000000
0.18974930 -0.88530280 0.42454000 0.00000000
0.00056523 -0.43229690 -0.90173120 0.00000000
-0.03875669 1.57386800 -0.28082440 1.00000000

0.99133970 0.10570190 -0.07792690 0.00000000
-0.12902390 0.89450110 -0.42804280 0.00000000
0.02446061 0.43439030 0.90039280 0.00000000
-0.05392529 1.57155200 -0.28403140 1.00000000

0.99584350 0.04873758 -0.07694623 0.00000000
-0.07810469 0.89155470 -0.44612780 0.00000000
0.04685849 0.45028330 0.89165540 0.00000000
-0.07154155 1.57140800 -0.27680950 1.00000000

0.99220940 0.09815066 -0.07672659 0.00000000
0.12311860 -0.86663060 0.48352200 0.00000000
-0.01903558 -0.48920160 -0.87196310 0.00000000
-0.04011887 1.60411700 -0.27755550 1.00000000

0.99220940 0.09815066 -0.07672659 0.00000000
-0.12311850 0.86663060 -0.48352190 0.00000000
0.01903561 0.48920140 0.87196310 0.00000000
-0.05797103 1.59987500 -0.29862200 1.00000000

0.99220940 0.09815066 -0.07672659 0.00000000
-0.12311850 0.86663060 -0.48352190 0.00000000
0.01903561 0.48920140 0.87196310 0.00000000
-0.07288527 1.60025100 -0.27491770 1.00000000

0.99225430 0.09774859 -0.07666224 0.00000000
0.11392140 -0.46992720 0.87532310 0.00000000
0.04953593 -0.87727650 -0.47742280 0.00000000
-0.04543370 1.64874200 -0.07403853 1.00000000

0.99225430 0.09774859 -0.07666224 0.00000000
-0.11117400 0.97409600 -0.19691980 0.00000000
0.05542782 0.20391730 0.97741780 0.00000000
-0.06138964 1.71300500 -0.19861780 1.00000000

0.29741780 -0.95126700 0.08144882 0.00000000
0.93570640 0.27347100 -0.22286200 0.00000000
0.18972720 0.14249530 0.97144150 0.00000000
-0.04401591 1.47376400 -0.02315770 1.00000000

0.74217180 -0.55840030 -0.37063500 0.00000000
0.63574140 0.41149060 0.65307610 0.00000000
-0.21216510 -0.72032270 0.66039490 0.00000000
-0.25352050 1.41253400 0.02674101 1.00000000

0.74217180 -0.55840020 -0.37063510 0.00000000
-0.38262010 -0.80705400 0.44973990 0.00000000
-0.55025730 -0.19197190 -0.81262760 0.00000000
-0.43250490 1.29668600 -0.15711990 1.00000000

0.68862240 -0.53037010 -0.49447640 0.00000000
-0.35769200 -0.84163850 0.40460010 0.00000000
-0.63075800 -0.10174640 -0.76928000 0.00000000
-0.34007470 1.49201400 -0.26585120 1.00000000

-0.61604810 0.66846160 0.41670610 0.00000000
-0.63075820 -0.10174650 -0.76928000 0.00000000
-0.47183590 -0.73675440 0.48431840 0.00000000
-0.28731450 1.54587100 -0.31330940 1.00000000

-0.39693640 -0.87975300 0.26168000 0.00000000
-0.68434290 0.47366280 0.55436310 0.00000000
-0.61165060 0.04096808 -0.79006650 0.00000000
-0.24748350 1.62486400 -0.28501730 1.00000000

-0.56657280 0.70409740 0.42806810 0.00000000
0.57033850 0.71003090 -0.41300140 0.00000000
-0.59473470 0.01014838 -0.80385790 0.00000000
-0.21474240 1.60220200 -0.31153990 1.00000000

-0.29104730 -0.90652660 0.30578060 0.00000000
-0.75075980 0.41452410 0.51432450 0.00000000
-0.59300180 -0.07987497 -0.80122950 0.00000000
-0.27234350 1.62332900 -0.31454510 1.00000000

-0.48681380 0.84938900 0.20383990 0.00000000
0.66543030 0.51178670 -0.54339420 0.00000000
-0.56587550 -0.12889050 -0.81435390 0.00000000
-0.23521000 1.60182200 -0.33983790 1.00000000

-0.34683070 -0.71096090 0.61175440 0.00000000
-0.62032700 0.66309150 0.41893230 0.00000000
-0.70349340 -0.23418920 -0.67100830 0.00000000
-0.29365820 1.61649900 -0.34617370 1.00000000

-0.47534720 0.87369530 0.10345100 0.00000000
0.55717750 0.38994920 -0.73313960 0.00000000
-0.68088090 -0.29085530 -0.67216400 0.00000000
-0.26453800 1.58537200 -0.36583970 1.00000000

-0.40540300 -0.46603900 0.78641980 0.00000000
-0.50492090 0.83130540 0.23234960 0.00000000
-0.76203900 -0.30288450 -0.57232650 0.00000000
-0.31294900 1.60881700 -0.37451390 1.00000000

-0.26049330 0.92533120 -0.27550980 0.00000000
0.63864080 -0.04886541 -0.76795200 0.00000000
-0.72407280 -0.37599810 -0.57822490 0.00000000
-0.29174780 1.57304500 -0.38376670 1.00000000

-0.22995900 -0.50228580 -0.83356330 0.00000000
-0.85522340 -0.30446470 0.41939770 0.00000000
-0.46444810 0.80932720 -0.35955210 0.00000000
-0.25395560 1.54584300 -0.24830790 1.00000000

-0.66950450 -0.56058070 0.48735330 0.00000000
0.31545650 0.37941770 0.86978700 0.00000000
-0.67249630 0.73606510 -0.07718304 0.00000000
-0.20263480 1.56484300 -0.27183400 1.00000000

0.70359410 -0.57001860 -0.42430440 0.00000000
-0.38262010 -0.80705400 0.44973990 0.00000000
-0.59879660 -0.15408700 -0.78593890 0.00000000
-0.38224360 1.40306300 -0.21628360 1.00000000

0.75440390 -0.58050200 0.30641840 0.00000000
0.29566370 0.71728100 0.63094450 0.00000000
-0.58605270 -0.38539020 0.71275310 0.00000000
-0.20853050 1.44905500 0.02035570 1.00000000

0.53110220 -0.84714180 0.01676267 0.00000000
0.63574140 0.41149060 0.65307610 0.00000000
-0.56014590 -0.33619340 0.75710680 0.00000000
-0.25352050 1.41253400 0.02674101 1.00000000

0.55934020 -0.82868500 -0.02048859 0.00000000
0.63471030 0.41225290 0.65359820 0.00000000
-0.53318060 -0.37858810 0.75656440 0.00000000
-0.32968580 1.36306300 -0.05169078 1.00000000

0.74472380 0.02371316 -0.66695140 0.00000000
0.01343377 0.99863340 0.05050620 0.00000000
0.66723760 -0.04657283 0.74338750 0.00000000
-0.06147037 0.97629540 -0.18892790 1.00000000

0.74436440 -0.01152179 -0.66767420 0.00000000
0.02343768 0.99968580 0.00887857 0.00000000
0.66736230 -0.02225761 0.74440060 0.00000000
-0.17380600 0.98518720 -0.10053330 1.00000000

0.71418070 -0.01065630 -0.69988040 0.00000000
-0.02041670 -0.99977580 -0.00561136 0.00000000
-0.69966370 0.01829675 -0.71423810 0.00000000
-0.10855710 1.00104100 0.09310019 1.00000000

1.00000000 0.00000000 0.00000000 0.00000000
0.00000000 1.00000000 0.00000000 0.00000000
0.00000000 0.00000000 1.00000000 0.00000000
0.00000000 0.00000000 0.00000000 1.00000000

1.00000000 0.00000000 0.00000000 0.00000000
0.00000000 1.00000000 0.00000000 0.00000000
0.00000000 0.00000000 1.00000000 0.00000000
0.00000000 0.00000000 0.00000000 1.00000000

0.99225430 0.09774859 -0.07666224 0.00000000
-0.11117400 0.97409590 -0.19691990 0.00000000
0.05542782 0.20391740 0.97741780 0.00000000
-0.04306879 1.55523800 -0.16264950 1.00000000

0.74291340 -0.01137424 -0.66929100 0.00000000
-0.09334119 0.98832690 -0.12040490 0.00000000
0.66284790 0.15192280 0.73317960 0.00000000
0.00741320 0.87091300 -0.00048729 1.00000000

0.97627710 0.20802660 0.06006670 0.00000000
0.21424480 -0.88792780 -0.40704230 0.00000000
-0.03134069 0.41025500 -0.91143210 0.00000000
0.10520210 0.83787530 -0.08938704 1.00000000

0.97627710 0.20802660 0.06006670 0.00000000
0.19253820 -0.96096230 0.19869700 0.00000000
0.09905621 -0.18241830 -0.97821850 0.00000000
0.19090010 0.48270420 -0.25220400 1.00000000

0.99138810 0.13028400 0.01326489 0.00000000
0.13038200 -0.99144050 -0.00681178 0.00000000
0.01226401 0.00848259 -0.99988890 0.00000000
0.25972240 0.13990070 -0.18357050 1.00000000

0.99164490 0.12851720 0.01112542 0.00000000
0.12812410 -0.99127920 0.03081597 0.00000000
0.01498887 -0.02913304 -0.99946330 0.00000000
0.27498730 0.03776461 -0.32128430 1.00000000

0.47120050 -0.28975460 -0.83307410 0.00000000
0.20300500 0.95477080 -0.21725940 0.00000000
0.85834680 -0.06674550 0.50871010 0.00000000
-0.09170579 0.84088960 0.08800738 1.00000000

0.47119990 -0.28975460 -0.83307440 0.00000000
-0.11927290 0.91489270 -0.38567480 0.00000000
0.87392500 0.28109310 0.39653750 0.00000000
-0.17290810 0.45898210 0.17491160 1.00000000

0.31433980 -0.09121218 -0.94491850 0.00000000
0.01289566 0.99569180 -0.09182341 0.00000000
0.94922300 0.01667840 0.31416180 0.00000000
-0.13234330 0.13237500 0.31145370 1.00000000

0.31352500 -0.09182421 -0.94512980 0.00000000
0.03938768 0.99571460 -0.08367287 0.00000000
0.94876280 -0.01099301 0.31579820 0.00000000
-0.26374850 0.02634841 0.27797420 1.00000000

0.71310720 -0.02693537 -0.70053750 0.00000000
0.03144567 0.99948480 -0.00641991 0.00000000
0.70034960 -0.01745080 0.71358680 0.00000000
-0.00531889 1.00572600 -0.01691101 1.00000000

0.72409470 -0.06678881 -0.68645920 0.00000000
0.02017241 0.99692540 -0.07571717 0.00000000
0.68940560 0.04097885 0.72321560 0.00000000
0.00010641 1.17816700 -0.01801863 1.00000000

0.69500730 -0.20890770 -0.68798430 0.00000000
-0.23882970 0.83545250 -0.49495430 0.00000000
0.67817800 0.50830780 0.53075220 0.00000000
0.00389100 1.36520100 -0.03222406 1.00000000

0.05578567 0.94257010 -0.32931700 0.00000000
0.55309470 -0.30377260 -0.77576330 0.00000000
-0.83124890 -0.13886700 -0.53827670 0.00000000
0.04315639 1.44625200 -0.10916730 1.00000000

0.89474960 0.40678520 0.18425470 0.00000000
0.29424770 -0.22666730 -0.92846120 0.00000000
-0.33591990 0.88495660 -0.32250590 0.00000000
0.16699390 1.37823700 -0.28286040 1.00000000

0.89474960 0.40678520 0.18425460 0.00000000
-0.35107260 0.89574560 -0.27274240 0.00000000
-0.27599250 0.17934940 0.94427870 0.00000000
0.24983650 1.31442200 -0.54425790 1.00000000

0.77166700 0.59384500 0.22776950 0.00000000
-0.54161950 0.80128360 -0.25415280 0.00000000
-0.33343510 0.07275698 0.93996160 0.00000000
0.16506660 1.53117500 -0.61020280 1.00000000

-0.66589260 -0.72396450 -0.18017620 0.00000000
-0.33343510 0.07275699 0.93996160 0.00000000
-0.66738980 0.68599030 -0.28984350 0.00000000
0.09503045 1.57962500 -0.63640700 1.00000000

-0.53833950 0.83872690 -0.08202606 0.00000000
-0.78183080 -0.53339450 -0.32284890 0.00000000
-0.31453400 -0.10967170 0.94288960 0.00000000
0.06115007 1.65603600 -0.59590580 1.00000000

-0.44163560 -0.85766110 -0.26339370 0.00000000
0.84020560 -0.49832140 0.21384840 0.00000000
-0.31466380 -0.12686170 0.94068750 0.00000000
0.02374446 1.63051700 -0.61135210 1.00000000

-0.57606500 0.77358790 -0.26402900 0.00000000
-0.74690910 -0.62939310 -0.21445670 0.00000000
-0.33207890 0.07366470 0.94037080 0.00000000
0.07436448 1.65565600 -0.63220320 1.00000000

-0.34181420 -0.93880500 -0.04252695 0.00000000
0.87963780 -0.33554290 0.33711900 0.00000000
-0.33075840 0.07782380 0.94050130 0.00000000
0.03770401 1.62357600 -0.64259680 1.00000000

-0.70600270 0.54473850 -0.45257130 0.00000000
-0.56776460 -0.81732790 -0.09807685 0.00000000
-0.42332510 0.18771160 0.88631850 0.00000000
0.08396687 1.64967400 -0.66926180 1.00000000

-0.32847690 -0.94312730 0.05113317 0.00000000
0.84451410 -0.26902610 0.46305670 0.00000000
-0.42296490 0.19528620 0.88485250 0.00000000
0.05731460 1.61130600 -0.67386580 1.00000000

-0.81398560 0.34545580 -0.46699970 0.00000000
-0.43024290 -0.89869090 0.08512549 0.00000000
-0.39028090 0.27021430 0.88015070 0.00000000
0.09287610 1.64277100 -0.70253830 1.00000000

0.01994225 -0.94522830 0.32580160 0.00000000
0.93314700 0.13458750 0.33335340 0.00000000
-0.35894330 0.29737300 0.88472010 0.00000000
0.07519194 1.60422400 -0.69851640 1.00000000

0.00300741 0.51571050 0.85675790 0.00000000
-0.92470050 0.32759140 -0.19394210 0.00000000
-0.38068430 -0.79166110 0.47786240 0.00000000
0.08620118 1.57870100 -0.56388640 1.00000000

-0.86152390 0.50621220 -0.03907534 0.00000000
-0.08639014 -0.22199650 -0.97121290 0.00000000
-0.50031420 -0.83334720 0.23498660 0.00000000
0.03114762 1.59910100 -0.57394800 1.00000000

0.87768640 0.41628780 0.23742720 0.00000000
-0.35107260 0.89574560 -0.27274240 0.00000000
-0.32621350 0.15602810 0.93233060 0.00000000
0.20376130 1.43244700 -0.58014170 1.00000000

0.56167810 0.68497470 -0.46403450 0.00000000
-0.00860816 -0.55599610 -0.83114060 0.00000000
-0.82731150 0.47082780 -0.30639460 0.00000000
0.11588780 1.44387000 -0.18433640 1.00000000

0.48545160 0.87226410 -0.05909824 0.00000000
0.29424770 -0.22666730 -0.92846120 0.00000000
-0.82325920 0.43333340 -0.36669780 0.00000000
0.16699390 1.37823700 -0.28286040 1.00000000

0.52107450 0.85236910 -0.04414243 0.00000000
0.29300390 -0.22721730 -0.92872020 0.00000000
-0.80164250 0.47099840 -0.36814490 0.00000000
0.20215440 1.35097100 -0.39430680 1.00000000

0.94209710 -0.06319471 -0.32933210 0.00000000
-0.14012130 0.81805540 -0.55780960 0.00000000
0.30466260 0.57165720 0.76183260 0.00000000
-0.03193365 1.49052000 -0.10646750 1.00000000

0.99130580 0.10652630 -0.07723382 0.00000000
-0.11919190 0.97564040 -0.18417160 0.00000000
0.05573335 0.19177610 0.97985500 0.00000000
-0.04510505 1.56741700 -0.15890160 1.00000000

0.99130580 0.10652630 -0.07723382 0.00000000
-0.12838110 0.91167680 -0.39033780 0.00000000
0.02883106 0.39685940 0.91742650 0.00000000
-0.06161093 1.63098600 -0.28307800 1.00000000

0.99130580 0.10652630 -0.07723382 0.00000000
0.13112800 -0.84835230 0.51293680 0.00000000
-0.01088038 -0.51860460 -0.85494520 0.00000000
0.00414559 1.61858500 -0.26216520 1.00000000

0.99130580 0.10652630 -0.07723382 0.00000000
-0.13073940 0.86363310 -0.48687290 0.00000000
0.01483697 0.49273730 0.87005160 0.00000000
-0.11894440 1.60325600 -0.25123180 1.00000000

0.99130970 0.10657680 -0.07711580 0.00000000
0.12828400 -0.91299740 0.38727170 0.00000000
-0.02913249 -0.39379870 -0.91873520 0.00000000
-0.02038290 1.64328900 -0.24734710 1.00000000

0.99129720 0.10642050 -0.07749104 0.00000000
-0.12835240 0.91213380 -0.38927840 0.00000000
0.02925512 0.39583670 0.91785490 0.00000000
-0.09853869 1.63489100 -0.24125800 1.00000000

0.95283030 0.24744790 -0.17573920 0.00000000
0.29711630 -0.87866840 0.37371660 0.00000000
-0.06194112 -0.40830340 -0.91074230 0.00000000
-0.04282308 1.63678700 -0.28621440 1.00000000

0.97041710 0.22049450 -0.09835136 0.00000000
-0.24140220 0.89283620 -0.38022180 0.00000000
0.00397503 0.39271590 0.91965140 0.00000000
-0.07810252 1.63385500 -0.28473650 1.00000000

0.99037130 0.11278940 0.08026981 0.00000000
0.09586370 -0.97706660 0.19013520 0.00000000
0.09987402 -0.18060940 -0.97847120 0.00000000
0.01579116 1.65801500 -0.24829180 1.00000000

0.97940090 0.10134370 -0.17465240 0.00000000
-0.14571390 0.95349450 -0.26384750 0.00000000
0.13979100 0.28386170 0.94862080 0.00000000
-0.13700270 1.64304500 -0.23776460 1.00000000

0.97151400 0.21598300 -0.09753075 0.00000000
0.23695360 -0.89179150 0.38543620 0.00000000
-0.00372952 -0.39756670 -0.91756570 0.00000000
-0.02046754 1.64383400 -0.24768310 1.00000000

0.99842440 -0.00429226 -0.05594942 0.00000000
-0.01834834 0.91728870 -0.39780000 0.00000000
0.05302945 0.39819980 0.91576470 0.00000000
-0.09854043 1.63490200 -0.24126480 1.00000000

0.98866080 0.12465130 -0.08373863 0.00000000
-0.14679580 0.91974250 -0.36403970 0.00000000
0.03164014 0.37220410 0.92761170 0.00000000
-0.05159315 1.61077900 -0.18236960 1.00000000

0.94501550 0.29420240 -0.14279760 0.00000000
0.32446430 -0.89805330 0.29702370 0.00000000
-0.04085496 -0.32702460 -0.94413240 0.00000000
-0.03699804 1.54635600 -0.28208060 1.00000000

0.98934460 0.12029550 -0.08201510 0.00000000
-0.14167640 0.92523450 -0.35195000 0.00000000
0.03354532 0.35981950 0.93241890 0.00000000
-0.05219208 1.54597600 -0.28369610 1.00000000

0.99832560 -0.05371105 -0.02147931 0.00000000
0.04371735 0.94370120 -0.32789790 0.00000000
0.03788191 0.32640970 0.94446890 0.00000000
-0.06934837 1.54378000 -0.27738900 1.00000000

0.98542140 0.14743510 -0.08489785 0.00000000
0.16945200 -0.89511030 0.41238800 0.00000000
-0.01519266 -0.42076200 -0.90704420 0.00000000
-0.02933066 1.55834200 -0.26772690 1.00000000

0.99264050 0.09503794 -0.07505327 0.00000000
-0.11780270 0.90144120 -0.41656490 0.00000000
0.02806678 0.42234060 0.90600280 0.00000000
-0.07965023 1.55270400 -0.26083110 1.00000000

0.98018120 0.17944000 -0.08394313 0.00000000
0.19796520 -0.87135880 0.44893610 0.00000000
0.00741237 -0.45665650 -0.88961230 0.00000000
-0.03948647 1.56978100 -0.27958420 1.00000000

0.99028700 0.11458960 -0.07874611 0.00000000
-0.13792980 0.88102870 -0.45250850 0.00000000
0.01752493 0.45897460 0.88827650 0.00000000
-0.05460835 1.56724200 -0.28276960 1.00000000

0.99537520 0.05819419 -0.07643276 0.00000000
-0.08745788 0.87812630 -0.47036720 0.00000000
0.03974509 0.47487640 0.87915470 0.00000000
