MeshAnim
1
15
83
30
0.70174050 -0.01923005 -0.71217310 0.00000000
-0.12141380 0.98178420 -0.14614530 0.00000000
0.70201080 0.18902360 0.68662300 0.00000000
-0.01425967 0.91189660 0.00745060 1.00000000

0.96702560 0.15581200 -0.20145530 0.00000000
0.10518740 -0.96474680 -0.24124530 0.00000000
-0.23194230 0.21209980 -0.94932430 0.00000000
0.07873456 0.87782160 -0.08608173 1.00000000

0.96702560 0.15581200 -0.20145530 0.00000000
0.16802930 -0.98475750 0.04493134 0.00000000
-0.19138390 -0.07730016 -0.97846660 0.00000000
0.12080950 0.49192290 -0.18257980 1.00000000

0.99557550 0.08724444 -0.03489929 0.00000000
0.08643638 -0.99596760 -0.02403077 0.00000000
-0.03685513 0.02090784 -0.99910190 0.00000000
0.18025650 0.14087350 -0.16873510 1.00000000

0.99557550 0.08724444 -0.03489929 0.00000000
0.08643638 -0.99596760 -0.02403077 0.00000000
-0.03685513 0.02090784 -0.99910190 0.00000000
0.18421250 0.03996819 -0.30813510 1.00000000

0.41544540 -0.12455050 -0.90105060 0.00000000
0.11351660 0.98993650 -0.08449820 0.00000000
0.90250710 -0.06717975 0.42540320 0.00000000
-0.10726060 0.88291810 0.10267850 1.00000000

0.41544510 -0.12455050 -0.90105080 0.00000000
-0.09505452 0.97921330 -0.17918140 0.00000000
0.90463810 0.16008900 0.39497040 0.00000000
-0.15266750 0.48694430 0.13647850 1.00000000

0.51876870 -0.06894711 -0.85212990 0.00000000
0.04491960 0.99756410 -0.05336780 0.00000000
0.85373390 -0.01059176 0.52060220 0.00000000
-0.12079990 0.13768690 0.19944840 1.00000000

0.51876870 -0.06894711 -0.85212990 0.00000000
0.04491960 0.99756410 -0.05336780 0.00000000
0.85373390 -0.01059176 0.52060220 0.00000000
-0.24245780 0.03520185 0.13367590 1.00000000

0.68701300 -0.02438983 -0.72623570 0.00000000
0.03487734 0.99939140 -0.00056981 0.00000000
0.72580770 -0.02493769 0.68744560 0.00000000
-0.03082117 1.04581700 -0.01248442 1.00000000

0.66712400 -0.05459869 -0.74294320 0.00000000
0.17089540 0.98192990 0.08129329 0.00000000
0.72507970 -0.18119820 0.66439960 0.00000000
-0.02480382 1.21824200 -0.01258274 1.00000000

0.65097570 -0.04988907 -0.75745740 0.00000000
0.08077972 0.99672480 0.00377571 0.00000000
0.75478830 -0.06364507 0.65287380 0.00000000
0.00725819 1.40246300 0.00266886 1.00000000

0.36921420 0.87365010 -0.31688590 0.00000000
0.77250820 -0.47806750 -0.41795030 0.00000000
-0.51663510 -0.09048380 -0.85141110 0.00000000
0.07662088 1.49369100 -0.02728839 1.00000000

0.18351020 0.31333670 -0.93174270 0.00000000
0.31881330 -0.91557630 -0.24510860 0.00000000
-0.92988290 -0.25207200 -0.26791350 0.00000000
0.24958510 1.38665200 -0.12086750 1.00000000

0.92429640 0.16373450 -0.34477090 0.00000000
-0.03018549 -0.86912140 -0.49367690 0.00000000
-0.38047990 0.46671090 -0.79838350 0.00000000
0.33934350 1.12888200 -0.18987560 1.00000000

0.72804210 0.27620410 -0.62742820 0.00000000
-0.07275753 -0.87894060 -0.47134890 0.00000000
-0.68166070 0.38881200 -0.61980990 0.00000000
0.33220200 0.91866830 -0.30935680 1.00000000

-0.70434720 -0.11938160 0.69974510 0.00000000
-0.68166070 0.38881200 -0.61980990 0.00000000
-0.19807540 -0.91354980 -0.35523640 0.00000000
0.30185400 0.83759570 -0.33046260 1.00000000

-0.34541400 -0.84994890 -0.39783940 0.00000000
-0.58756230 -0.13469040 0.79789030 0.00000000
-0.73175120 0.50935790 -0.45287410 0.00000000
0.28009040 0.80591490 -0.41501790 1.00000000

-0.26261120 0.40808180 0.87435970 0.00000000
0.62770390 0.76046110 -0.16639390 0.00000000
-0.73281870 0.50514200 -0.45586010 0.00000000
0.25197910 0.79947070 -0.37684390 1.00000000

-0.12275430 -0.86146040 -0.49276540 0.00000000
-0.73735260 -0.25316620 0.62627350 0.00000000
-0.66426100 0.44021960 -0.60412250 0.00000000
0.30748200 0.78984610 -0.39302340 1.00000000

-0.64129810 0.08738154 0.76230000 0.00000000
0.38650450 0.89503230 0.22255700 0.00000000
-0.66283580 0.43735780 -0.60775580 0.00000000
0.27085290 0.77807610 -0.36138610 1.00000000

-0.20858700 -0.92743390 -0.31041630 0.00000000
-0.70170950 -0.07916800 0.70805100 0.00000000
-0.68124540 0.36551230 -0.63427560 0.00000000
0.33041070 0.77412860 -0.36603130 1.00000000

-0.64629020 0.10664110 0.75560370 0.00000000
0.34382180 0.92467780 0.16357790 0.00000000
-0.68124570 0.36551180 -0.63427560 0.00000000
0.29747060 0.77041230 -0.33279360 1.00000000

-0.27073020 -0.95187500 0.14366410 0.00000000
-0.63221030 0.28835020 0.71914180 0.00000000
-0.72595830 0.10386750 -0.67985010 0.00000000
0.35074030 0.76095930 -0.34058310 1.00000000

-0.45604130 0.67340710 0.58185010 0.00000000
0.51504060 0.73288720 -0.44453310 0.00000000
-0.72578210 0.09695099 -0.68105880 0.00000000
0.32401080 0.77400450 -0.31008600 1.00000000

-0.86816860 0.01895805 -0.49590720 0.00000000
-0.22616960 -0.90457830 0.36136670 0.00000000
-0.44173590 0.42588630 0.78961400 0.00000000
0.26113950 0.88039480 -0.37345790 1.00000000

-0.28898430 -0.92920310 0.23036940 0.00000000
0.87370060 -0.15762460 0.46021960 0.00000000
-0.39132540 0.33427010 0.85739590 0.00000000
0.24616690 0.82656690 -0.35280170 1.00000000

0.83553990 0.24913790 -0.48969720 0.00000000
-0.03018549 -0.86912140 -0.49367690 0.00000000
-0.54860010 0.42726850 -0.71866540 0.00000000
0.33552900 1.01446100 -0.25494460 1.00000000

0.57230410 -0.06333975 -0.81759160 0.00000000
0.01414344 -0.99610190 0.08706944 0.00000000
-0.81991970 -0.06139376 -0.56917740 0.00000000
0.24134960 1.38939600 -0.11374320 1.00000000

0.48517850 0.37979930 -0.78762580 0.00000000
0.31881330 -0.91557630 -0.24510860 0.00000000
-0.81422350 -0.13218420 -0.56530300 0.00000000
0.24958510 1.38665200 -0.12086750 1.00000000

0.49412610 0.37997360 -0.78195880 0.00000000
0.31854540 -0.91601290 -0.24382240 0.00000000
-0.80893040 -0.12861040 -0.57366470 0.00000000
0.28781060 1.27673100 -0.15012620 1.00000000

0.96591660 -0.01206323 -0.25857260 0.00000000
0.01104351 0.99992450 -0.00539589 0.00000000
0.25861830 0.00235641 0.96597680 0.00000000
0.01937511 1.55197200 0.00323524 1.00000000

0.99916540 0.02102942 -0.03501675 0.00000000
-0.02533196 0.99153410 -0.12735250 0.00000000
0.03204224 0.12813330 0.99123930 0.00000000
0.02041320 1.64596500 0.00272801 1.00000000

0.99916540 0.02102942 -0.03501675 0.00000000
-0.03162308 0.94086950 -0.33729000 0.00000000
0.02585310 0.33811580 0.94074940 0.00000000
0.01416869 1.73777100 -0.12031720 1.00000000

0.99916540 0.02102942 -0.03501675 0.00000000
0.03162313 -0.94086950 0.33729000 0.00000000
-0.02585310 -0.33811580 -0.94074940 0.00000000
0.07859213 1.68781600 -0.08974563 1.00000000

0.99916540 0.02102942 -0.03501675 0.00000000
-0.03162308 0.94086950 -0.33729000 0.00000000
0.02585310 0.33811580 0.94074940 0.00000000
-0.04580130 1.68520300 -0.08538692 1.00000000

0.46467050 0.56975840 -0.67783220 0.00000000
-0.00657809 -0.76325180 -0.64606790 0.00000000
-0.88545940 0.30466760 -0.35091270 0.00000000
0.05532125 1.72435700 -0.07989439 1.00000000

0.99893060 0.01783372 -0.04265764 0.00000000
-0.03289916 0.92242230 -0.38477870 0.00000000
0.03248650 0.38577060 0.92202270 0.00000000
-0.02345421 1.72270000 -0.07713374 1.00000000

0.99916540 0.02102942 -0.03501675 0.00000000
0.03162313 -0.94086950 0.33729000 0.00000000
-0.02585310 -0.33811580 -0.94074940 0.00000000
0.03508135 1.73727200 -0.12049210 1.00000000

0.99916540 0.02102942 -0.03501675 0.00000000
-0.03162308 0.94086950 -0.33729000 0.00000000
0.02585310 0.33811580 0.94074940 0.00000000
-0.00666544 1.73639500 -0.11902930 1.00000000

0.99916540 0.02102942 -0.03501675 0.00000000
0.03162313 -0.94086950 0.33729000 0.00000000
-0.02585310 -0.33811580 -0.94074940 0.00000000
0.09266496 1.73690000 -0.07741537 1.00000000

0.99916540 0.02102942 -0.03501675 0.00000000
-0.03162308 0.94086950 -0.33729000 0.00000000
0.02585310 0.33811580 0.94074940 0.00000000
-0.06102694 1.73366300 -0.07202860 1.00000000

0.99916540 0.02102942 -0.03501675 0.00000000
0.03162313 -0.94086950 0.33729000 0.00000000
-0.02585310 -0.33811580 -0.94074940 0.00000000
0.05532125 1.72435700 -0.07989439 1.00000000

0.99916540 0.02102942 -0.03501675 0.00000000
-0.03162308 0.94086950 -0.33729000 0.00000000
0.02585310 0.33811580 0.94074940 0.00000000
-0.02345421 1.72270000 -0.07713374 1.00000000

0.99916540 0.02102942 -0.03501675 0.00000000
-0.03162308 0.94086950 -0.33729000 0.00000000
0.02585310 0.33811580 0.94074940 0.00000000
0.01882380 1.69140900 -0.01533238 1.00000000

0.99916540 0.02102942 -0.03501675 0.00000000
0.03162308 -0.94086950 0.33729000 0.00000000
-0.02585310 -0.33811580 -0.94074940 0.00000000
0.03341330 1.63772900 -0.11675180 1.00000000

0.99916540 0.02102942 -0.03501675 0.00000000
-0.03162308 0.94086950 -0.33729000 0.00000000
0.02585310 0.33811580 0.94074940 0.00000000
0.01599157 1.63708800 -0.12075520 1.00000000

0.99916540 0.02102942 -0.03501675 0.00000000
-0.03162308 0.94086950 -0.33729000 0.00000000
0.02585310 0.33811580 0.94074940 0.00000000
-0.00055793 1.63701200 -0.11556090 1.00000000

0.99916540 0.02102942 -0.03501675 0.00000000
0.03162313 -0.94086950 0.33729000 0.00000000
-0.02585310 -0.33811580 -0.94074940 0.00000000
0.04687757 1.64054800 -0.10244300 1.00000000

0.99916540 0.02102942 -0.03501675 0.00000000
-0.03162308 0.94086950 -0.33729000 0.00000000
0.02585310 0.33811580 0.94074940 0.00000000
-0.01309459 1.63928700 -0.10034140 1.00000000

0.99916540 0.02102942 -0.03501675 0.00000000
0.03162313 -0.94086950 0.33729000 0.00000000
-0.02585310 -0.33811580 -0.94074940 0.00000000
0.03292277 1.64923600 -0.11513450 1.00000000

0.99916540 0.02102942 -0.03501675 0.00000000
-0.03162308 0.94086950 -0.33729000 0.00000000
0.02585310 0.33811580 0.94074940 0.00000000
0.01599875 1.64946400 -0.12112700 1.00000000

0.99916540 0.02102942 -0.03501675 0.00000000
-0.03162308 0.94086950 -0.33729000 0.00000000
0.02585310 0.33811580 0.94074940 0.00000000
-0.00043967 1.64853800 -0.11396610 1.00000000

0.99916540 0.02102942 -0.03501675 0.00000000
0.03162313 -0.94086950 0.33729000 0.00000000
-0.02585310 -0.33811580 -0.94074940 0.00000000
0.03297651 1.67432800 -0.11169580 1.00000000

0.99916540 0.02102942 -0.03501675 0.00000000
-0.03162308 0.94086950 -0.33729000 0.00000000
0.02585310 0.33811580 0.94074940 0.00000000
0.01495145 1.67851500 -0.13356930 1.00000000

0.99916540 0.02102942 -0.03501675 0.00000000
-0.03162308 0.94086950 -0.33729000 0.00000000
0.02585310 0.33811580 0.94074940 0.00000000
-0.00130694 1.67360800 -0.11049470 1.00000000

0.99916540 0.02102942 -0.03501675 0.00000000
0.04084361 -0.50472920 0.86231110 0.00000000
0.00045988 -0.86302190 -0.50516690 0.00000000
0.02189147 1.72359100 0.09152750 1.00000000

0.99916540 0.02102942 -0.03501675 0.00000000
-0.02660604 0.98554660 -0.16730270 0.00000000
0.03099245 0.16809470 0.98528360 0.00000000
0.01613081 1.79279600 -0.03128026 1.00000000

0.19932130 -0.95987180 -0.19727420 0.00000000
0.54992630 0.27619160 -0.78822550 0.00000000
0.81108110 0.04862385 0.58290960 0.00000000
-0.00578417 1.50000500 0.06859592 1.00000000

-0.14617360 -0.37825840 -0.91408640 0.00000000
0.28241350 0.86960230 -0.40501180 0.00000000
0.94809080 -0.31735230 -0.02028754 0.00000000
-0.12891270 1.43816600 0.24507950 1.00000000

0.44274680 -0.25718500 -0.85897100 0.00000000
0.47881560 0.87776950 -0.01601361 0.00000000
0.75809710 -0.40419870 0.51177390 0.00000000
-0.20842010 1.19334500 0.35910610 1.00000000

0.84710570 -0.47217140 0.24385750 0.00000000
0.41970910 0.87590060 0.23799730 0.00000000
-0.32597040 -0.09925964 0.94015480 0.00000000
-0.32432510 0.98105010 0.36312780 1.00000000

-0.90711770 0.31289950 -0.28148060 0.00000000
-0.32597040 -0.09925946 0.94015480 0.00000000
0.26623450 0.94458540 0.19203590 0.00000000
-0.33213470 0.89345740 0.34878260 1.00000000

0.33189250 0.83912080 0.43095680 0.00000000
-0.80361060 0.49076480 -0.33669030 0.00000000
-0.49402220 -0.23457650 0.83720740 0.00000000
-0.36741600 0.85165980 0.27371530 1.00000000

-0.86988730 0.00073889 -0.49325050 0.00000000
0.10801020 -0.97544380 -0.19194580 0.00000000
-0.48128000 -0.22024720 0.84844610 0.00000000
-0.32896820 0.82818030 0.28982380 1.00000000

0.33867700 0.89019280 0.30472100 0.00000000
-0.87475200 0.41718460 -0.24650870 0.00000000
-0.34656510 -0.18306850 0.91998850 0.00000000
-0.38216640 0.84709390 0.30912480 1.00000000

-0.93882360 0.09542674 -0.33091430 0.00000000
-0.02868624 -0.97917470 -0.20098310 0.00000000
-0.34320200 -0.17919500 0.92200960 0.00000000
-0.33826590 0.82717370 0.32165830 1.00000000

0.17772730 0.97109000 0.15936580 0.00000000
-0.94962450 0.21171800 -0.23106050 0.00000000
-0.25812110 -0.11027200 0.95979870 0.00000000
-0.39058150 0.84161480 0.34654840 1.00000000

-0.96458620 0.05517122 -0.25793440 0.00000000
-0.02376638 -0.99208190 -0.12332490 0.00000000
-0.26269600 -0.11282730 0.95825930 0.00000000
-0.34600360 0.83167580 0.35739460 1.00000000

-0.23417430 0.96796110 -0.09063011 0.00000000
-0.95416260 -0.24670150 -0.16944720 0.00000000
-0.18637700 0.04679564 0.98136340 0.00000000
-0.39704320 0.83756060 0.38084300 1.00000000

-0.92816650 -0.33562520 -0.16081940 0.00000000
0.32084350 -0.94057970 0.11121830 0.00000000
-0.18859120 0.05163119 0.98069750 0.00000000
-0.35658560 0.84884090 0.38796240 1.00000000

-0.41172120 0.46703550 0.78253670 0.00000000
0.07754081 0.87353400 -0.48054760 0.00000000
-0.90800510 -0.13717290 -0.39586670 0.00000000
-0.31069280 0.91743650 0.28318350 1.00000000

-0.14734680 0.97957550 -0.13682460 0.00000000
0.45473260 -0.05575627 -0.88888120 0.00000000
-0.87835510 -0.19319220 -0.43722930 0.00000000
-0.31459560 0.86461410 0.31043920 1.00000000

0.81806060 -0.45271610 -0.35471850 0.00000000
0.47881560 0.87776950 -0.01601361 0.00000000
0.31861070 -0.15674470 0.93483610 0.00000000
-0.27155070 1.07779400 0.36136080 1.00000000

0.45375600 -0.05466225 -0.88944790 0.00000000
0.15639030 0.98751080 0.01909434 0.00000000
0.87729590 -0.14776520 0.45663760 0.00000000
-0.11764720 1.43692700 0.23444860 1.00000000

0.36230000 -0.48761760 -0.79433480 0.00000000
0.28241350 0.86960230 -0.40501180 0.00000000
0.88824620 -0.07759515 0.45276670 0.00000000
-0.12891270 1.43816600 0.24507950 1.00000000

0.31779240 -0.48207320 -0.81646390 0.00000000
0.28262950 0.87012050 -0.40374630 0.00000000
0.90505740 -0.10244920 0.41276590 0.00000000
-0.16282820 1.33375100 0.29352910 1.00000000

0.70152360 0.01048406 -0.71256920 0.00000000
-0.00290175 0.99992560 0.01185516 0.00000000
0.71264040 -0.00624896 0.70150180 0.00000000
-0.09765194 1.00889200 -0.17858610 1.00000000

0.70170830 -0.02533238 -0.71201380 0.00000000
0.01284762 0.99965510 -0.02290459 0.00000000
0.71234860 0.00692465 0.70179180 0.00000000
-0.20446640 1.01856600 -0.08367013 1.00000000

0.68719950 -0.01873060 -0.72622730 0.00000000
-0.00061016 -0.99968210 0.02520611 0.00000000
-0.72646860 -0.01687854 -0.68699250 0.00000000
-0.12925510 1.04070400 0.10410860 1.00000000

1.00000000 0.00000000 0.00000000 0.00000000
0.00000000 1.00000000 0.00000000 0.00000000
0.00000000 0.00000000 1.00000000 0.00000000
0.00000000 0.00000000 0.00000000 1.00000000

1.00000000 0.00000000 0.00000000 0.00000000
0.00000000 1.00000000 0.00000000 0.00000000
0.00000000 0.00000000 1.00000000 0.00000000
0.00000000 0.00000000 0.00000000 1.00000000

0.99916540 0.02102942 -0.03501675 0.00000000
-0.02660602 0.98554660 -0.16730280 0.00000000
0.03099239 0.16809480 0.98528350 0.00000000
0.02058624 1.63302200 -0.00010226 1.00000000

0.71423650 -0.00885956 -0.69984850 0.00000000
-0.11571370 0.98466490 -0.13055780 0.00000000
0.69027290 0.17423120 0.70225850 0.00000000
-0.01394973 0.91215280 0.00645819 1.00000000

0.96909280 0.15232560 -0.19405180 0.00000000
0.10642970 -0.96778510 -0.22817720 0.00000000
-0.22255760 0.20047190 -0.95408560 0.00000000
0.08058654 0.87944220 -0.08600933 1.00000000

0.96909280 0.15232560 -0.19405180 0.00000000
0.16124130 -0.98643080 0.03091499 0.00000000
-0.18670940 -0.06124868 -0.98050420 0.00000000
0.12315840 0.49232810 -0.17728020 1.00000000

0.99545900 0.08775119 -0.03689533 0.00000000
0.08682854 -0.99588640 -0.02591084 0.00000000
-0.03901723 0.02258959 -0.99898330 0.00000000
0.18019710 0.14071790 -0.16843410 1.00000000

0.99545900 0.08775119 -0.03689533 0.00000000
0.08682854 -0.99588640 -0.02591084 0.00000000
-0.03901723 0.02258959 -0.99898330 0.00000000
0.18389770 0.04005164 -0.30801370 1.00000000

0.42737730 -0.13835120 -0.89342470 0.00000000
0.16088750 0.98408630 -0.07542867 0.00000000
0.88964260 -0.11150430 0.44283510 0.00000000
-0.10872060 0.88178990 0.09948430 1.00000000

0.42737680 -0.13835120 -0.89342500 0.00000000
-0.13428120 0.96754600 -0.21406370 0.00000000
0.89404570 0.21145600 0.39492880 0.00000000
-0.17307590 0.48815620 0.12965640 1.00000000

0.50633610 -0.07159631 -0.85935900 0.00000000
0.00534976 0.99678900 -0.07989402 0.00000000
0.86231970 0.03585587 0.50509330 0.00000000
-0.12720800 0.14294230 0.20505540 1.00000000

0.50633610 -0.07159631 -0.85935900 0.00000000
0.00534976 0.99678900 -0.07989402 0.00000000
0.86231970 0.03585587 0.50509330 0.00000000
-0.24591950 0.03417361 0.14417170 1.00000000

0.70150780 -0.02581006 -0.71219430 0.00000000
0.03369461 0.99942760 -0.00303042 0.00000000
0.71186480 -0.02187120 0.70197590 0.00000000
-0.02992651 1.04583100 -0.01301771 1.00000000

0.67886050 -0.04298244 -0.73300820 0.00000000
0.14910360 0.98555580 0.08029777 0.00000000
0.71896920 -0.16380510 0.67546390 0.00000000
-0.02411684 1.21878100 -0.01354343 1.00000000

0.66100860 -0.06839755 -0.74725470 0.00000000
0.06879361 0.99716700 -0.03041884 0.00000000
0.74721830 -0.03129923 0.66384130 0.00000000
0.00388938 1.40425100 0.00151829 1.00000000

0.36545930 0.87635610 -0.31375110 0.00000000
0.77739490 -0.47274420 -0.41493420 0.00000000
-0.51195410 -0.09226689 -0.85404350 0.00000000
0.07252711 1.49522300 -0.03079419 1.00000000

0.18682520 0.33017320 -0.92524720 0.00000000
0.30147190 -0.91565510 -0.26587740 0.00000000
-0.93499280 -0.22926340 -0.27060560 0.00000000
0.24658540 1.38937600 -0.12369790 1.00000000

0.92145140 0.15732390 -0.35521390 0.00000000
0.03113838 -0.94130190 -0.33612670 0.00000000
-0.38724420 0.29866340 -0.87226290 0.00000000
0.33146160 1.13158400 -0.19855330 1.00000000

0.77077590 0.17612030 -0.61228000 0.00000000
0.00352727 -0.96219690 -0.27233230 0.00000000
-0.63709710 0.20774730 -0.74225930 0.00000000
0.33915390 0.90390850 -0.27992460 1.00000000

-0.75967850 -0.00636088 0.65026810 0.00000000
-0.63709710 0.20774730 -0.74225930 0.00000000
-0.13037010 -0.97816190 -0.16187370 0.00000000
0.31393410 0.81861140 -0.28517800 1.00000000

0.12105270 -0.83515210 -0.53653290 0.00000000
-0.66693990 -0.46876080 0.57918470 0.00000000
-0.73521280 0.28772330 -0.61374090 0.00000000
0.30111950 0.76836920 -0.36223910 1.00000000

-0.67578620 -0.39839900 0.62015470 0.00000000
-0.06976922 0.87214230 0.48425270 0.00000000
-0.73378870 0.28398340 -0.61717740 0.00000000
0.26921060 0.74594190 -0.33452890 1.00000000

0.31479110 -0.78389230 -0.53518190 0.00000000
-0.70068370 -0.57227310 0.42608260 0.00000000
-0.64027310 0.24086600 -0.72940680 0.00000000
0.32700050 0.75896330 -0.33514720 1.00000000

-0.70146860 -0.57380870 0.42271280 0.00000000
-0.31933130 0.78329410 0.53336510 0.00000000
-0.63715780 0.23915330 -0.73269100 0.00000000
0.29178100 0.73121980 -0.31344400 1.00000000

0.25119630 -0.89409670 -0.37079860 0.00000000
-0.74209040 -0.42384700 0.51928430 0.00000000
-0.62145220 0.14472360 -0.76996920 0.00000000
0.34797500 0.75071840 -0.30362850 1.00000000

-0.69987320 -0.54423930 0.46258130 0.00000000
-0.35210120 0.82635280 0.43950660 0.00000000
-0.62145220 0.14472330 -0.76996930 0.00000000
0.31313930 0.73082200 -0.27925200 1.00000000

0.13537790 -0.99044690 0.02622911 0.00000000
-0.81235110 -0.09580132 0.57524640 0.00000000
-0.56723820 -0.09918287 -0.81755980 0.00000000
0.36640580 0.74448010 -0.27437570 1.00000000

-0.82408470 0.00756841 0.56641680 0.00000000
-0.05338610 0.99442280 -0.09095922 0.00000000
-0.56394610 -0.10519680 -0.81908430 0.00000000
0.33168300 0.74118920 -0.24991700 1.00000000

-0.76758470 0.06938995 -0.63718070 0.00000000
-0.33849230 -0.88806990 0.31105490 0.00000000
-0.54427670 0.45444160 0.70515660 0.00000000
0.27567900 0.84882870 -0.33959760 1.00000000

-0.55577900 -0.83132060 -0.00401345 0.00000000
0.62060300 -0.41810630 0.66335450 0.00000000
-0.55313840 0.36618770 0.74829470 0.00000000
0.25419300 0.79607150 -0.32218210 1.00000000

0.85015110 0.20178810 -0.48633840 0.00000000
0.03113838 -0.94130190 -0.33612670 0.00000000
-0.52561770 0.27061450 -0.80653210 0.00000000
0.33572190 1.00765700 -0.24287730 1.00000000

0.54852960 -0.05867137 -0.83407040 0.00000000
0.00529140 -0.99727170 0.07363142 0.00000000
-0.83611450 -0.04480243 -0.54672250 0.00000000
0.23846740 1.39191200 -0.11668510 1.00000000

0.46729450 0.38495500 -0.79589310 0.00000000
0.30147190 -0.91565510 -0.26587740 0.00000000
-0.83111440 -0.11569640 -0.54393360 0.00000000
0.24658540 1.38937600 -0.12369790 1.00000000

0.47904820 0.38530170 -0.78870510 0.00000000
0.30119930 -0.91611460 -0.26460020 0.00000000
-0.82449500 -0.11080120 -0.55491570 0.00000000
0.28272940 1.27944300 -0.15544990 1.00000000

0.95969500 -0.01681038 -0.28054080 0.00000000
0.00614513 0.99922600 -0.03885332 0.00000000
0.28097680 0.03556338 0.95905550 0.00000000
0.01420842 1.55382600 -0.00304449 1.00000000

0.99653320 0.03006904 -0.07757291 0.00000000
-0.04118909 0.98842760 -0.14599450 0.00000000
0.07228523 0.14868360 0.98623940 0.00000000
0.01478605 1.64775300 -0.00669673 1.00000000

0.99653320 0.03006904 -0.07757291 0.00000000
-0.05575398 0.93342160 -0.35442300 0.00000000
0.06175107 0.35751930 0.93186210 0.00000000
0.00242339 1.73649700 -0.13111360 1.00000000

0.99653320 0.03006904 -0.07757291 0.00000000
0.05596153 -0.93221320 0.35755690 0.00000000
-0.06156313 -0.36065840 -0.93066410 0.00000000
0.06856327 1.68852900 -0.10250040 1.00000000

0.99653320 0.03006904 -0.07757291 0.00000000
-0.05590123 0.93256590 -0.35664580 0.00000000
0.06161794 0.35974570 0.93101360 0.00000000
-0.05549590 1.68470000 -0.09279319 1.00000000

0.42971200 0.56029040 -0.70811200 0.00000000
-0.02560103 -0.77633160 -0.62980480 0.00000000
-0.90260330 0.28876300 -0.31925520 0.00000000
0.04535833 1.72477700 -0.09227173 1.00000000

0.99602380 0.02679826 -0.08496284 0.00000000
-0.05875768 0.91445930 -0.40038930 0.00000000
0.06696531 0.40378940 0.91239800 0.00000000
-0.03320959 1.72240700 -0.08615588 1.00000000

0.99625310 0.03349071 -0.07973900 0.00000000
0.05972089 -0.93327190 0.35417090 0.00000000
-0.06255668 -0.35760590 -0.93177520 0.00000000
0.02327428 1.73635100 -0.13219790 1.00000000

0.99641780 0.03274878 -0.07796857 0.00000000
-0.05839266 0.93333830 -0.35421710 0.00000000
0.06117085 0.35750100 0.93190740 0.00000000
-0.01822005 1.73515100 -0.12900460 1.00000000

0.99680970 0.03019175 -0.07388425 0.00000000
0.05426008 -0.93521970 0.34988590 0.00000000
-0.05853423 -0.35277870 -0.93387420 0.00000000
0.08263817 1.73769200 -0.09163846 1.00000000

0.99635760 0.02999326 -0.07982621 0.00000000
-0.05629510 0.93447900 -0.35153890 0.00000000
0.06405210 0.35475220 0.93276390 0.00000000
-0.07065327 1.73309000 -0.07973702 1.00000000

0.99650680 0.03069885 -0.07766539 0.00000000
0.05638732 -0.93332500 0.35457710 0.00000000
-0.06160185 -0.35771780 -0.93179570 0.00000000
0.04535685 1.72479700 -0.09228288 1.00000000

0.99655920 0.02943918 -0.07748085 0.00000000
-0.05514106 0.93340020 -0.35457530 0.00000000
0.06188226 0.35762750 0.93181180 0.00000000
-0.03320959 1.72240700 -0.08615588 1.00000000

0.99652550 0.03157228 -0.07707322 0.00000000
-0.05693287 0.93363850 -0.35366310 0.00000000
0.06079257 0.35682230 0.93219220 0.00000000
0.01195386 1.69279500 -0.02562137 1.00000000

0.99618180 0.03937647 -0.07791913 0.00000000
0.06432562 -0.93448240 0.35015010 0.00000000
-0.05902624 -0.35382540 -0.93344750 0.00000000
0.02304319 1.63692800 -0.12639760 1.00000000

0.99655940 0.03103667 -0.07685259 0.00000000
-0.05618204 0.93466630 -0.35105900 0.00000000
0.06093568 0.35416890 0.93319430 0.00000000
0.00539790 1.63634400 -0.12975380 1.00000000

0.99676720 0.02398606 -0.07668161 0.00000000
-0.04952125 0.93496820 -0.35125730 0.00000000
0.06326970 0.35391910 0.93313370 0.00000000
-0.01101275 1.63588200 -0.12374830 1.00000000

0.99655040 0.02963818 -0.07751593 0.00000000
0.05544071 -0.93280430 0.35609330 0.00000000
-0.06175318 -0.35916240 -0.93123000 0.00000000
0.03689423 1.64034100 -0.11275990 1.00000000

0.99641540 0.03289677 -0.07793793 0.00000000
-0.05862682 0.93270480 -0.35584340 0.00000000
0.06098685 0.35913710 0.93129020 0.00000000
-0.02307957 1.63848500 -0.10805650 1.00000000

0.99656340 0.03325315 -0.07586446 0.00000000
0.05837886 -0.93171040 0.35848060 0.00000000
-0.05876285 -0.36167750 -0.93044990 0.00000000
0.02242764 1.64893100 -0.12502700 1.00000000

0.99648310 0.03135907 -0.07770544 0.00000000
-0.05728109 0.93175410 -0.35854290 0.00000000
0.06115866 0.36173300 0.93027370 0.00000000
0.00515220 1.64880500 -0.13029460 1.00000000

0.99636850 0.02930635 -0.07994452 0.00000000
-0.05624349 0.93143830 -0.35952620 0.00000000
0.06392702 0.36271700 0.92970420 0.00000000
-0.01107969 1.64789900 -0.12239660 1.00000000

0.99653290 0.03007838 -0.07757419 0.00000000
0.05595061 -0.93233010 0.35725410 0.00000000
-0.06157887 -0.36035580 -0.93078040 0.00000000
0.02221006 1.67411300 -0.12212560 1.00000000

0.99653290 0.03007838 -0.07757419 0.00000000
-0.05595058 0.93232980 -0.35725410 0.00000000
0.06157890 0.36035560 0.93078030 0.00000000
0.00325385 1.67754900 -0.14329460 1.00000000

0.99653290 0.03007838 -0.07757419 0.00000000
-0.05595058 0.93232980 -0.35725410 0.00000000
0.06157890 0.36035560 0.93078030 0.00000000
-0.01196214 1.67306700 -0.11946330 1.00000000

0.99653320 0.03006904 -0.07757291 0.00000000
0.08238521 -0.48656670 0.86975020 0.00000000
-0.01159178 -0.87312580 -0.48735720 0.00000000
0.01916816 1.72719000 0.08038937 1.00000000

0.99653320 0.03006904 -0.07757291 0.00000000
-0.04407637 0.98161210 -0.18572750 0.00000000
0.07056183 0.18850270 0.97953450 0.00000000
0.00751965 1.79381000 -0.04342666 1.00000000

0.20769000 -0.96337520 -0.16962680 0.00000000
0.54415800 0.25788530 -0.79836560 0.00000000
0.81286970 0.07350872 0.57778840 0.00000000
-0.01114796 1.50388000 0.06379866 1.00000000

0.04134402 -0.42187160 -0.90571250 0.00000000
0.24787430 0.88247970 -0.39973500 0.00000000
0.96790960 -0.20797620 0.14105630 0.00000000
-0.13298500 1.44613900 0.24255260 1.00000000

0.59010430 -0.23566770 -0.77216450 0.00000000
0.39886830 0.91666600 0.02505338 0.00000000
0.70191250 -0.32277600 0.63492890 0.00000000
-0.20276900 1.19769300 0.35509370 1.00000000

0.86314860 -0.46181180 0.20421730 0.00000000
0.41733760 0.88011340 0.22633960 0.00000000
-0.28426080 -0.11013710 0.95240010 0.00000000
-0.29935960 0.97598570 0.34916620 1.00000000

-0.92004630 0.31072710 -0.23867120 0.00000000
-0.28426090 -0.11013700 0.95240010 0.00000000
0.26964990 0.94409670 0.18965860 0.00000000
-0.30647270 0.88553920 0.33359570 1.00000000

0.54280940 0.70390770 0.45811810 0.00000000
-0.69830170 0.68132640 -0.21947630 0.00000000
-0.46661890 -0.20077060 0.86136980 0.00000000
-0.34442810 0.84660290 0.26072310 1.00000000

-0.81578300 0.48593110 -0.31363900 0.00000000
-0.36144730 -0.85169800 -0.37942980 0.00000000
-0.45150240 -0.19616810 0.87043890 0.00000000
-0.31101870 0.81400620 0.27122380 1.00000000

0.55575540 0.76312320 0.32981690 0.00000000
-0.76793960 0.62320280 -0.14794330 0.00000000
-0.31844170 -0.17105920 0.93238070 0.00000000
-0.35759390 0.84159240 0.29669290 1.00000000

-0.84410020 0.49979380 -0.19416830 0.00000000
-0.43397600 -0.84949970 -0.30002580 0.00000000
-0.31489700 -0.16898720 0.93396110 0.00000000
-0.31880640 0.81129040 0.30434100 1.00000000

0.41718830 0.88927470 0.18746820 0.00000000
-0.88198400 0.44591950 -0.15251340 0.00000000
-0.21922210 -0.10171720 0.97035850 0.00000000
-0.36433200 0.83574510 0.33439900 1.00000000

-0.87772230 0.45324500 -0.15547480 0.00000000
-0.42324410 -0.88545650 -0.19191510 0.00000000
-0.22465090 -0.10264440 0.96901820 0.00000000
-0.32292950 0.81481210 0.34155800 1.00000000

0.03644954 0.99865420 -0.03690145 0.00000000
-0.99062190 0.03124145 -0.13301350 0.00000000
-0.13168160 0.04140367 0.99042730 0.00000000
-0.36927180 0.83137060 0.36890660 1.00000000

-0.98955060 0.05151226 -0.13467200 0.00000000
-0.05721750 -0.99760620 0.03884055 0.00000000
-0.13234890 0.04614022 0.99012890 0.00000000
-0.32704630 0.83083720 0.37451680 1.00000000

-0.35489670 0.38274070 0.85297040 0.00000000
0.05440272 0.91926810 -0.38985430 0.00000000
-0.93332150 -0.09195389 -0.34706730 0.00000000
-0.28823190 0.91300980 0.26823340 1.00000000

-0.18240660 0.97833870 0.09788522 0.00000000
0.37200980 0.16082630 -0.91419050 0.00000000
-0.91013030 -0.13034000 -0.39328730 0.00000000
-0.29085560 0.85761060 0.28996680 1.00000000

0.87666890 -0.37316550 -0.30364320 0.00000000
0.39886830 0.91666600 0.02505338 0.00000000
0.26899020 -0.14307720 0.95245640 0.00000000
-0.25539620 1.07701700 0.35192560 1.00000000

0.52468060 -0.03313591 -0.85065420 0.00000000
0.08068945 0.99667910 0.01094489 0.00000000
0.84746650 -0.07438136 0.52561190 0.00000000
-0.12762700 1.44545000 0.23748630 1.00000000

0.45846020 -0.47033650 -0.75405430 0.00000000
0.24787430 0.88247970 -0.39973500 0.00000000
0.85344740 -0.00364802 0.52116610 0.00000000
-0.13298500 1.44613900 0.24255260 1.00000000

0.41312120 -0.46836760 -0.78100120 0.00000000
0.24783090 0.88305970 -0.39847890 0.00000000
0.87630510 -0.02893617 0.48088660 0.00000000
-0.16272470 1.34017200 0.29037010 1.00000000

0.71545740 0.00332716 -0.69864860 0.00000000
-0.00099704 0.99999250 0.00374124 0.00000000
0.69865580 -0.00198009 0.71545530 0.00000000
-0.09363145 1.00993300 -0.18056650 1.00000000

0.71542980 -0.02756690 -0.69814060 0.00000000
0.01631263 0.99960800 -0.02275408 0.00000000
0.69849410 0.00489047 0.71559910 0.00000000
-0.20223510 1.01869900 -0.08810848 1.00000000

0.70155970 -0.00826558 -0.71256290 0.00000000
-0.00399159 -0.99996270 0.00766940 0.00000000
-0.71259960 -0.00253631 -0.70156650 0.00000000
-0.13040760 1.03967500 0.10143430 1.00000000

1.00000000 0.00000000 0.00000000 0.00000000
0.00000000 1.00000000 0.00000000 0.00000000
0.00000000 0.00000000 1.00000000 0.00000000
0.00000000 0.00000000 0.00000000 1.00000000

1.00000000 0.00000000 0.00000000 0.00000000
0.00000000 1.00000000 0.00000000 0.00000000
0.00000000 0.00000000 1.00000000 0.00000000
0.00000000 0.00000000 0.00000000 1.00000000

0.99653320 0.03006904 -0.07757291 0.00000000
-0.04407638 0.98161210 -0.18572760 0.00000000
0.07056177 0.18850280 0.97953450 0.00000000
0.01497753 1.63475800 -0.00927210 1.00000000

0.73676750 0.00646791 -0.67611530 0.00000000
-0.10628180 0.98863140 -0.10635860 0.00000000
0.66774080 0.15022030 0.72907890 0.00000000
-0.01306760 0.91213560 0.00461082 1.00000000

0.97285210 0.14620910 -0.17939280 0.00000000
0.10624050 -0.97080070 -0.21507900 0.00000000
-0.20560120 0.19018130 -0.95997870 0.00000000
0.08428268 0.88146220 -0.08560777 1.00000000

0.97285210 0.14620910 -0.17939280 0.00000000
0.15117560 -0.98840400 0.01425845 0.00000000
-0.17522790 -0.04099118 -0.98367420 0.00000000
0.12677890 0.49314190 -0.17163940 1.00000000

0.99539270 0.08786688 -0.03837582 0.00000000
0.08678535 -0.99580490 -0.02899642 0.00000000
-0.04076257 0.02553235 -0.99884260 0.00000000
0.18025650 0.14087350 -0.16873520 1.00000000

0.99539270 0.08786688 -0.03837582 0.00000000
0.08678535 -0.99580490 -0.02899642 0.00000000
-0.04076257 0.02553235 -0.99884260 0.00000000
0.18371340 0.04061884 -0.30861700 1.00000000

0.44230140 -0.16174440 -0.88216110 0.00000000
0.20330580 0.97608050 -0.07703033 0.00000000
0.87351950 -0.14527780 0.46460530 0.00000000
-0.11099630 0.87974740 0.09359541 1.00000000

0.44230070 -0.16174440 -0.88216150 0.00000000
-0.19868960 0.94149170 -0.27224220 0.00000000
0.87458130 0.29568920 0.38428540 0.00000000
-0.19231880 0.48931600 0.12440820 1.00000000

0.47991260 -0.07336864 -0.87424320 0.00000000
-0.07108606 0.98996850 -0.12210310 0.00000000
0.87443180 0.12074530 0.46988290 0.00000000
-0.12345860 0.15319910 0.22056020 1.00000000

0.47991260 -0.07336864 -0.87424320 0.00000000
-0.07108606 0.98996850 -0.12210310 0.00000000
0.87443180 0.12074530 0.46988290 0.00000000
-0.23586580 0.03350961 0.16889880 1.00000000

0.72673370 -0.02651892 -0.68640730 0.00000000
0.03271177 0.99945690 -0.00397985 0.00000000
0.68614010 -0.01956131 0.72720640 0.00000000
-0.02809424 1.04501200 -0.01535895 1.00000000

0.69931430 -0.02358688 -0.71442510 0.00000000
0.11478640 0.99019040 0.07966717 0.00000000
0.70553790 -0.13771870 0.69516180 0.00000000
-0.02246474 1.21926800 -0.01606004 1.00000000

0.68159100 -0.09311038 -0.72578530 0.00000000
0.04913671 0.99545630 -0.08156159 0.00000000
0.73008190 0.01992895 0.68306920 0.00000000
-0.00087866 1.40707100 -0.00113090 1.00000000

0.35740610 0.88562350 -0.29653300 0.00000000
0.78663410 -0.45660920 -0.41558970 0.00000000
-0.50345560 -0.08472861 -0.85985650 0.00000000
0.06670395 1.49769700 -0.03649671 1.00000000

0.19440750 0.35516590 -0.91436480 0.00000000
0.26899010 -0.91571900 -0.29850100 0.00000000
-0.94331870 -0.18792430 -0.27355880 0.00000000
0.24283090 1.39546300 -0.12954720 1.00000000

0.91076680 0.14777040 -0.38557430 0.00000000
0.08106694 -0.97958950 -0.18393640 0.00000000
-0.40488500 0.13626580 -0.90415690 0.00000000
0.31856220 1.13765300 -0.21358730 1.00000000

0.85060480 0.06515984 -0.52175270 0.00000000
0.07057901 -0.99746080 -0.00950563 0.00000000
-0.52104710 -0.02873934 -0.85304390 0.00000000
0.33833040 0.90071340 -0.25814880 1.00000000

-0.84993820 0.10903730 0.51547680 0.00000000
-0.52104710 -0.02873931 -0.85304380 0.00000000
-0.07819919 -0.99362210 0.08124015 0.00000000
0.31647010 0.81541060 -0.24455610 1.00000000

0.77347370 -0.25591560 -0.57986710 0.00000000
-0.17439340 -0.96548030 0.19348040 0.00000000
-0.60936480 -0.04852716 -0.79140350 0.00000000
0.31694700 0.74657820 -0.30691630 1.00000000

0.54181730 -0.75648170 -0.36629130 0.00000000
-0.58326550 -0.65219920 0.48418750 0.00000000
-0.60517380 -0.04869621 -0.79460250 0.00000000
0.30860350 0.70038600 -0.29765960 1.00000000

0.84194510 -0.19250880 -0.50405260 0.00000000
-0.15051930 -0.98089950 0.12320720 0.00000000
-0.51814330 -0.02786409 -0.85483970 0.00000000
0.33860840 0.74603820 -0.27493560 1.00000000

0.43954270 -0.86629650 -0.23734450 0.00000000
-0.73640190 -0.49884800 0.45701550 0.00000000
-0.51430980 -0.02609686 -0.85720750 0.00000000
0.33028980 0.69736990 -0.26835060 1.00000000

0.87314770 -0.32738370 -0.36115500 0.00000000
-0.26591580 -0.94084940 0.20997880 0.00000000
-0.40853610 -0.08730580 -0.90855700 0.00000000
0.35471380 0.74741980 -0.23972140 1.00000000

0.41741600 -0.90309490 -0.10091180 0.00000000
-0.81170330 -0.42047230 0.40538960 0.00000000
-0.40853600 -0.08730576 -0.90855710 0.00000000
0.34223090 0.70325400 -0.22986440 1.00000000

0.83972190 -0.53879500 -0.06758019 0.00000000
-0.49646600 -0.81218230 0.30640060 0.00000000
-0.21997450 -0.22374000 -0.94950080 0.00000000
0.36860100 0.74999980 -0.20755260 1.00000000

0.00152028 -0.97325790 0.22970920 0.00000000
-0.97701840 0.04751688 0.20779140 0.00000000
-0.21314980 -0.22474610 -0.95081880 0.00000000
0.34677820 0.71583240 -0.19447310 1.00000000

-0.51066710 0.21953390 -0.83127860 0.00000000
-0.40970400 -0.91215460 0.01079480 0.00000000
-0.75588480 0.34609060 0.55575120 0.00000000
0.28622570 0.82831870 -0.30979930 1.00000000

-0.60959380 -0.44096140 -0.65874760 0.00000000
0.02083811 -0.83962970 0.54275920 0.00000000
-0.79244010 0.31713560 0.52102190 0.00000000
0.26094520 0.77438770 -0.31059860 1.00000000

0.87499930 0.15831690 -0.45750630 0.00000000
0.08106694 -0.97958950 -0.18393640 0.00000000
-0.47728860 0.12385550 -0.86997440 0.00000000
0.32939550 1.00868200 -0.23787570 1.00000000

0.51417350 -0.05130407 -0.85615040 0.00000000
-0.01564689 -0.99860430 0.05044355 0.00000000
-0.85754330 -0.01254069 -0.51425850 0.00000000
0.23562300 1.39714500 -0.12343510 1.00000000

0.44508860 0.39303090 -0.80462600 0.00000000
0.26899010 -0.91571900 -0.29850100 0.00000000
-0.85413140 -0.08357716 -0.51329760 0.00000000
0.24283090 1.39546300 -0.12954720 1.00000000

0.46064020 0.39324470 -0.79571930 0.00000000
0.26870700 -0.91621260 -0.29723880 0.00000000
-0.84593570 -0.07689527 -0.52771190 0.00000000
0.27507570 1.28551700 -0.16521590 1.00000000

0.93943950 -0.03410664 -0.34101360 0.00000000
0.00468660 0.99622100 -0.08672673 0.00000000
0.34268290 0.07987633 0.93604930 0.00000000
0.00649181 1.55639000 -0.01336511 1.00000000

0.98409590 0.02773698 -0.17545920 0.00000000
-0.05858842 0.98314490 -0.17318640 0.00000000
0.16769820 0.18071180 0.96913390 0.00000000
0.00693236 1.65003500 -0.02151746 1.00000000

0.98409590 0.02773698 -0.17545920 0.00000000
-0.09324114 0.92138290 -0.37730600 0.00000000
0.15119980 0.38766530 0.90931520 0.00000000
-0.01776441 1.73382400 -0.14678810 1.00000000

0.98409590 0.02773698 -0.17545920 0.00000000
0.09470785 -0.91756740 0.38613550 0.00000000
-0.15028560 -0.39661170 -0.90560140 0.00000000
0.05090252 1.68815300 -0.12365200 1.00000000

0.98409590 0.02773698 -0.17545920 0.00000000
-0.09433171 0.91855640 -0.38386930 0.00000000
0.15052180 0.39431550 0.90656410 0.00000000
-0.07158221 1.68446100 -0.10166360 1.00000000

0.35664560 0.53704170 -0.76445420 0.00000000
-0.08432235 -0.79641950 -0.59883730 0.00000000
-0.93042670 0.27803320 -0.23875510 0.00000000
0.02874514 1.72424000 -0.11211690 1.00000000

0.98293030 0.02438513 -0.18235460 0.00000000
-0.10033870 0.90184400 -0.42024900 0.00000000
0.15420780 0.43137270 0.88889680 0.00000000
-0.04884218 1.72205300 -0.09828358 1.00000000

0.98264440 0.03714912 -0.18174130 0.00000000
0.10427130 -0.92092410 0.37553480 0.00000000
-0.15341900 -0.38796750 -0.90881450 0.00000000
0.00280104 1.73391700 -0.14997110 1.00000000

0.98362080 0.03522903 -0.17677410 0.00000000
-0.10056450 0.92114840 -0.37599500 0.00000000
0.14958920 0.38761380 0.90960350 0.00000000
-0.03793015 1.73290900 -0.14281610 1.00000000

0.98585400 0.02850349 -0.16516440 0.00000000
0.08795805 -0.92681630 0.36506830 0.00000000
-0.14267140 -0.37443160 -0.91621290 0.00000000
0.06586032 1.73711500 -0.11558370 1.00000000

0.98297630 0.02726234 -0.18169930 0.00000000
-0.09388839 0.92459500 -0.36920020 0.00000000
0.15793310 0.37997440 0.91141470 0.00000000
-0.08553472 1.73292400 -0.08868114 1.00000000

0.98394510 0.03022035 -0.17589390 0.00000000
0.09575456 -0.92108820 0.37739610 0.00000000
-0.15060860 -0.38817970 -0.90919420 0.00000000
0.02873871 1.72428800 -0.11214540 1.00000000

0.98424020 0.02525332 -0.17502460 0.00000000
-0.09085585 0.92134190 -0.37798720 0.00000000
0.15171200 0.38793220 0.90911610 0.00000000
-0.04884218 1.72205300 -0.09828358 1.00000000

0.98418710 0.03204192 -0.17420990 0.00000000
-0.09633912 0.92214600 -0.37465390 0.00000000
0.14864230 0.38551280 0.91065100 0.00000000
0.00210055 1.69442100 -0.04160086 1.00000000

0.98270130 0.05392180 -0.17717390 0.00000000
0.11613800 -0.92461650 0.36276200 0.00000000
-0.14425710 -0.37706320 -0.91488420 0.00000000
0.00392682 1.63448600 -0.14091670 1.00000000

0.98435180 0.03056164 -0.17354410 0.00000000
-0.09354526 0.92524510 -0.36765580 0.00000000
0.14933450 0.37813680 0.91362550 0.00000000
-0.01418497 1.63466600 -0.14278860 1.00000000

0.98504230 0.01087510 -0.17196890 0.00000000
-0.07480934 0.92603550 -0.36994830 0.00000000
0.15522620 0.37727950 0.91299780 0.00000000
-0.03014340 1.63351600 -0.13481320 1.00000000

0.98416010 0.02657660 -0.17527840 0.00000000
0.09286319 -0.91948690 0.38199490 0.00000000
-0.15101410 -0.39222110 -0.90739060 0.00000000
0.01863894 1.63896700 -0.12894210 1.00000000

0.98362270 0.03570029 -0.17666900 0.00000000
-0.10168830 0.91920980 -0.38041140 0.00000000
0.14881500 0.39214650 0.90778580 0.00000000
-0.04081086 1.63715400 -0.11822570 1.00000000

0.98459980 0.03689708 -0.17088610 0.00000000
0.10163790 -0.91612060 0.38780510 0.00000000
-0.14224340 -0.39920130 -0.90576230 0.00000000
0.00319617 1.64771100 -0.14004840 1.00000000

0.98390530 0.03143568 -0.17590350 0.00000000
-0.09869994 0.91621730 -0.38833490 0.00000000
0.14895840 0.39944640 0.90457390 0.00000000
-0.01467833 1.64743100 -0.14355340 1.00000000

0.98305030 0.02552909 -0.18155020 0.00000000
-0.09603862 0.91522560 -0.39132910 0.00000000
0.15616920 0.40213190 0.90216470 0.00000000
-0.03027430 1.64670700 -0.13400920 1.00000000

