MeshAnim
1
263
75
30
0.58743190 -0.04542184 -0.80799790 0.00000000
-0.15571390 0.97342340 -0.16792870 0.00000000
0.79415180 0.22446320 0.56474710 0.00000000
0.00538873 0.41847160 -0.02266045 1.00000000

0.58662470 0.06566115 -0.80719270 0.00000000
-0.06929000 0.99712240 0.03075469 0.00000000
0.80688940 0.03788896 0.58948620 0.00000000
-0.00772682 0.49049030 -0.03244285 1.00000000

0.64608380 0.04516488 -0.76192900 0.00000000
-0.06312601 0.99798970 0.00562960 0.00000000
0.76065160 0.04446036 0.64763610 0.00000000
-0.01633110 0.59614120 -0.02851855 1.00000000

0.61451180 0.06211243 -0.78645860 0.00000000
-0.32237150 0.92963700 -0.17846970 0.00000000
0.72003610 0.36320370 0.59129620 0.00000000
-0.02236984 0.68059690 -0.02932614 1.00000000

0.61451180 0.06211243 -0.78645860 0.00000000
-0.36294510 0.90739010 -0.21192950 0.00000000
0.70046130 0.41567460 0.58014520 0.00000000
-0.07718316 0.85693590 -0.05822860 1.00000000

0.98955330 0.13396580 0.05326656 0.00000000
-0.13979840 0.98193490 0.12751540 0.00000000
-0.03522152 -0.13362990 0.99040520 0.00000000
-0.09848472 0.90584950 -0.05086561 1.00000000

0.98955330 0.13396580 0.05326656 0.00000000
-0.13169810 0.99031130 -0.04403429 0.00000000
-0.05864942 0.03655920 0.99760900 0.00000000
-0.10970550 1.00382300 -0.08881894 1.00000000

0.99978420 0.02047681 -0.00345549 0.00000000
-0.02059294 0.99907210 -0.03782348 0.00000000
0.00267774 0.03788650 0.99927840 0.00000000
-0.13254620 0.97789260 -0.20580070 1.00000000

0.98516680 0.16355460 0.05192432 0.00000000
-0.16126520 0.98585660 -0.04560930 0.00000000
-0.05864942 0.03655920 0.99760900 0.00000000
-0.10168270 0.99439750 -0.21415550 1.00000000

0.96164530 0.26380180 0.07514685 0.00000000
0.26052740 -0.96413710 0.05064899 0.00000000
0.08581322 -0.02912856 -0.99588560 0.00000000
-0.07034129 0.98851610 -0.20410050 1.00000000

0.99858510 0.03480134 0.04020807 0.00000000
0.03307263 -0.99853240 0.04288860 0.00000000
0.04164165 -0.04149813 -0.99827080 0.00000000
-0.04725510 0.99196520 -0.18509860 1.00000000

0.99736290 0.05822662 0.04332522 0.00000000
-0.05632623 0.99744850 -0.04386179 0.00000000
-0.04576859 0.04130578 0.99809770 0.00000000
-0.10272940 1.00121900 -0.21186820 1.00000000

0.98955330 0.13396580 0.05326656 0.00000000
0.13149260 -0.99017770 0.04751588 0.00000000
0.05910888 -0.04001534 -0.99744900 0.00000000
-0.05944188 1.07134800 -0.12513620 1.00000000

0.98955330 0.13396580 0.05326656 0.00000000
0.13149260 -0.99017770 0.04751588 0.00000000
0.05910888 -0.04001534 -0.99744900 0.00000000
-0.11198910 1.08088500 -0.18013150 1.00000000

0.89323030 0.43363130 0.11875800 0.00000000
0.43601200 -0.89991720 0.00651063 0.00000000
0.10969560 0.04596447 -0.99290170 0.00000000
-0.07125284 1.00925200 -0.20222460 1.00000000

0.98955330 0.13396580 0.05326656 0.00000000
0.13149260 -0.99017770 0.04751588 0.00000000
0.05910888 -0.04001534 -0.99744900 0.00000000
-0.03816837 1.12211500 -0.13850890 1.00000000

0.98955330 0.13396580 0.05326656 0.00000000
-0.13149260 0.99017760 -0.04751595 0.00000000
-0.05910888 0.04001540 0.99744900 0.00000000
-0.10765950 1.03897100 -0.21522500 1.00000000

0.93570720 0.34366960 0.07964563 0.00000000
-0.33945940 0.93858340 -0.06187314 0.00000000
-0.09601775 0.03085870 0.99490110 0.00000000
-0.15768650 0.97006860 -0.19069870 1.00000000

0.98955330 0.13396580 0.05326656 0.00000000
-0.13149260 0.99017760 -0.04751595 0.00000000
-0.05910888 0.04001540 0.99744900 0.00000000
-0.17195410 1.05611600 -0.13119260 1.00000000

0.98418940 -0.16995650 -0.04986036 0.00000000
0.17196480 0.98432360 0.03918217 0.00000000
0.04241940 -0.04713687 0.99798730 0.00000000
-0.13968490 1.00613400 -0.20387140 1.00000000

0.98543850 0.14022200 0.09617114 0.00000000
0.12434910 -0.98008310 0.15483700 0.00000000
0.11596720 -0.14062360 -0.98324820 0.00000000
-0.05944188 1.07134800 -0.12513620 1.00000000

0.98665260 0.13851480 0.08561689 0.00000000
-0.12476940 0.98091560 -0.14912090 0.00000000
-0.10463850 0.13644820 0.98510540 0.00000000
-0.17195410 1.05611600 -0.13119260 1.00000000

0.98955330 0.13396580 0.05326656 0.00000000
0.13149260 -0.99017770 0.04751588 0.00000000
0.05910888 -0.04001534 -0.99744900 0.00000000
-0.08387253 1.04021500 -0.18565810 1.00000000

0.98955330 0.13396580 0.05326656 0.00000000
-0.13149260 0.99017760 -0.04751595 0.00000000
-0.05910888 0.04001540 0.99744900 0.00000000
-0.13396260 1.03385000 -0.18829790 1.00000000

0.98955330 0.13396580 0.05326656 0.00000000
0.12884520 -0.98756130 0.09011830 0.00000000
0.06467667 -0.08231375 -0.99450560 0.00000000
-0.02226588 1.03461500 -0.16693900 1.00000000

0.98955330 0.13396580 0.05326656 0.00000000
-0.12943670 0.98827910 -0.08093393 0.00000000
-0.06348443 0.07319383 0.99529500 0.00000000
-0.19340770 1.01115400 -0.17600790 1.00000000

0.98955330 0.13396580 0.05326656 0.00000000
-0.13149260 0.99017760 -0.04751595 0.00000000
-0.05910888 0.04001540 0.99744900 0.00000000
-0.11592820 1.08324600 -0.17297210 1.00000000

0.98955330 0.13396580 0.05326656 0.00000000
-0.13149260 0.99017760 -0.04751595 0.00000000
-0.05910888 0.04001540 0.99744900 0.00000000
-0.20441220 1.09954100 -0.14693170 1.00000000

0.98955330 0.13396580 0.05326656 0.00000000
-0.13149260 0.99017760 -0.04751595 0.00000000
-0.05910888 0.04001540 0.99744900 0.00000000
-0.11832220 1.08002800 -0.18047240 1.00000000

0.98955330 0.13396580 0.05326656 0.00000000
-0.13979840 0.98193490 0.12751540 0.00000000
-0.03522152 -0.13362990 0.99040520 0.00000000
-0.17721650 1.05324900 -0.17194770 1.00000000

-0.30847040 0.94591300 -0.10047300 0.00000000
0.60779650 0.11474570 -0.78575880 0.00000000
-0.73173080 -0.30345050 -0.61031830 0.00000000
-0.04261696 0.81583650 -0.07867661 1.00000000

0.72224250 0.62835280 0.28903130 0.00000000
0.42558150 -0.07433205 -0.90186210 0.00000000
-0.54520360 0.77436940 -0.32110100 0.00000000
0.13631840 0.84961760 -0.31000400 1.00000000

0.72224340 0.62835440 0.28902550 0.00000000
-0.47736150 0.75526650 -0.44910910 0.00000000
-0.50049100 0.18639660 0.84543810 0.00000000
0.25292820 0.82925100 -0.55711410 1.00000000

0.80706440 0.53526170 -0.24928420 0.00000000
-0.57529490 0.80789780 -0.12781810 0.00000000
0.13298020 0.24656950 0.95995840 0.00000000
0.17416340 0.95387000 -0.63121710 1.00000000

-0.70631660 -0.69389400 0.14010260 0.00000000
0.04113925 0.15734430 0.98668680 0.00000000
-0.70670020 0.70267680 -0.08258864 0.00000000
0.08725151 0.99804460 -0.62602160 1.00000000

-0.84775720 0.47142970 -0.24302780 0.00000000
-0.53001210 -0.77018000 0.35483840 0.00000000
-0.01989400 0.42962450 0.90278890 0.00000000
0.08755782 1.02859600 -0.68271090 1.00000000

-0.59590020 -0.73015200 0.33433750 0.00000000
0.80281270 -0.53132060 0.27053870 0.00000000
-0.01989400 0.42962450 0.90278890 0.00000000
0.07109205 1.00466900 -0.67168730 1.00000000

-0.67849340 0.68959020 -0.25320530 0.00000000
-0.73412780 -0.64894790 0.19980840 0.00000000
-0.02653107 0.32145390 0.94655380 0.00000000
0.09207392 1.03513700 -0.65520720 1.00000000

-0.63021710 -0.74038910 0.23377480 0.00000000
0.77596590 -0.59033190 0.22222880 0.00000000
-0.02653107 0.32145390 0.94655380 0.00000000
0.06302387 1.00945700 -0.64730050 1.00000000

-0.51649560 0.84549360 -0.13554900 0.00000000
-0.85615530 -0.51271380 0.06421229 0.00000000
-0.01520669 0.14921660 0.98868790 0.00000000
0.09573373 1.04133000 -0.62774890 1.00000000

-0.71482840 -0.69300830 0.09359682 0.00000000
0.69913510 -0.70531890 0.11720260 0.00000000
-0.01520669 0.14921660 0.98868790 0.00000000
0.06281792 1.02161800 -0.62528020 1.00000000

-0.63010840 0.77413650 -0.06063762 0.00000000
-0.77509720 -0.63174760 -0.01095000 0.00000000
-0.04678437 0.04010057 0.99809980 0.00000000
0.09187883 1.04342900 -0.59545730 1.00000000

-0.70330430 -0.71087560 -0.00440565 0.00000000
0.70934830 -0.70217410 0.06146064 0.00000000
-0.04678437 0.04010057 0.99809980 0.00000000
0.06226825 1.01929500 -0.59587540 1.00000000

0.15544730 0.38917680 0.90795270 0.00000000
-0.88226390 -0.35874340 0.30481780 0.00000000
0.44435010 -0.84843680 0.28759070 0.00000000
0.12495820 1.00589100 -0.57698720 1.00000000

-0.67518800 -0.05797088 0.73536470 0.00000000
-0.70339300 -0.24966070 -0.66551390 0.00000000
0.22217210 -0.96659670 0.12779130 0.00000000
0.09580657 0.99403700 -0.56691540 1.00000000

0.83638360 0.54724990 0.03131175 0.00000000
-0.47736150 0.75526650 -0.44910910 0.00000000
-0.26942350 0.36068070 0.89292820 0.00000000
0.20757880 0.90100140 -0.59977950 1.00000000

-0.51898400 0.30603620 -0.79812130 0.00000000
0.70321920 -0.37794710 -0.60219510 0.00000000
-0.48594120 -0.87378380 -0.01906219 0.00000000
0.12475120 0.86943040 -0.31346070 1.00000000

0.30953080 -0.94500610 0.10561300 0.00000000
0.54376730 0.08479537 -0.83494110 0.00000000
0.78006910 0.31586890 0.54011020 0.00000000
-0.08535013 0.81151710 -0.02398609 1.00000000

0.37072390 -0.71483030 -0.59294300 0.00000000
0.81471940 0.55680230 -0.16187570 0.00000000
0.44586560 -0.42307100 0.78880600 0.00000000
-0.24543500 0.78655360 0.22182020 1.00000000

0.37074300 -0.71482070 -0.59294280 0.00000000
0.34598680 -0.48618170 0.80244650 0.00000000
-0.86188330 -0.50265180 0.06707010 0.00000000
-0.46866840 0.63399060 0.26617450 1.00000000

0.77661220 -0.33331060 -0.53458150 0.00000000
0.14509050 -0.73112600 0.66663580 0.00000000
-0.61304340 -0.59528040 -0.51944120 0.00000000
-0.52575640 0.71421020 0.13377040 1.00000000

-0.70323160 0.52901100 0.47498700 0.00000000
-0.71091560 -0.53077140 -0.46139030 0.00000000
0.00802907 -0.66213980 0.74933730 0.00000000
-0.49832640 0.76301690 0.05378522 1.00000000

-0.01693380 -0.39721100 0.91757120 0.00000000
-0.82286520 0.52685180 0.21288510 0.00000000
-0.56798430 -0.75143250 -0.33577280 0.00000000
-0.55551860 0.76858850 0.02471413 1.00000000

-0.82159690 0.49351370 0.28534720 0.00000000
-0.04871061 0.43794250 -0.89768250 0.00000000
-0.56798430 -0.75143250 -0.33577280 0.00000000
-0.52995400 0.75222040 0.01810028 1.00000000

0.15266080 -0.58073340 0.79965210 0.00000000
-0.74671900 0.46225380 0.47825940 0.00000000
-0.64738330 -0.67012690 -0.36307660 0.00000000
-0.53808040 0.78511330 0.04028540 1.00000000

-0.76178060 0.55380040 0.33614840 0.00000000
-0.02419022 0.49420190 -0.86901090 0.00000000
-0.64738330 -0.67012690 -0.36307660 0.00000000
-0.50853200 0.76682150 0.02136018 1.00000000

0.19278510 -0.75824560 0.62281420 0.00000000
-0.64249830 0.38218890 0.66417430 0.00000000
-0.74163990 -0.52820010 -0.41349120 0.00000000
-0.52015020 0.80136320 0.05512311 1.00000000

-0.66796800 0.52495420 0.52748630 0.00000000
-0.06155431 0.66740380 -0.74214770 0.00000000
-0.74163990 -0.52820010 -0.41349120 0.00000000
-0.49544840 0.78666930 0.02958791 1.00000000

0.05310297 -0.73070650 0.68062340 0.00000000
-0.59033040 0.52676170 0.61158140 0.00000000
-0.80541280 -0.43426960 -0.40338560 0.00000000
-0.49331760 0.81631720 0.06600489 1.00000000

-0.59176520 0.55066760 0.58870970 0.00000000
-0.03352728 0.71286390 -0.70050050 0.00000000
-0.80541280 -0.43426960 -0.40338560 0.00000000
-0.47076560 0.79619380 0.04264088 1.00000000

-0.41398890 -0.63051310 -0.65655660 0.00000000
-0.78016280 -0.12585080 0.61278670 0.00000000
-0.46899800 0.76590770 -0.43980200 0.00000000
-0.47561250 0.77074090 0.10593870 1.00000000

-0.79472600 -0.38369220 0.47030970 0.00000000
0.34007020 0.36034010 0.86862390 0.00000000
-0.50275550 0.85025600 -0.15588940 0.00000000
-0.44983490 0.77490010 0.08569098 1.00000000

0.59873500 -0.54407290 -0.58779340 0.00000000
0.34598680 -0.48618170 0.80244650 0.00000000
-0.72236400 -0.68382170 -0.10285200 0.00000000
-0.50153760 0.68017790 0.18994170 1.00000000

0.99822680 -0.05867205 0.01004362 0.00000000
0.05277243 0.79423210 -0.60531860 0.00000000
0.02753836 0.60477520 0.79591990 0.00000000
-0.25019420 0.79560140 0.21798770 1.00000000

0.94579890 0.10016010 0.30892210 0.00000000
0.29591460 -0.65768420 -0.69273840 0.00000000
0.13378820 0.74660560 -0.65167570 0.00000000
0.09331015 0.36311340 -0.13928670 1.00000000

0.94579890 0.10016010 0.30892210 0.00000000
-0.11402970 -0.78825800 0.60468750 0.00000000
0.30407560 -0.60713900 -0.73411220 0.00000000
0.15841140 0.21842290 -0.29168920 1.00000000

0.96592610 -0.00000010 0.25881910 0.00000000
-0.00000005 -1.00000000 0.00000001 0.00000000
0.25881890 -0.00000011 -0.96592610 0.00000000
0.13926310 0.07255095 -0.18576920 1.00000000

0.96592610 -0.00000010 0.25881910 0.00000000
-0.00000005 -1.00000000 0.00000001 0.00000000
0.25881890 -0.00000011 -0.96592610 0.00000000
0.16086580 0.02705100 -0.25673260 1.00000000

-0.29545500 -0.44038410 -0.84780200 0.00000000
0.55514490 0.64307860 -0.52750750 0.00000000
0.77750920 -0.62650770 0.05447611 0.00000000
-0.08103497 0.37659460 0.10052070 1.00000000

-0.29545520 -0.44038430 -0.84780190 0.00000000
-0.21645770 0.89519910 -0.38956990 0.00000000
0.93051180 0.06841271 -0.35981590 0.00000000
-0.20316690 0.23511730 0.21657230 1.00000000

0.04834962 0.00000006 -0.99883060 0.00000000
0.00000008 1.00000000 0.00000004 0.00000000
0.99883060 -0.00000012 0.04834962 0.00000000
-0.16857960 0.07255113 0.28896260 1.00000000

0.04834962 0.00000006 -0.99883060 0.00000000
0.00000008 1.00000000 0.00000004 0.00000000
0.99883060 -0.00000012 0.04834962 0.00000000
-0.24275040 0.02705109 0.28787540 1.00000000

1.00000000 0.00000000 0.00000000 0.00000000
0.00000000 1.00000000 0.00000000 0.00000000
0.00000000 0.00000000 1.00000000 0.00000000
0.00000000 0.00000000 0.00000000 1.00000000

1.00000000 0.00000000 0.00000000 0.00000000
0.00000000 1.00000000 0.00000000 0.00000000
0.00000000 0.00000000 1.00000000 0.00000000
0.00000000 0.00000000 0.00000000 1.00000000

1.00000000 0.00000000 0.00000000 0.00000000
0.00000000 1.00000000 0.00000000 0.00000000
0.00000000 0.00000000 1.00000000 0.00000000
0.00000000 0.00000000 0.00000000 1.00000000

0.59311440 -0.04892193 -0.80363050 0.00000000
-0.15747920 0.97182280 -0.17538730 0.00000000
0.78956680 0.23057980 0.56869790 0.00000000
0.01188877 0.41120190 -0.02773648 1.00000000

0.59058570 0.06101842 -0.80466470 0.00000000
-0.09098677 0.99581380 0.00873344 0.00000000
0.80182910 0.06805599 0.59366530 0.00000000
-0.00142286 0.48347340 -0.03811236 1.00000000

0.65084980 0.04802426 -0.75768610 0.00000000
-0.11113190 0.99327400 -0.03250545 0.00000000
0.75102880 0.10535920 0.65180920 0.00000000
-0.01248996 0.58941200 -0.03658419 1.00000000

0.62260900 0.06298441 -0.77999420 0.00000000
-0.35094920 0.91336830 -0.20638130 0.00000000
0.69942310 0.40223320 0.59077560 0.00000000
-0.02250941 0.67318870 -0.04051444 1.00000000

0.62258410 0.06264895 -0.78004110 0.00000000
-0.38782840 0.89046810 -0.23802450 0.00000000
0.67968980 0.45071240 0.57868830 0.00000000
-0.08281426 0.84678150 -0.07463354 1.00000000

0.99151080 0.11663830 0.05746087 0.00000000
-0.12348370 0.98309250 0.13520730 0.00000000
-0.04071897 -0.14115500 0.98914980 0.00000000
-0.10563660 0.89458670 -0.06877708 1.00000000

0.99151080 0.11663830 0.05746087 0.00000000
-0.11385170 0.99225870 -0.04960392 0.00000000
-0.06280175 0.04264087 0.99711480 0.00000000
-0.11505020 0.99309710 -0.10630630 1.00000000

0.99880790 -0.04881324 0.00000826 0.00000000
0.04879480 0.99842650 -0.02763383 0.00000000
0.00134078 0.02760132 0.99961820 0.00000000
-0.13953980 0.96373300 -0.22145260 1.00000000

0.98891860 0.13734550 0.05635762 0.00000000
-0.13386930 0.98909350 -0.06142401 0.00000000
-0.06417930 0.05319875 0.99651940 0.00000000
-0.10643490 0.98148640 -0.23139970 1.00000000

0.95364100 0.28476430 0.09735608 0.00000000
0.28013240 -0.95816990 0.05861911 0.00000000
0.10997620 -0.02862905 -0.99352190 0.00000000
-0.07304856 0.97293540 -0.21924880 1.00000000

0.99782970 -0.05701672 0.03294018 0.00000000
-0.05806778 -0.99780350 0.03188241 0.00000000
0.03104991 -0.03372604 -0.99894870 0.00000000
-0.05011725 0.97481980 -0.20108440 1.00000000

0.99644610 0.06732225 0.05062664 0.00000000
-0.06548788 0.99716500 -0.03705988 0.00000000
-0.05297786 0.03361282 0.99802980 0.00000000
-0.10765110 0.99068510 -0.22908640 1.00000000

0.99151080 0.11663830 0.05746087 0.00000000
0.11319210 -0.99176140 0.05997473 0.00000000
0.06398284 -0.05296151 -0.99654460 0.00000000
-0.06370534 1.06179700 -0.14236680 1.00000000

0.99218880 0.11111340 0.05670053 0.00000000
0.10898170 -0.99326270 0.03940720 0.00000000
0.06069702 -0.03292008 -0.99761350 0.00000000
-0.11633460 1.07562700 -0.19597820 1.00000000

0.92359200 0.35692950 0.13992520 0.00000000
0.35906320 -0.93325360 0.01056080 0.00000000
0.13435520 0.04048815 -0.99010590 0.00000000
-0.07448632 1.00029300 -0.21755300 1.00000000

0.99226270 0.09729111 0.07713017 0.00000000
0.09793786 -0.99518190 -0.00463837 0.00000000
0.07630709 0.01215639 -0.99701030 0.00000000
-0.04159590 1.11235700 -0.15418220 1.00000000

0.99151080 0.11663830 0.05746087 0.00000000
-0.11430360 0.99254170 -0.04237874 0.00000000
-0.06197527 0.03545097 0.99744780 0.00000000
-0.11204800 1.02951800 -0.23203960 1.00000000

0.93510390 0.34340130 0.08749846 0.00000000
-0.33949430 0.93890040 -0.05665407 0.00000000
-0.10160740 0.02327225 0.99455230 0.00000000
-0.16454770 0.95729310 -0.20662040 1.00000000

0.99151080 0.11663830 0.05746087 0.00000000
-0.11319210 0.99176130 -0.05997476 0.00000000
-0.06398290 0.05296153 0.99654460 0.00000000
-0.17644010 1.04853600 -0.14890010 1.00000000

0.98957930 -0.13681740 -0.04487467 0.00000000
0.13811780 0.99004020 0.02727253 0.00000000
0.04069650 -0.03318628 0.99862030 0.00000000
-0.14612860 0.99657950 -0.21985250 1.00000000

0.98753060 0.12108760 0.10060300 0.00000000
0.10969340 -0.98763790 0.11197650 0.00000000
0.11291840 -0.09954469 -0.98860530 0.00000000
-0.06354126 1.06000100 -0.14155220 1.00000000

0.98871500 0.11984580 0.08988768 0.00000000
-0.11002650 0.98812820 -0.10722410 0.00000000
-0.10167090 0.09612409 0.99016330 0.00000000
-0.17627600 1.04673900 -0.14808550 1.00000000

0.99151080 0.11663830 0.05746087 0.00000000
0.11430360 -0.99254170 0.04237875 0.00000000
0.06197533 -0.03545099 -0.99744780 0.00000000
-0.08869398 1.03174400 -0.20214600 1.00000000

0.99151080 0.11663830 0.05746087 0.00000000
-0.11430360 0.99254170 -0.04237874 0.00000000
-0.06197527 0.03545097 0.99744780 0.00000000
-0.13857800 1.02643600 -0.20495670 1.00000000

0.99151080 0.11663830 0.05746087 0.00000000
0.11208990 -0.99072000 0.07688089 0.00000000
0.06589487 -0.06978746 -0.99538340 0.00000000
-0.02686922 1.02303000 -0.18346600 1.00000000

0.99151080 0.11663830 0.05746087 0.00000000
-0.11254990 0.99118530 -0.06988705 0.00000000
-0.06510589 0.06282659 0.99589860 0.00000000
-0.19836330 1.00265300 -0.19329970 1.00000000

0.99151080 0.11663830 0.05746087 0.00000000
-0.11446820 0.99263260 -0.03972303 0.00000000
-0.06167075 0.03280840 0.99755720 0.00000000
-0.12034750 1.07872200 -0.18871120 1.00000000

0.99120610 0.12043180 0.05483404 0.00000000
-0.11877040 0.99238570 -0.03262404 0.00000000
-0.05834523 0.02582453 0.99796240 0.00000000
-0.20817150 1.09268900 -0.16331030 1.00000000

0.99215320 0.11002560 0.05938366 0.00000000
-0.10780800 0.99339280 -0.03934670 0.00000000
-0.06332025 0.03263600 0.99745950 0.00000000
-0.12268020 1.07488000 -0.19634590 1.00000000

0.99151080 0.11663830 0.05746087 0.00000000
-0.12348370 0.98309250 0.13520730 0.00000000
-0.04071897 -0.14115500 0.98914980 0.00000000
-0.18145360 1.04429800 -0.18887920 1.00000000

-0.35404200 0.92764650 -0.11885470 0.00000000
0.60788870 0.13167910 -0.78302740 0.00000000
-0.71072200 -0.34947490 -0.61052580 0.00000000
-0.04661660 0.80637290 -0.09358008 1.00000000

0.68572990 0.66942400 0.28573810 0.00000000
0.43541740 -0.06270140 -0.89804250 0.00000000
-0.58325510 0.74022990 -0.33447510 0.00000000
0.13234590 0.84513910 -0.32410340 1.00000000

0.68573090 0.66942560 0.28573250 0.00000000
-0.50596530 0.72062080 -0.47403060 0.00000000
-0.52323290 0.18048660 0.83285770 0.00000000
0.25165060 0.82795940 -0.57016680 1.00000000

0.78618770 0.56882980 -0.24154000 0.00000000
-0.60840310 0.78099660 -0.14103190 0.00000000
0.10841890 0.25783130 0.96008750 0.00000000
0.16816640 0.94686180 -0.64838190 1.00000000

-0.67699870 -0.72304640 0.13739430 0.00000000
0.02200040 0.16671640 0.98575960 0.00000000
-0.73565570 0.67038040 -0.09695962 0.00000000
0.08068627 0.98657800 -0.64473590 1.00000000

-0.83109760 0.47825570 -0.28381010 0.00000000
-0.55284370 -0.76587620 0.32832580 0.00000000
-0.06033969 0.42977340 0.90091830 0.00000000
0.07909504 1.01739500 -0.70155640 1.00000000

-0.63777050 -0.71088270 0.29647100 0.00000000
0.76784610 -0.55657160 0.31723930 0.00000000
-0.06051230 0.42997000 0.90081310 0.00000000
0.06192001 0.99360170 -0.69135650 1.00000000

-0.67605590 0.68116320 -0.28100710 0.00000000
-0.73485240 -0.65133330 0.18909480 0.00000000
-0.05422476 0.33433750 0.94089210 0.00000000
0.08292985 1.02429000 -0.67403570 1.00000000

-0.66039740 -0.71870110 0.21758740 0.00000000
0.74896060 -0.60951860 0.25989450 0.00000000
-0.05416280 0.33459810 0.94080310 0.00000000
0.05385095 0.99851600 -0.66655300 1.00000000

-0.52077270 0.83672550 -0.16936980 0.00000000
-0.85281350 -0.51890980 0.05867016 0.00000000
-0.03879678 0.17499480 0.98380460 0.00000000
0.08592504 1.03080000 -0.64657010 1.00000000

-0.73732260 -0.66933160 0.09138551 0.00000000
0.67445430 -0.72169840 0.15576730 0.00000000
-0.03830704 0.17648610 0.98355730 0.00000000
0.05313766 1.01085000 -0.64431450 1.00000000

-0.64618120 0.75866480 -0.08293179 0.00000000
-0.76156250 -0.64807010 0.00529745 0.00000000
-0.04972658 0.06658104 0.99654120 0.00000000
0.08152521 1.03291700 -0.61434930 1.00000000

-0.70296480 -0.71107970 0.01436806 0.00000000
0.70964750 -0.69991820 0.08071715 0.00000000
-0.04733977 0.06693770 0.99663330 0.00000000
0.05243164 1.00815900 -0.61414680 1.00000000

0.15154730 0.42220170 0.89374430 0.00000000
-0.87165620 -0.36928410 0.32225030 0.00000000
0.46610020 -0.82787390 0.31205060 0.00000000
0.11606090 0.99675940 -0.59517800 1.00000000

-0.68950620 -0.06134127 0.72167760 0.00000000
-0.67944660 -0.29034050 -0.67383610 0.00000000
0.25086610 -0.95495560 0.15851330 0.00000000
0.08725989 0.98455740 -0.58453020 1.00000000

0.80724860 0.58922560 0.03410825 0.00000000
-0.50596530 0.72062080 -0.47403060 0.00000000
-0.30389000 0.36540290 0.87984750 0.00000000
0.20358400 0.89641830 -0.61519970 1.00000000

-0.52683350 0.26660900 -0.80707260 0.00000000
0.72603890 -0.35255500 -0.59040030 0.00000000
-0.44194350 -0.89700880 -0.00783078 0.00000000
0.11968550 0.86458530 -0.32801740 1.00000000

0.33229090 -0.93054570 0.15384340 0.00000000
0.55975480 0.06328562 -0.82623830 0.00000000
0.75911620 0.36066590 0.54190660 0.00000000
-0.08991283 0.80199280 -0.03933907 1.00000000

0.41332810 -0.73371090 -0.53928510 0.00000000
0.80201020 0.57379030 -0.16596570 0.00000000
0.43120750 -0.36391380 0.82560720 0.00000000
-0.25470450 0.78336180 0.20390500 1.00000000

0.41334670 -0.73370060 -0.53928480 0.00000000
0.34271070 -0.42334780 0.83864560 0.00000000
-0.84361980 -0.53147010 0.07645762 0.00000000
-0.47445560 0.62614410 0.24938010 1.00000000

0.80101800 -0.30168150 -0.51706740 0.00000000
0.19427810 -0.68598290 0.70120190 0.00000000
-0.56623900 -0.66213020 -0.49087440 0.00000000
-0.53100310 0.69599590 0.11100310 1.00000000

-0.74433740 0.49658580 0.44650310 0.00000000
-0.66575270 -0.60416730 -0.43789960 0.00000000
0.05230787 -0.62320540 0.78030740 0.00000000
-0.50737790 0.74163160 0.03078488 1.00000000

0.05305466 -0.37286530 0.92636770 0.00000000
-0.85282360 0.46568530 0.23628230 0.00000000
-0.51949730 -0.80256390 -0.29328130 0.00000000
-0.56410250 0.74279980 -0.00057605 1.00000000

-0.84298130 0.42510530 0.32964810 0.00000000
-0.14005210 0.41822890 -0.89748020 0.00000000
-0.51939210 -0.80272680 -0.29302220 0.00000000
-0.53760710 0.72833190 -0.00791689 1.00000000

0.22426630 -0.54200850 0.80989630 0.00000000
-0.77449860 0.40528340 0.48569290 0.00000000
-0.59148710 -0.73618800 -0.32889330 0.00000000
-0.54796990 0.76126560 0.01420129 1.00000000

-0.79813770 0.47582950 0.36954400 0.00000000
-0.11563680 0.48098300 -0.86907100 0.00000000
-0.59127400 -0.73637070 -0.32886720 0.00000000
-0.51732220 0.74522830 -0.00501817 1.00000000

0.27399080 -0.71119590 0.64740250 0.00000000
-0.67213930 0.33986560 0.65781500 0.00000000
-0.68786510 -0.61537970 -0.38490250 0.00000000
-0.53132350 0.77945820 0.02825976 1.00000000

-0.70946110 0.45323260 0.53967160 0.00000000
-0.15818950 0.64381340 -0.74865280 0.00000000
-0.68676150 -0.61651030 -0.38506360 0.00000000
-0.50548210 0.76639140 0.00296909 1.00000000

0.12539870 -0.69533510 0.70766140 0.00000000
-0.64948340 0.48166370 0.58836360 0.00000000
-0.74996470 -0.53339420 -0.39120850 0.00000000
-0.50568650 0.79681180 0.03843902 1.00000000

-0.65182830 0.49623990 0.57346820 0.00000000
-0.11109110 0.68555090 -0.71949920 0.00000000
-0.75018600 -0.53269740 -0.39173360 0.00000000
-0.48087470 0.77841130 0.01596195 1.00000000

-0.32868130 -0.69886140 -0.63526510 0.00000000
-0.77952810 -0.17900330 0.60024510 0.00000000
-0.53320260 0.69249610 -0.48594710 0.00000000
-0.48495060 0.75463560 0.08068141 1.00000000

-0.75665030 -0.42606810 0.49593050 0.00000000
0.29971320 0.44809490 0.84224900 0.00000000
-0.58107910 0.78592450 -0.21135280 0.00000000
-0.45919410 0.76055100 0.06084803 1.00000000

0.64328000 -0.54483620 -0.53790780 0.00000000
0.34271070 -0.42334780 0.83864560 0.00000000
-0.68464620 -0.72383060 -0.08560987 0.00000000
-0.50701350 0.66636220 0.16970830 1.00000000

0.99896880 -0.03047934 0.03365427 0.00000000
0.04495332 0.76819000 -0.63864200 0.00000000
-0.00638741 0.63949620 0.76876780 0.00000000
-0.25957970 0.79200730 0.19961160 1.00000000

0.94724950 0.08133581 0.31000460 0.00000000
0.28644200 -0.64874290 -0.70504180 0.00000000
0.14376790 0.75664880 -0.63781930 0.00000000
0.10077700 0.35534930 -0.14339020 1.00000000

0.94724950 0.08133581 0.31000460 0.00000000
-0.14412830 -0.75583160 0.63870620 0.00000000
0.28626080 -0.64969470 -0.70423840 0.00000000
0.16379420 0.21262590 -0.29849930 1.00000000

0.96550420 -0.00275045 0.26037320 0.00000000
-0.00198404 -0.99999300 -0.00320593 0.00000000
0.26038000 0.00257862 -0.96550280 0.00000000
0.13910280 0.07241803 -0.18626570 1.00000000

0.96552490 -0.00289235 0.26029530 0.00000000
-0.00219164 -0.99999310 -0.00298182 0.00000000
0.26030190 0.00230847 -0.96552450 0.00000000
0.16072990 0.02710262 -0.25733970 1.00000000

-0.10367230 -0.46662330 -0.87835910 0.00000000
0.64640960 0.63956770 -0.41606220 0.00000000
0.75591440 -0.61091390 0.23532430 0.00000000
-0.07525466 0.36986930 0.09512103 1.00000000

-0.10367270 -0.46662360 -0.87835890 0.00000000
-0.34765930 0.84441200 -0.40755530 0.00000000
0.93187180 0.26311730 -0.24976840 0.00000000
-0.21746480 0.22916440 0.18665470 1.00000000

0.16924430 -0.00442080 -0.98556420 0.00000000
-0.01974839 0.99977400 -0.00787580 0.00000000
0.98537630 0.02079632 0.16911870 0.00000000
-0.15910840 0.07483110 0.26175560 1.00000000

0.16890940 -0.00386761 -0.98562400 0.00000000
-0.02036619 0.99976500 -0.00741323 0.00000000
0.98542130 0.02132555 0.16879110 0.00000000
-0.23168540 0.02781063 0.25204020 1.00000000

1.00000000 0.00000000 0.00000000 0.00000000
0.00000000 1.00000000 0.00000000 0.00000000
0.00000000 0.00000000 1.00000000 0.00000000
0.00000000 0.00000000 0.00000000 1.00000000

1.00000000 0.00000000 0.00000000 0.00000000
0.00000000 1.00000000 0.00000000 0.00000000
0.00000000 0.00000000 1.00000000 0.00000000
0.00000000 0.00000000 0.00000000 1.00000000

1.00000000 0.00000000 0.00000000 0.00000000
0.00000000 1.00000000 0.00000000 0.00000000
0.00000000 0.00000000 1.00000000 0.00000000
0.00000000 0.00000000 0.00000000 1.00000000

0.60671830 -0.05310385 -0.79314120 0.00000000
-0.15991460 0.96921410 -0.18722030 0.00000000
0.77866570 0.24042480 0.57954780 0.00000000
0.02815899 0.39388030 -0.03974105 1.00000000

0.60152040 0.05441235 -0.79700230 0.00000000
-0.12598410 0.99165430 -0.02738231 0.00000000
0.78886080 0.11688060 0.60335530 0.00000000
0.01448212 0.46682340 -0.05112028 1.00000000

0.66171540 0.05402954 -0.74780580 0.00000000
-0.18926050 0.97713670 -0.09687328 0.00000000
0.72547450 0.20563270 0.65681210 0.00000000
-0.00078045 0.57333630 -0.05366420 1.00000000

0.63871160 0.06664568 -0.76655450 0.00000000
-0.39716960 0.88181980 -0.25426420 0.00000000
0.65901730 0.46685370 0.58969810 0.00000000
-0.01716434 0.65514950 -0.06272967 1.00000000

0.63869450 0.06567695 -0.76665240 0.00000000
-0.42744300 0.85875930 -0.28253330 0.00000000
0.63981400 0.50815260 0.57655800 0.00000000
-0.08640391 0.82333430 -0.10579940 1.00000000

0.99688580 0.05496571 0.05654749 0.00000000
-0.06398876 0.98290010 0.17266390 0.00000000
-0.04609001 -0.17574460 0.98335640 0.00000000
-0.11160870 0.86866500 -0.10259700 1.00000000

0.99688580 0.05496571 0.05654749 0.00000000
-0.04967301 0.99460330 -0.09108742 0.00000000
-0.06124911 0.08799486 0.99423620 0.00000000
-0.11508950 0.96941240 -0.13916320 1.00000000

0.95584950 -0.29092380 -0.04141518 0.00000000
0.28972310 0.95655300 -0.03266071 0.00000000
0.04911765 0.01921990 0.99860810 0.00000000
-0.14407590 0.93263080 -0.25065300 1.00000000

0.99627810 0.06598600 0.05546170 0.00000000
-0.05935063 0.99173120 -0.11378350 0.00000000
-0.06251132 0.11006840 0.99195640 0.00000000
-0.10705670 0.95127930 -0.26314860 1.00000000

0.91917340 0.37558290 0.11856600 0.00000000
0.36462110 -0.92528990 0.10435490 0.00000000
0.14890190 -0.05268862 -0.98744740 0.00000000
-0.07094200 0.93661050 -0.24655990 1.00000000

0.96959870 -0.24469550 0.00171372 0.00000000
-0.24467800 -0.96957900 -0.00704680 0.00000000
0.00338584 0.00641323 -0.99997400 0.00000000
-0.04860886 0.93820830 -0.23100370 1.00000000

0.99794270 0.03581700 0.05317473 0.00000000
-0.03582627 0.99935760 -0.00077846 0.00000000
-0.05316857 -0.00112823 0.99858490 0.00000000
-0.10827970 0.96957420 -0.25937130 1.00000000

0.99688580 0.05496571 0.05654749 0.00000000
0.05251099 -0.99765000 0.04401784 0.00000000
0.05883408 -0.04091144 -0.99742950 0.00000000
-0.06002843 1.03771500 -0.17088600 1.00000000

0.99752130 0.04429875 0.05467078 0.00000000
0.04429741 -0.99901780 0.00123615 0.00000000
0.05467194 0.00118863 -0.99850390 0.00000000
-0.11236790 1.06289100 -0.22141550 1.00000000

0.97889820 0.11007820 0.17216520 0.00000000
0.11406940 -0.99338230 -0.01343218 0.00000000
0.16954740 0.03278755 -0.98497660 0.00000000
-0.07066849 0.98048220 -0.24448540 1.00000000

0.99352100 -0.00497590 0.11354070 0.00000000
0.00992308 -0.99142770 -0.13027980 0.00000000
0.11321560 0.13056230 -0.98495480 0.00000000
-0.03503361 1.08728400 -0.17975550 1.00000000

0.99688580 0.05496571 0.05654749 0.00000000
-0.05467773 0.99848200 -0.00662816 0.00000000
-0.05682603 0.00351557 0.99837790 0.00000000
-0.11043890 1.01002400 -0.26062460 1.00000000

0.94847930 0.30120940 0.09828672 0.00000000
-0.30059230 0.95351310 -0.02138129 0.00000000
-0.10015800 -0.00926447 0.99492850 0.00000000
-0.17626150 0.93479710 -0.23607300 1.00000000

0.99688580 0.05496571 0.05654749 0.00000000
-0.05251092 0.99764970 -0.04401790 0.00000000
-0.05883408 0.04091152 0.99742910 0.00000000
-0.17337440 1.03146600 -0.17731540 1.00000000

0.99449000 -0.04560035 -0.09439409 0.00000000
0.04812459 0.99853740 0.02463896 0.00000000
0.09313247 -0.02904581 0.99522990 0.00000000
-0.15002680 0.97833560 -0.24854150 1.00000000

0.99345020 0.05535471 0.09996319 0.00000000
0.05429998 -0.99843690 0.01324355 0.00000000
0.10054000 -0.00772888 -0.99490310 0.00000000
-0.05990622 1.03390200 -0.16933390 1.00000000

0.99449840 0.05518620 0.08903632 0.00000000
-0.05444461 0.99845900 -0.01073782 0.00000000
-0.08949164 0.00583124 0.99597050 0.00000000
-0.17325220 1.02765300 -0.17576340 1.00000000

0.99688580 0.05496571 0.05654749 0.00000000
0.05467771 -0.99848210 0.00662820 0.00000000
0.05682611 -0.00351566 -0.99837800 0.00000000
-0.08738063 1.01293300 -0.23034020 1.00000000

0.99688580 0.05496571 0.05654749 0.00000000
-0.05467773 0.99848200 -0.00662816 0.00000000
-0.05682603 0.00351557 0.99837790 0.00000000
-0.13693240 1.01087800 -0.23302980 1.00000000

0.99688580 0.05496571 0.05654749 0.00000000
0.05309984 -0.99801060 0.03398709 0.00000000
0.05830300 -0.03087862 -0.99782130 0.00000000
-0.02564322 0.99636450 -0.21271430 1.00000000

0.99688580 0.05496571 0.05654749 0.00000000
-0.05340057 0.99815700 -0.02882763 0.00000000
-0.05802771 0.02571822 0.99798370 0.00000000
-0.19808270 0.98675510 -0.22242880 1.00000000

0.99688580 0.05496571 0.05654749 0.00000000
-0.05495018 0.99848740 -0.00183035 0.00000000
-0.05656260 -0.00128263 0.99839820 0.00000000
-0.11626910 1.06752100 -0.21373770 1.00000000

0.99655190 0.07045223 0.04382932 0.00000000
-0.07175928 0.99700040 0.02899927 0.00000000
-0.04165465 -0.03204437 0.99861820 0.00000000
-0.20251490 1.07795800 -0.18873310 1.00000000

0.99732790 0.04201108 0.05976951 0.00000000
-0.04201945 0.99911620 -0.00111595 0.00000000
-0.05976364 -0.00139850 0.99821170 0.00000000
-0.11874800 1.06253900 -0.22177740 1.00000000

0.99688580 0.05496571 0.05654749 0.00000000
-0.06398876 0.98290010 0.17266390 0.00000000
-0.04609001 -0.17574460 0.98335640 0.00000000
-0.17869060 1.02706800 -0.21659200 1.00000000

-0.42683180 0.89119330 -0.15358770 0.00000000
0.60969540 0.15815440 -0.77669740 0.00000000
-0.66789700 -0.42516090 -0.61086180 0.00000000
-0.04744798 0.78435710 -0.12208810 1.00000000

0.61301830 0.73937990 0.27843470 0.00000000
0.45606880 -0.04339006 -0.88888620 0.00000000
-0.64514340 0.67188900 -0.36380700 0.00000000
0.13204630 0.83091780 -0.35074780 1.00000000

0.61301920 0.73938140 0.27842910 0.00000000
-0.54756870 0.65165000 -0.52490100 0.00000000
-0.56954030 0.16931540 0.80433580 0.00000000
0.25700960 0.81902930 -0.59430250 1.00000000

0.74674850 0.62647330 -0.22337820 0.00000000
-0.66308700 0.72739030 -0.17668920 0.00000000
0.05179203 0.28006150 0.95858400 0.00000000
0.16666070 0.92655160 -0.68091110 1.00000000

-0.62199970 -0.77201350 0.13081350 0.00000000
-0.02492964 0.18650350 0.98213800 0.00000000
-0.78262090 0.60762820 -0.13525130 0.00000000
0.07910725 0.95811930 -0.68110540 1.00000000

-0.76095680 0.52415720 -0.38236730 0.00000000
-0.63089690 -0.73529950 0.24759650 0.00000000
-0.15137490 0.42964430 0.89021990 0.00000000
0.07428449 0.98889610 -0.73849560 1.00000000

-0.74065030 -0.64567250 0.18586190 0.00000000
0.65453570 -0.63089640 0.41659720 0.00000000
-0.15172570 0.43020590 0.88988880 0.00000000
0.05468452 0.96605260 -0.73080350 1.00000000

-0.64017530 0.68440900 -0.34894170 0.00000000
-0.75961290 -0.63176730 0.15446210 0.00000000
-0.11473460 0.36394340 0.92432730 0.00000000
0.07653269 0.99648820 -0.71098300 1.00000000

-0.73697210 -0.65494200 0.16710290 0.00000000
0.66615710 -0.66190350 0.34368410 0.00000000
-0.11448710 0.36460240 0.92409840 0.00000000
0.04647407 0.97148860 -0.70487080 1.00000000

-0.51717660 0.82223410 -0.23761230 0.00000000
-0.85074900 -0.52421860 0.03769615 0.00000000
-0.09356582 0.22164400 0.97062850 0.00000000
0.07797754 1.00362800 -0.68354890 1.00000000

-0.78201210 -0.61934300 0.06979746 0.00000000
0.61644150 -0.75206270 0.23324200 0.00000000
-0.09196460 0.22542400 0.96991050 0.00000000
0.04526952 0.98347430 -0.68209950 1.00000000

-0.65289290 0.74431890 -0.14043060 0.00000000
-0.75508830 -0.65420350 0.04312339 0.00000000
-0.05977261 0.13419230 0.98915110 0.00000000
0.07222958 1.00586700 -0.65154920 1.00000000

-0.72220390 -0.68949000 0.05500066 0.00000000
0.68959800 -0.71158340 0.13455130 0.00000000
-0.05363426 0.13510180 0.98937900 0.00000000
0.04338342 0.98087530 -0.64990170 1.00000000

0.14857430 0.49877120 0.85390460 0.00000000
-0.85647950 -0.36674290 0.36323900 0.00000000
0.49433670 -0.78531980 0.37269870 0.00000000
0.10900900 0.97252460 -0.63049450 1.00000000

-0.72429380 -0.05320248 0.68743620 0.00000000
-0.62438910 -0.37230220 -0.68667990 0.00000000
0.29246700 -0.92658550 0.23643710 0.00000000
0.08070941 0.96040670 -0.61849250 1.00000000

0.74876200 0.66161420 0.04027870 0.00000000
-0.54756870 0.65165000 -0.52490100 0.00000000
-0.37352960 0.37097070 0.85020970 0.00000000
0.20499050 0.88093610 -0.64416800 1.00000000

-0.53162190 0.19789870 -0.82353760 0.00000000
0.76361070 -0.30867730 -0.56711310 0.00000000
-0.36643830 -0.93035190 0.01298192 0.00000000
0.11756380 0.84965350 -0.35556220 1.00000000

0.36946810 -0.89983140 0.23194240 0.00000000
0.58959730 0.03407843 -0.80697820 0.00000000
0.71823980 0.43490520 0.54312880 0.00000000
-0.09186398 0.77972250 -0.06878167 1.00000000

0.48625520 -0.75342410 -0.44261530 0.00000000
0.77855710 0.60353640 -0.17202640 0.00000000
0.39674310 -0.26095250 0.88005610 0.00000000
-0.26544130 0.76969000 0.16879220 1.00000000

0.48627320 -0.75341290 -0.44261480 0.00000000
0.33051820 -0.31031140 0.89132750 0.00000000
-0.80888590 -0.57972090 0.09812048 0.00000000
-0.47876620 0.60432200 0.21592770 1.00000000

0.82956020 -0.21951230 -0.51346330 0.00000000
0.30143470 -0.59799730 0.74265490 0.00000000
-0.47007160 -0.77085270 -0.42990630 0.00000000
-0.53330190 0.65552270 0.06885827 1.00000000

-0.80682580 0.40976060 0.42559240 0.00000000
-0.57062850 -0.72708970 -0.38173860 0.00000000
0.15302220 -0.55085140 0.82045560 0.00000000
-0.51874910 0.69513430 -0.00896473 1.00000000

0.24320380 -0.32597980 0.91355880 0.00000000
-0.87426070 0.33428800 0.35202400 0.00000000
-0.42014390 -0.88430170 -0.20369090 0.00000000
-0.57433840 0.68883050 -0.04490755 1.00000000

-0.83189090 0.28541790 0.47591490 0.00000000
-0.36304430 0.36870810 -0.85571860 0.00000000
-0.41971080 -0.88464220 -0.20310540 0.00000000
-0.54717710 0.67844490 -0.05584417 1.00000000

0.40221600 -0.46523890 0.78852740 0.00000000
-0.78623570 0.26576910 0.55785340 0.00000000
-0.46910130 -0.84434570 -0.25889090 0.00000000
-0.56087720 0.71045670 -0.03184153 1.00000000

-0.81605480 0.30139670 0.49316880 0.00000000
-0.33854010 0.44231960 -0.83050860 0.00000000
-0.46845050 -0.84469750 -0.25892200 0.00000000
-0.52976510 0.69994010 -0.05391638 1.00000000

0.43903730 -0.60969080 0.65994200 0.00000000
-0.69458150 0.23560030 0.67974220 0.00000000
-0.56991500 -0.75681570 -0.32004260 0.00000000
-0.54687730 0.73183520 -0.01948543 1.00000000

-0.74072540 0.29846640 0.60186730 0.00000000
-0.36112980 0.57854610 -0.73134800 0.00000000
-0.56649050 -0.75908020 -0.32075850 0.00000000
-0.52017300 0.72277710 -0.04561917 1.00000000

0.30013200 -0.62085180 0.72419880 0.00000000
-0.73582900 0.33243860 0.58994970 0.00000000
-0.60702290 -0.70994930 -0.35706520 0.00000000
-0.52391240 0.75340320 -0.01115136 1.00000000

-0.73483130 0.33130260 0.59182930 0.00000000
-0.30054090 0.62318980 -0.72201790 0.00000000
-0.60802820 -0.70843010 -0.35836930 0.00000000
-0.49580200 0.74070350 -0.03368898 1.00000000

-0.16740370 -0.78555610 -0.59571620 0.00000000
-0.74363870 -0.29610410 0.59943660 0.00000000
-0.64728500 0.54334560 -0.53460090 0.00000000
-0.49673580 0.71792350 0.03367622 1.00000000

-0.66340990 -0.50665470 0.55062560 0.00000000
0.21352980 0.57708960 0.78827220 0.00000000
-0.71714200 0.64052250 -0.27466110 0.00000000
-0.47216530 0.72770790 0.01386948 1.00000000

0.71600480 -0.53284560 -0.45101360 0.00000000
0.33051820 -0.31031140 0.89132750 0.00000000
-0.61489440 -0.78726300 -0.04606935 0.00000000
-0.51016590 0.63380150 0.13125120 1.00000000

0.99706240 0.02211873 0.07333145 0.00000000
0.03465569 0.72351780 -0.68943520 0.00000000
-0.06830606 0.68995140 0.72062560 0.00000000
-0.27048940 0.77765440 0.16376920 1.00000000

0.95153500 0.03749188 0.30524670 0.00000000
0.25693090 -0.64239730 -0.72201950 0.00000000
0.16901990 0.76545410 -0.62089630 0.00000000
0.11927520 0.33744900 -0.15336210 1.00000000

0.95153500 0.03749188 0.30524670 0.00000000
-0.20494290 -0.66273750 0.72026180 0.00000000
0.22930240 -0.74791250 -0.62293430 0.00000000
0.17580000 0.19612150 -0.31220640 1.00000000

0.96526970 0.00254918 0.26124280 0.00000000
0.00214826 -0.99999610 0.00182004 0.00000000
0.26124650 -0.00119570 -0.96527140 0.00000000
0.13980390 0.07229427 -0.18478830 1.00000000

0.96532470 0.00218281 0.26104330 0.00000000
0.00161281 -0.99999580 0.00239745 0.00000000
0.26104760 -0.00189329 -0.96532400 0.00000000
0.16168280 0.02671227 -0.25561420 1.00000000

0.25974680 -0.42860790 -0.86534790 0.00000000
0.74191960 0.66217220 -0.10527680 0.00000000
0.61813180 -0.61467320 0.48998980 0.00000000
-0.06079401 0.35321010 0.08203591 1.00000000

0.25974630 -0.42860840 -0.86534770 0.00000000
