MeshAnim
1
55
75
30
0.58743190 -0.04542184 -0.80799790 0.00000000
-0.15571390 0.97342340 -0.16792870 0.00000000
0.79415180 0.22446320 0.56474710 0.00000000
0.00538873 0.41847160 -0.02266045 1.00000000

0.58662470 0.06566115 -0.80719270 0.00000000
-0.06929000 0.99712240 0.03075469 0.00000000
0.80688940 0.03788896 0.58948620 0.00000000
-0.00772682 0.49049030 -0.03244285 1.00000000

0.64608380 0.04516488 -0.76192900 0.00000000
-0.06312601 0.99798970 0.00562960 0.00000000
0.76065160 0.04446036 0.64763610 0.00000000
-0.01633110 0.59614120 -0.02851855 1.00000000

0.61451180 0.06211243 -0.78645860 0.00000000
-0.32237150 0.92963700 -0.17846970 0.00000000
0.72003610 0.36320370 0.59129620 0.00000000
-0.02236984 0.68059690 -0.02932614 1.00000000

0.61451180 0.06211243 -0.78645860 0.00000000
-0.36294510 0.90739010 -0.21192950 0.00000000
0.70046130 0.41567460 0.58014520 0.00000000
-0.07718316 0.85693590 -0.05822860 1.00000000

0.98955330 0.13396580 0.05326656 0.00000000
-0.13979840 0.98193490 0.12751540 0.00000000
-0.03522152 -0.13362990 0.99040520 0.00000000
-0.09848472 0.90584950 -0.05086561 1.00000000

0.98955330 0.13396580 0.05326656 0.00000000
-0.13169810 0.99031130 -0.04403429 0.00000000
-0.05864942 0.03655920 0.99760900 0.00000000
-0.10970550 1.00382300 -0.08881894 1.00000000

0.99978420 0.02047681 -0.00345549 0.00000000
-0.02059294 0.99907210 -0.03782348 0.00000000
0.00267774 0.03788650 0.99927840 0.00000000
-0.13254620 0.97789260 -0.20580070 1.00000000

0.98516680 0.16355460 0.05192432 0.00000000
-0.16126520 0.98585660 -0.04560930 0.00000000
-0.05864942 0.03655920 0.99760900 0.00000000
-0.10168270 0.99439750 -0.21415550 1.00000000

0.96164530 0.26380180 0.07514685 0.00000000
0.26052740 -0.96413710 0.05064899 0.00000000
0.08581322 -0.02912856 -0.99588560 0.00000000
-0.07034129 0.98851610 -0.20410050 1.00000000

0.99858510 0.03480134 0.04020807 0.00000000
0.03307263 -0.99853240 0.04288860 0.00000000
0.04164165 -0.04149813 -0.99827080 0.00000000
-0.04725510 0.99196520 -0.18509860 1.00000000

0.99736290 0.05822662 0.04332522 0.00000000
-0.05632623 0.99744850 -0.04386179 0.00000000
-0.04576859 0.04130578 0.99809770 0.00000000
-0.10272940 1.00121900 -0.21186820 1.00000000

0.98955330 0.13396580 0.05326656 0.00000000
0.13149260 -0.99017770 0.04751588 0.00000000
0.05910888 -0.04001534 -0.99744900 0.00000000
-0.05944188 1.07134800 -0.12513620 1.00000000

0.98955330 0.13396580 0.05326656 0.00000000
0.13149260 -0.99017770 0.04751588 0.00000000
0.05910888 -0.04001534 -0.99744900 0.00000000
-0.11198910 1.08088500 -0.18013150 1.00000000

0.89323030 0.43363130 0.11875800 0.00000000
0.43601200 -0.89991720 0.00651063 0.00000000
0.10969560 0.04596447 -0.99290170 0.00000000
-0.07125284 1.00925200 -0.20222460 1.00000000

0.98955330 0.13396580 0.05326656 0.00000000
0.13149260 -0.99017770 0.04751588 0.00000000
0.05910888 -0.04001534 -0.99744900 0.00000000
-0.03816837 1.12211500 -0.13850890 1.00000000

0.98955330 0.13396580 0.05326656 0.00000000
-0.13149260 0.99017760 -0.04751595 0.00000000
-0.05910888 0.04001540 0.99744900 0.00000000
-0.10765950 1.03897100 -0.21522500 1.00000000

0.93570720 0.34366960 0.07964563 0.00000000
-0.33945940 0.93858340 -0.06187314 0.00000000
-0.09601775 0.03085870 0.99490110 0.00000000
-0.15768650 0.97006860 -0.19069870 1.00000000

0.98955330 0.13396580 0.05326656 0.00000000
-0.13149260 0.99017760 -0.04751595 0.00000000
-0.05910888 0.04001540 0.99744900 0.00000000
-0.17195410 1.05611600 -0.13119260 1.00000000

0.98418940 -0.16995650 -0.04986036 0.00000000
0.17196480 0.98432360 0.03918217 0.00000000
0.04241940 -0.04713687 0.99798730 0.00000000
-0.13968490 1.00613400 -0.20387140 1.00000000

0.98955330 0.13396580 0.05326656 0.00000000
0.12320890 -0.97770520 0.17003740 0.00000000
0.07485819 -0.16169820 -0.98399700 0.00000000
-0.05944188 1.07134800 -0.12513620 1.00000000

0.98955330 0.13396580 0.05326656 0.00000000
-0.12320880 0.97770480 -0.17003740 0.00000000
-0.07485807 0.16169820 0.98399690 0.00000000
-0.17195410 1.05611600 -0.13119260 1.00000000

0.98955330 0.13396580 0.05326656 0.00000000
0.13149260 -0.99017770 0.04751588 0.00000000
0.05910888 -0.04001534 -0.99744900 0.00000000
-0.08387253 1.04021500 -0.18565810 1.00000000

0.98955330 0.13396580 0.05326656 0.00000000
-0.13149260 0.99017760 -0.04751595 0.00000000
-0.05910888 0.04001540 0.99744900 0.00000000
-0.13396260 1.03385000 -0.18829790 1.00000000

0.98955330 0.13396580 0.05326656 0.00000000
0.12884520 -0.98756130 0.09011830 0.00000000
0.06467667 -0.08231375 -0.99450560 0.00000000
-0.02226588 1.03461500 -0.16693900 1.00000000

0.98955330 0.13396580 0.05326656 0.00000000
-0.12943670 0.98827910 -0.08093393 0.00000000
-0.06348443 0.07319383 0.99529500 0.00000000
-0.19340770 1.01115400 -0.17600790 1.00000000

0.98955330 0.13396580 0.05326656 0.00000000
-0.13149260 0.99017760 -0.04751595 0.00000000
-0.05910888 0.04001540 0.99744900 0.00000000
-0.11592820 1.08324600 -0.17297210 1.00000000

0.98955330 0.13396580 0.05326656 0.00000000
-0.13149260 0.99017760 -0.04751595 0.00000000
-0.05910888 0.04001540 0.99744900 0.00000000
-0.20441220 1.09954100 -0.14693170 1.00000000

0.98955330 0.13396580 0.05326656 0.00000000
-0.13149260 0.99017760 -0.04751595 0.00000000
-0.05910888 0.04001540 0.99744900 0.00000000
-0.11832220 1.08002800 -0.18047240 1.00000000

0.98955330 0.13396580 0.05326656 0.00000000
-0.13979840 0.98193490 0.12751540 0.00000000
-0.03522152 -0.13362990 0.99040520 0.00000000
-0.17721650 1.05324900 -0.17194770 1.00000000

-0.30847040 0.94591300 -0.10047300 0.00000000
0.60779650 0.11474570 -0.78575880 0.00000000
-0.73173080 -0.30345050 -0.61031830 0.00000000
-0.04261696 0.81583650 -0.07867661 1.00000000

0.27926700 0.68069850 -0.67724410 0.00000000
0.52645310 -0.69839210 -0.48486710 0.00000000
-0.80303030 -0.22112990 -0.55339360 0.00000000
0.13631840 0.84961760 -0.31000400 1.00000000

0.27926710 0.68069800 -0.67724460 0.00000000
0.00166276 -0.70564840 -0.70856060 0.00000000
-0.96021230 0.19675160 -0.19819610 0.00000000
0.28056670 0.65825870 -0.44285800 1.00000000

0.69246850 0.46123900 -0.55474840 0.00000000
-0.08531001 -0.71119310 -0.69780160 0.00000000
-0.71638670 0.53053110 -0.45313050 0.00000000
0.28084100 0.54182660 -0.55977050 1.00000000

-0.56792000 -0.39715320 0.72092750 0.00000000
-0.79733660 0.48282280 -0.36212870 0.00000000
-0.20425970 -0.78048190 -0.59086940 0.00000000
0.23739560 0.46160660 -0.59454550 1.00000000

-0.16922370 -0.93297490 -0.31768190 0.00000000
-0.66947540 -0.12774020 0.73176840 0.00000000
-0.72330240 0.33651270 -0.60298690 0.00000000
0.28952740 0.42834630 -0.61252390 1.00000000

-0.68083410 -0.20170110 0.70411780 0.00000000
0.11532150 0.91982420 0.37500030 0.00000000
-0.72330240 0.33651270 -0.60298690 0.00000000
0.26872900 0.42437780 -0.58979020 1.00000000

-0.04651073 -0.83666000 -0.54574490 0.00000000
-0.62727090 -0.40072540 0.66779490 0.00000000
-0.77741120 0.37338930 -0.50617440 0.00000000
0.26929880 0.44425130 -0.62507230 1.00000000

-0.61428830 -0.27771600 0.73859570 0.00000000
0.13521120 0.88512980 0.44526830 0.00000000
-0.77741120 0.37338930 -0.50617440 0.00000000
0.24447710 0.42839430 -0.59864710 1.00000000

-0.04389495 -0.67225210 -0.73902010 0.00000000
-0.55761250 -0.59729990 0.57645560 0.00000000
-0.82894030 0.43739040 -0.34863770 0.00000000
0.24862630 0.45947300 -0.63718240 1.00000000

-0.53267020 -0.42714420 0.73062340 0.00000000
0.17064910 0.79135200 0.58706200 0.00000000
-0.82894030 0.43739040 -0.34863770 0.00000000
0.22718810 0.43650920 -0.61501970 1.00000000

-0.17469930 -0.71864750 -0.67307250 0.00000000
-0.46710150 -0.54127750 0.69916700 0.00000000
-0.86677380 0.43653710 -0.24112050 0.00000000
0.21948320 0.47144400 -0.64551340 1.00000000

-0.44575180 -0.46136050 0.76710610 0.00000000
0.22362660 0.77238730 0.59448230 0.00000000
-0.86677380 0.43653710 -0.24112050 0.00000000
0.20163870 0.45076580 -0.61880360 1.00000000

-0.64285460 0.49636230 -0.58340620 0.00000000
-0.75611230 -0.53311160 0.37958720 0.00000000
-0.12260770 0.68513980 0.71801880 0.00000000
0.21605780 0.51597800 -0.61636700 1.00000000

-0.97803920 -0.20700260 -0.02428976 0.00000000
0.17345420 -0.87301490 0.45580580 0.00000000
-0.11555800 0.44158290 0.88974770 0.00000000
0.19107460 0.49836300 -0.60382490 1.00000000

0.51432040 0.60826410 -0.60455700 0.00000000
0.00166276 -0.70564840 -0.70856060 0.00000000
-0.85759670 0.36342200 -0.36394050 0.00000000
0.28072460 0.59122200 -0.51017130 1.00000000

-0.51898400 0.30603620 -0.79812130 0.00000000
0.70321920 -0.37794710 -0.60219510 0.00000000
-0.48594120 -0.87378380 -0.01906219 0.00000000
0.13630540 0.84961490 -0.31001420 1.00000000

0.44278340 -0.87791160 0.18224690 0.00000000
0.40549330 0.01478044 -0.91397850 0.00000000
0.79969880 0.47859440 0.36253180 0.00000000
-0.08437458 0.81211590 -0.02347140 1.00000000

-0.47743640 -0.36805880 -0.79786410 0.00000000
0.76462380 0.27334170 -0.58363930 0.00000000
0.43290310 -0.88871660 0.15092320 0.00000000
-0.20375180 0.80776480 0.24560340 1.00000000

-0.47742370 -0.36805780 -0.79787220 0.00000000
0.53529130 -0.84191990 0.06807393 0.00000000
-0.69679970 -0.39459390 0.59897070 0.00000000
-0.41325820 0.73286970 0.40552120 1.00000000

0.18343220 -0.10217380 -0.97770810 0.00000000
0.11972370 -0.98485800 0.12538290 0.00000000
-0.97571460 -0.14005430 -0.16842200 0.00000000
-0.50158190 0.87178640 0.39428890 1.00000000

-0.07235569 0.28759730 0.95501450 0.00000000
-0.99365970 -0.10339990 -0.04414544 0.00000000
0.08605231 -0.95215340 0.29325520 0.00000000
-0.49877760 0.95124600 0.33762820 1.00000000

0.13965760 -0.87266580 0.46792100 0.00000000
-0.25114750 0.42588270 0.86922320 0.00000000
-0.95782100 -0.23891090 -0.15969000 0.00000000
-0.55217350 0.97711690 0.34870410 1.00000000

-0.03363624 -0.31907510 0.94713220 0.00000000
-0.42506860 0.86225280 0.27538460 0.00000000
-0.90453600 -0.39333340 -0.16463180 0.00000000
-0.54437090 0.96388550 0.32169910 1.00000000

0.16929940 -0.97191380 0.16346770 0.00000000
-0.09945935 0.14816690 0.98394820 0.00000000
-0.98053330 -0.18284020 -0.07158139 0.00000000
-0.52547800 0.98198320 0.35345720 1.00000000

0.01269698 -0.13432230 0.99085640 0.00000000
-0.33339940 0.93366250 0.13084120 0.00000000
-0.94270010 -0.33201220 -0.03292835 0.00000000
-0.52154230 0.97612010 0.31452130 1.00000000

0.07690603 -0.99689800 -0.01672938 0.00000000
-0.03286088 -0.01930429 0.99927350 0.00000000
-0.99649680 -0.07630052 -0.03424352 0.00000000
-0.49856790 0.98666940 0.35781300 1.00000000

0.13868510 -0.23199530 0.96277970 0.00000000
-0.25112830 0.93216020 0.26079140 0.00000000
-0.95796720 -0.27794910 0.07101598 0.00000000
-0.49730460 0.98741160 0.31939430 1.00000000

-0.08263460 -0.14541080 -0.98591450 0.00000000
0.14095240 -0.98105820 0.13288050 0.00000000
-0.98656150 -0.12798650 0.10156530 0.00000000
-0.45898310 0.98787710 0.36036880 1.00000000

-0.02770367 -0.48158260 -0.87596290 0.00000000
0.16102340 -0.86700500 0.47156510 0.00000000
-0.98656150 -0.12798650 0.10156530 0.00000000
-0.46436780 1.02535600 0.35529270 1.00000000

-0.93947360 0.31313590 -0.13905130 0.00000000
-0.15728930 -0.03362193 0.98698000 0.00000000
0.30438380 0.94911300 0.08083990 0.00000000
-0.44010970 0.89745750 0.36389640 1.00000000

-0.48426220 0.15558570 0.86097820 0.00000000
0.36809450 -0.85650280 0.36181380 0.00000000
0.79372330 0.49213420 0.35750160 0.00000000
-0.43491210 0.89856920 0.33128520 1.00000000

-0.18029850 -0.19262410 -0.96456650 0.00000000
0.53529130 -0.84191990 0.06807393 0.00000000
-0.82520060 -0.50405050 0.25490680 0.00000000
-0.46411130 0.81285240 0.39905430 1.00000000

0.98874890 0.05336037 -0.13974330 0.00000000
-0.13743290 0.69289130 -0.70782330 0.00000000
0.05905733 0.71906500 0.69242890 0.00000000
-0.22030740 0.83377320 0.23400810 1.00000000

0.94579890 0.10016010 0.30892210 0.00000000
0.29591460 -0.65768420 -0.69273840 0.00000000
0.13378820 0.74660560 -0.65167570 0.00000000
0.09331015 0.36311340 -0.13928670 1.00000000

0.94579890 0.10016010 0.30892210 0.00000000
-0.11402970 -0.78825800 0.60468750 0.00000000
0.30407560 -0.60713900 -0.73411220 0.00000000
0.15841140 0.21842290 -0.29168920 1.00000000

0.96592610 -0.00000010 0.25881910 0.00000000
-0.00000005 -1.00000000 0.00000001 0.00000000
0.25881890 -0.00000011 -0.96592610 0.00000000
0.13926310 0.07255095 -0.18576920 1.00000000

0.96592610 -0.00000010 0.25881910 0.00000000
-0.00000005 -1.00000000 0.00000001 0.00000000
0.25881890 -0.00000011 -0.96592610 0.00000000
0.16086580 0.02705100 -0.25673260 1.00000000

-0.29545500 -0.44038410 -0.84780200 0.00000000
0.55514490 0.64307860 -0.52750750 0.00000000
0.77750920 -0.62650770 0.05447611 0.00000000
-0.08103497 0.37659460 0.10052070 1.00000000

-0.29545520 -0.44038430 -0.84780190 0.00000000
-0.21645770 0.89519910 -0.38956990 0.00000000
0.93051180 0.06841271 -0.35981590 0.00000000
-0.20316690 0.23511730 0.21657230 1.00000000

0.04834962 0.00000006 -0.99883060 0.00000000
0.00000008 1.00000000 0.00000004 0.00000000
0.99883060 -0.00000012 0.04834962 0.00000000
-0.16857960 0.07255113 0.28896260 1.00000000

0.04834962 0.00000006 -0.99883060 0.00000000
0.00000008 1.00000000 0.00000004 0.00000000
0.99883060 -0.00000012 0.04834962 0.00000000
-0.24275040 0.02705109 0.28787540 1.00000000

1.00000000 0.00000000 0.00000000 0.00000000
0.00000000 1.00000000 0.00000000 0.00000000
0.00000000 0.00000000 1.00000000 0.00000000
0.00000000 0.00000000 0.00000000 1.00000000

1.00000000 0.00000000 0.00000000 0.00000000
0.00000000 1.00000000 0.00000000 0.00000000
0.00000000 0.00000000 1.00000000 0.00000000
0.00000000 0.00000000 0.00000000 1.00000000

1.00000000 0.00000000 0.00000000 0.00000000
0.00000000 1.00000000 0.00000000 0.00000000
0.00000000 0.00000000 1.00000000 0.00000000
0.00000000 0.00000000 0.00000000 1.00000000

0.60785030 -0.02973851 -0.79349460 0.00000000
-0.15456210 0.97575340 -0.15497020 0.00000000
0.77886370 0.21684290 0.58851560 0.00000000
0.00738927 0.41601140 -0.03431895 1.00000000

0.60343990 0.08976740 -0.79233960 0.00000000
-0.07504910 0.99562620 0.05564176 0.00000000
0.79386890 0.02588791 0.60753750 0.00000000
-0.00567975 0.48807900 -0.04320417 1.00000000

0.66631210 0.07295604 -0.74209540 0.00000000
-0.06623431 0.99705900 0.03855132 0.00000000
0.74272550 0.02346496 0.66918470 0.00000000
-0.01494884 0.59345230 -0.03658608 1.00000000

0.63549700 0.09069105 -0.76675850 0.00000000
-0.32025380 0.93458390 -0.15488820 0.00000000
0.70255330 0.34398830 0.62296950 0.00000000
-0.02121564 0.67787250 -0.03462530 1.00000000

0.62159620 0.10197710 -0.77667140 0.00000000
-0.38508970 0.90319060 -0.18961110 0.00000000
0.68214650 0.41694990 0.60069040 0.00000000
-0.07576437 0.85499140 -0.05888646 1.00000000

0.98968270 0.13610300 0.04476821 0.00000000
-0.14089000 0.98126390 0.13141930 0.00000000
-0.02604291 -0.13637090 0.99031530 0.00000000
-0.09814374 0.90361290 -0.05025776 1.00000000

0.98963960 0.13640730 0.04479349 0.00000000
-0.13465680 0.99008360 -0.04002540 0.00000000
-0.04980907 0.03357899 0.99819410 0.00000000
-0.10992660 1.00166700 -0.08787549 1.00000000

0.99966100 0.02286063 -0.01246062 0.00000000
-0.02328182 0.99912410 -0.03477265 0.00000000
0.01165491 0.03505099 0.99931760 0.00000000
-0.13373390 0.97601530 -0.20472610 1.00000000

0.98517660 0.16591550 0.04357824 0.00000000
-0.16415250 0.98556820 -0.04134533 0.00000000
-0.04980907 0.03357899 0.99819410 0.00000000
-0.10300190 0.99261630 -0.21330540 1.00000000

0.96152210 0.26632520 0.06742337 0.00000000
0.26368620 -0.96353190 0.04557131 0.00000000
0.07710135 -0.02603923 -0.99668320 0.00000000
-0.07155811 0.98678800 -0.20355450 1.00000000

0.99882070 0.03705994 0.03136995 0.00000000
0.03579752 -0.99856290 0.03988969 0.00000000
0.03280324 -0.03871962 -0.99871160 0.00000000
-0.04829657 0.99024080 -0.18470490 1.00000000

0.99759830 0.06005958 0.03450483 0.00000000
-0.05864492 0.99745110 -0.04064367 0.00000000
-0.03685793 0.03852249 0.99857780 0.00000000
-0.10404790 0.99940300 -0.21095720 1.00000000

0.98965870 0.13628080 0.04476097 0.00000000
0.13434780 -0.98997100 0.04368900 0.00000000
0.05026585 -0.03722367 -0.99804210 0.00000000
-0.06014736 1.06938000 -0.12437320 1.00000000

0.98992210 0.13415660 0.04534376 0.00000000
0.13221140 -0.99026730 0.04348661 0.00000000
0.05073643 -0.03705339 -0.99802460 0.00000000
-0.11320430 1.07895700 -0.17892400 1.00000000

0.89298250 0.43590610 0.11210740 0.00000000
0.43869320 -0.89863720 -0.00021434 0.00000000
0.10065040 0.04937223 -0.99369620 0.00000000
-0.07252892 1.00746100 -0.20157330 1.00000000

0.98968270 0.13610300 0.04476821 0.00000000
0.13415330 -0.98998280 0.04401512 0.00000000
0.05031028 -0.03755516 -0.99802740 0.00000000
-0.03914050 1.12046300 -0.13782120 1.00000000

0.98968270 0.13610300 0.04476821 0.00000000
-0.13417130 0.98999610 -0.04365642 0.00000000
-0.05026209 0.03719935 0.99804280 0.00000000
-0.10909060 1.03713400 -0.21418630 1.00000000

0.93528390 0.34644310 0.07225752 0.00000000
-0.34297520 0.93765770 -0.05626869 0.00000000
-0.08724654 0.02784465 0.99579750 0.00000000
-0.15876480 0.96808160 -0.18937860 1.00000000

0.99000290 0.13370440 0.04491624 0.00000000
-0.13178900 0.99033570 -0.04320861 0.00000000
-0.05025938 0.03685713 0.99805580 0.00000000
-0.17267490 1.05394700 -0.12952690 1.00000000

0.98406090 -0.16766220 -0.05927330 0.00000000
0.17018700 0.98458130 0.04044494 0.00000000
0.05157834 -0.04988789 0.99742210 0.00000000
-0.14095110 1.00422600 -0.20261210 1.00000000

0.98968270 0.13610300 0.04476804 0.00000000
0.12695720 -0.97787200 0.16627850 0.00000000
0.06640846 -0.15887940 -0.98506210 0.00000000
-0.06014541 1.06940000 -0.12442660 1.00000000

0.98968270 0.13610300 0.04476821 0.00000000
-0.12695700 0.97787160 -0.16628050 0.00000000
-0.06640881 0.15888120 0.98506160 0.00000000
-0.17267230 1.05392500 -0.12951680 1.00000000

0.98968270 0.13610300 0.04476821 0.00000000
0.13417130 -0.98999600 0.04365632 0.00000000
0.05026206 -0.03719930 -0.99804290 0.00000000
-0.08505475 1.03842400 -0.18477530 1.00000000

0.98968270 0.13610300 0.04476821 0.00000000
-0.13417130 0.98999610 -0.04365642 0.00000000
-0.05026209 0.03719935 0.99804280 0.00000000
-0.13515180 1.03195100 -0.18698390 1.00000000

0.98968270 0.13610300 0.04476821 0.00000000
0.13188590 -0.98748070 0.08653252 0.00000000
0.05598503 -0.07973547 -0.99524270 0.00000000
-0.02326691 1.03290600 -0.16666850 1.00000000

0.98968270 0.13610300 0.04476821 0.00000000
-0.13239170 0.98816780 -0.07743992 0.00000000
-0.05477825 0.07071396 0.99599130 0.00000000
-0.19442570 1.00904800 -0.17426270 1.00000000

0.98971580 0.13587230 0.04473731 0.00000000
-0.13394220 0.99002770 -0.04364609 0.00000000
-0.05022150 0.03720495 0.99804480 0.00000000
-0.11707990 1.08126100 -0.17172730 1.00000000

0.98966210 0.13631810 0.04456952 0.00000000
-0.13441660 0.98998280 -0.04320230 0.00000000
-0.05001229 0.03676477 0.99807160 0.00000000
-0.20537790 1.09730600 -0.14485350 1.00000000

0.98942850 0.13813140 0.04416811 0.00000000
-0.13622250 0.98971580 -0.04366108 0.00000000
-0.04974490 0.03718282 0.99806950 0.00000000
-0.11955630 1.07814100 -0.17920470 1.00000000

0.98968270 0.13610300 0.04476821 0.00000000
-0.14089000 0.98126390 0.13141930 0.00000000
-0.02604291 -0.13637090 0.99031530 0.00000000
-0.17829310 1.05115600 -0.17023070 1.00000000

-0.27374180 0.95994530 -0.05975305 0.00000000
0.63462110 0.13358970 -0.76118980 0.00000000
-0.72271820 -0.24629010 -0.64577050 0.00000000
-0.04052808 0.81470050 -0.07979466 1.00000000

0.33137960 0.68719170 -0.64649460 0.00000000
0.45093120 -0.71723930 -0.53125210 0.00000000
-0.82876340 -0.11547860 -0.54755460 0.00000000
0.14630430 0.85402930 -0.30388890 1.00000000

0.33137960 0.68719090 -0.64649530 0.00000000
-0.13898600 -0.64218190 -0.75384720 0.00000000
-0.93320450 0.33966320 -0.11729600 0.00000000
0.26985980 0.65750620 -0.44945250 1.00000000

0.79349620 0.38090220 -0.47463420 0.00000000
-0.15513830 -0.62753900 -0.76297240 0.00000000
-0.58846930 0.67904970 -0.43885710 0.00000000
0.24692710 0.55154610 -0.57383720 1.00000000

-0.67123630 -0.35250140 0.65206220 0.00000000
-0.68191720 0.63850150 -0.35679840 0.00000000
-0.29057060 -0.68414840 -0.66896190 0.00000000
0.19327130 0.48292320 -0.61791880 1.00000000

-0.02650976 -0.78608240 -0.61755310 0.00000000
-0.73867360 -0.40083640 0.54193350 0.00000000
-0.67354220 0.47053670 -0.57003210 0.00000000
0.24029610 0.44288980 -0.63617490 1.00000000

-0.67195050 -0.69845940 0.24624610 0.00000000
-0.25623180 0.53121700 0.80756070 0.00000000
-0.69485840 0.47954480 -0.53591880 0.00000000
0.21734780 0.43043700 -0.61933870 1.00000000

0.13249030 -0.62527940 -0.76907260 0.00000000
-0.70203350 -0.60694130 0.37252040 0.00000000
-0.69971100 0.49055910 -0.51938050 0.00000000
0.22381490 0.46295200 -0.64823750 1.00000000

-0.71373740 -0.51190760 0.47804800 0.00000000
-0.03136405 0.70519690 0.70831790 0.00000000
-0.69971100 0.49055910 -0.51938050 0.00000000
0.19603480 0.43893490 -0.63349650 1.00000000

0.16657230 -0.40721450 -0.89801460 0.00000000
-0.60336460 -0.76241990 0.23380980 0.00000000
-0.77987490 0.50288420 -0.37269670 0.00000000
0.20675630 0.48238270 -0.65994880 1.00000000

-0.62548550 -0.64868060 0.43356840 0.00000000
-0.02372664 0.57124550 0.82043650 0.00000000
-0.77987490 0.50288420 -0.37269670 0.00000000
0.18355920 0.45307070 -0.65095970 1.00000000

0.05180460 -0.47902220 -0.87627290 0.00000000
-0.60011920 -0.71628310 0.35608400 0.00000000
-0.79823170 0.50742130 -0.32457700 0.00000000
0.18057990 0.49974680 -0.66862770 1.00000000

-0.60221870 -0.66099260 0.44768470 0.00000000
0.01262164 0.55282250 0.83320370 0.00000000
-0.79823170 0.50742130 -0.32457700 0.00000000
0.15765410 0.47238300 -0.65502440 1.00000000

-0.38411300 0.70712580 -0.59365870 0.00000000
-0.92212760 -0.32601870 0.20830940 0.00000000
-0.04624298 0.62744340 0.77728810 0.00000000
0.18261490 0.54170550 -0.63576670 1.00000000

-0.93236180 0.16486980 -0.32174480 0.00000000
-0.27000060 -0.90938080 0.31642750 0.00000000
-0.24041930 0.38189650 0.89238690 0.00000000
0.15214610 0.53093330 -0.62888380 1.00000000

0.60086950 0.55040890 -0.57966010 0.00000000
-0.13898600 -0.64218190 -0.75384720 0.00000000
-0.78717150 0.53352830 -0.30936840 0.00000000
0.25665610 0.59649880 -0.52106790 1.00000000

-0.48430730 0.36424720 -0.79546860 0.00000000
0.70807460 -0.37085410 -0.60091400 0.00000000
-0.51388390 -0.85427810 -0.07830693 0.00000000
0.14629710 0.85402800 -0.30389510 1.00000000

0.39202740 -0.90460690 0.16733530 0.00000000
0.44475760 0.02714103 -0.89523970 0.00000000
0.80529820 0.42538220 0.41297070 0.00000000
-0.08376123 0.80897640 -0.02591251 1.00000000

-0.48463700 -0.18765190 -0.85435000 0.00000000
0.86378340 0.05126648 -0.50124850 0.00000000
0.13785980 -0.98089690 0.13724500 0.00000000
-0.21469780 0.80098640 0.23764560 1.00000000

-0.48462200 -0.18765460 -0.85435800 0.00000000
0.13536870 -0.98104010 0.13869380 0.00000000
-0.86418580 -0.04843920 0.50083630 0.00000000
-0.45137380 0.78693970 0.37498830 1.00000000

0.34990050 -0.17054940 -0.92113120 0.00000000
-0.04670645 -0.98524120 0.16467760 0.00000000
-0.93562170 -0.01459786 -0.35270210 0.00000000
-0.47371030 0.94881140 0.35210360 1.00000000

-0.21147250 0.33804850 0.91706200 0.00000000
-0.97153610 0.02978111 -0.23501200 0.00000000
-0.10675640 -0.94065760 0.32212850 0.00000000
-0.44897250 1.02449300 0.29560250 1.00000000

-0.07670121 -0.86124010 0.50237700 0.00000000
-0.34929660 0.49514050 0.79550480 0.00000000
-0.93386790 -0.11446230 -0.33880610 0.00000000
-0.49929950 1.05781400 0.29557460 1.00000000

-0.25807090 -0.26801840 0.92820550 0.00000000
-0.34355280 0.92341290 0.17111570 0.00000000
-0.90297910 -0.27472760 -0.33038440 0.00000000
-0.48844780 1.04243200 0.27086010 1.00000000

-0.00396591 -0.97738190 0.21144530 0.00000000
-0.26301160 0.20502180 0.94275730 0.00000000
-0.96478470 -0.05187358 -0.25787580 0.00000000
-0.47358250 1.05924400 0.30534760 1.00000000

-0.19527970 -0.08940922 0.97666390 0.00000000
-0.21688990 0.97511650 0.04590137 0.00000000
-0.95646470 -0.20286490 -0.20981220 0.00000000
-0.46317480 1.05113100 0.26804180 1.00000000

-0.06294969 -0.99786870 0.01719557 0.00000000
-0.22489060 0.03096944 0.97389170 0.00000000
-0.97234860 0.05743911 -0.22636070 0.00000000
-0.44760670 1.06044900 0.31477600 1.00000000

-0.08133811 -0.20437580 0.97550750 0.00000000
-0.16191620 0.96845850 0.18939830 0.00000000
-0.98344690 -0.14254510 -0.11186420 0.00000000
-0.43896050 1.05925800 0.27733320 1.00000000

0.08687264 -0.17780250 -0.98022420 0.00000000
-0.02697397 -0.98400340 0.17609740 0.00000000
-0.99585430 0.01114258 -0.09027895 0.00000000
-0.40946640 1.05641700 0.32497440 1.00000000

0.07180804 -0.51294090 -0.85541530 0.00000000
-0.05583926 -0.85835180 0.51001410 0.00000000
-0.99585430 0.01114273 -0.09027874 0.00000000
-0.40843590 1.09400900 0.31824730 1.00000000

-0.84197620 0.43041530 -0.32529860 0.00000000
-0.34545440 0.03303396 0.93785410 0.00000000
0.41441270 0.90202650 0.12087500 0.00000000
-0.40457770 0.96453370 0.33380030 1.00000000

-0.61238510 0.25869590 0.74703500 0.00000000
0.16770710 -0.88092690 0.44254090 0.00000000
0.77256670 0.39628850 0.49608110 0.00000000
-0.39316270 0.96344290 0.30281220 1.00000000

-0.05553547 -0.14727510 -0.98753540 0.00000000
0.13536870 -0.98104010 0.13869380 0.00000000
-0.98923780 -0.12597890 0.07441899 0.00000000
-0.46423430 0.88013890 0.36181250 1.00000000

0.99527320 0.00940970 -0.09665740 0.00000000
-0.07350203 0.72348930 -0.68641150 0.00000000
0.06347156 0.69027160 0.72076110 0.00000000
-0.24337330 0.86271290 0.21458790 1.00000000

0.94197900 0.09219066 0.32276410 0.00000000
0.29649070 -0.67933830 -0.67126230 0.00000000
0.15738180 0.72801140 -0.66725610 0.00000000
0.09841487 0.36293320 -0.14961620 1.00000000

0.94197900 0.09219066 0.32276410 0.00000000
-0.14422220 -0.75711530 0.63716300 0.00000000
0.30311010 -0.64674390 -0.69989070 0.00000000
0.16364280 0.21347870 -0.29729380 1.00000000

0.96581530 -0.00031227 0.25923120 0.00000000
-0.00148995 -0.99998960 0.00434689 0.00000000
0.25922710 -0.00458463 -0.96580560 0.00000000
0.13901830 0.07305297 -0.18531820 1.00000000

0.96581530 -0.00031227 0.25923120 0.00000000
-0.00150352 -0.99998940 0.00439750 0.00000000
0.25922700 -0.00463702 -0.96580550 0.00000000
0.16058320 0.02721280 -0.25607380 1.00000000

-0.31221000 -0.46968360 -0.82578590 0.00000000
0.53336240 0.63265690 -0.56148900 0.00000000
0.78616120 -0.61574550 0.05298966 0.00000000
-0.08199028 0.37175970 0.08588677 1.00000000

-0.31221020 -0.46968380 -0.82578560 0.00000000
-0.19532540 0.88240140 -0.42803730 0.00000000
0.92971660 0.02765931 -0.36723590 0.00000000
-0.19933000 0.23257510 0.20941440 1.00000000

0.04835013 -0.00000055 -0.99883040 0.00000000
0.00000278 1.00000000 -0.00000044 0.00000000
0.99883040 -0.00000279 0.04835004 0.00000000
-0.16856830 0.07253128 0.28881250 1.00000000

0.04835439 -0.00000004 -0.99883020 0.00000000
0.00006535 1.00000000 0.00000316 0.00000000
0.99883030 -0.00006553 0.04835442 0.00000000
-0.24273920 0.02703148 0.28772540 1.00000000

1.00000000 0.00000000 0.00000000 0.00000000
0.00000000 1.00000000 0.00000000 0.00000000
0.00000000 0.00000000 1.00000000 0.00000000
0.00000000 0.00000000 0.00000000 1.00000000

1.00000000 0.00000000 0.00000000 0.00000000
0.00000000 1.00000000 0.00000000 0.00000000
0.00000000 0.00000000 1.00000000 0.00000000
0.00000000 0.00000000 0.00000000 1.00000000

1.00000000 0.00000000 0.00000000 0.00000000
0.00000000 1.00000000 0.00000000 0.00000000
0.00000000 0.00000000 1.00000000 0.00000000
0.00000000 0.00000000 0.00000000 1.00000000

0.64186780 -0.00383543 -0.76680580 0.00000000
-0.15112440 0.97974230 -0.13140180 0.00000000
0.75177600 0.20022570 0.62828530 0.00000000
0.01236640 0.41014340 -0.05799276 1.00000000

0.63430130 0.12580230 -0.76278150 0.00000000
-0.08410305 0.99204400 0.09367658 0.00000000
0.76849750 0.00473307 0.63983520 0.00000000
-0.00051335 0.48230580 -0.06524605 1.00000000

0.70169750 0.11250290 -0.70353670 0.00000000
-0.07237942 0.99360200 0.08669714 0.00000000
0.70878910 -0.00991361 0.70535090 0.00000000
-0.01087826 0.58707310 -0.05448585 1.00000000

0.67239930 0.13144690 -0.72842350 0.00000000
-0.31642350 0.94069670 -0.12233440 0.00000000
0.66914510 0.31274790 0.67411680 0.00000000
-0.01760042 0.67126690 -0.04847779 1.00000000

0.63802290 0.15845250 -0.75353810 0.00000000
-0.41375380 0.89586920 -0.16194500 0.00000000
0.64941100 0.41510390 0.63714540 0.00000000
-0.07168403 0.84929350 -0.06627615 1.00000000

0.99090410 0.13035400 0.03342003 0.00000000
-0.13347690 0.98365250 0.12087860 0.00000000
-0.01711670 -0.12424000 0.99210460 0.00000000
-0.09552233 0.89768030 -0.05605086 1.00000000

0.99080930 0.13105940 0.03347164 0.00000000
-0.12928810 0.99031950 -0.05051407 0.00000000
-0.03976783 0.04572231 0.99816230 0.00000000
-0.10706470 0.99535120 -0.09478170 1.00000000

0.99960730 0.01646401 -0.02267170 0.00000000
-0.01750362 0.99876730 -0.04644915 0.00000000
0.02187914 0.04682775 0.99866330 0.00000000
-0.13213680 0.96847830 -0.21109040 1.00000000

0.98653810 0.16037910 0.03195846 0.00000000
-0.15862310 0.98599610 -0.05148474 0.00000000
-0.03976783 0.04572231 0.99816230 0.00000000
-0.10142890 0.98476550 -0.22015800 1.00000000

0.96358540 0.26168530 0.05499163 0.00000000
0.25879530 -0.96439400 0.05448801 0.00000000
0.06729224 -0.03827223 -0.99699900 0.00000000
-0.06993352 0.97887360 -0.21066290 1.00000000

0.99928690 0.03127188 0.02115688 0.00000000
0.03014464 -0.99821010 0.05165217 0.00000000
0.02273414 -0.05097757 -0.99844100 0.00000000
-0.04644009 0.98240840 -0.19201400 1.00000000

0.99829750 0.05321145 0.02388719 0.00000000
-0.05191002 0.99728960 -0.05214302 0.00000000
-0.02659696 0.05081426 0.99835380 0.00000000
-0.10241520 0.99154940 -0.21783570 1.00000000

0.99074170 0.13159930 0.03335232 0.00000000
0.12967150 -0.99005510 0.05455657 0.00000000
0.04020020 -0.04972660 -0.99795370 0.00000000
-0.05723188 1.06227400 -0.13245520 1.00000000

0.99143840 0.12585340 0.03480244 0.00000000
0.12388180 -0.99082890 0.05396099 0.00000000
0.04127425 -0.04918762 -0.99793650 0.00000000
-0.11076280 1.07158500 -0.18667760 1.00000000

0.89637340 0.43226630 0.09828991 0.00000000
0.43383940 -0.90097120 0.00587462 0.00000000
0.09109578 0.03737619 -0.99514060 0.00000000
-0.07080649 0.99946590 -0.20885960 1.00000000

0.99090410 0.13035400 0.03342003 0.00000000
0.12833060 -0.99010030 0.05685952 0.00000000
0.04050103 -0.05205347 -0.99782280 0.00000000
-0.03607426 1.11333500 -0.14677820 1.00000000

0.99090410 0.13035400 0.03342003 0.00000000
-0.12843210 0.99022800 -0.05434760 0.00000000
-0.04017788 0.04956102 0.99796270 0.00000000
-0.10724030 1.02918800 -0.22155640 1.00000000

0.93767930 0.34246320 0.05896243 0.00000000
-0.33878540 0.93866850 -0.06423326 0.00000000
-0.07734358 0.04025461 0.99619150 0.00000000
-0.15714210 0.96086350 -0.19533990 1.00000000

0.99160540 0.12479310 0.03384498 0.00000000
-0.12289320 0.99098370 -0.05337289 0.00000000
-0.04020029 0.04876547 0.99800100 0.00000000
-0.16990220 1.04757700 -0.13643310 1.00000000

0.98232720 -0.17474800 -0.06705558 0.00000000
0.17686530 0.98386440 0.02701008 0.00000000
0.06125358 -0.03839253 0.99738360 0.00000000
-0.13921710 0.99673620 -0.20918230 1.00000000

0.99090420 0.13035390 0.03341934 0.00000000
0.12250430 -0.97658020 0.17687310 0.00000000
0.05569279 -0.17117020 -0.98366630 0.00000000
-0.05722680 1.06231600 -0.13259410 1.00000000

0.99090410 0.13035400 0.03342003 0.00000000
-0.12250390 0.97657870 -0.17688030 0.00000000
-0.05569434 0.17117730 0.98366480 0.00000000
-0.16989260 1.04749400 -0.13639390 1.00000000

0.99090410 0.13035400 0.03342003 0.00000000
0.12843210 -0.99022790 0.05434752 0.00000000
0.04017794 -0.04956095 -0.99796270 0.00000000
-0.08293028 1.03082000 -0.19228180 1.00000000

0.99090410 0.13035400 0.03342003 0.00000000
-0.12843210 0.99022800 -0.05434760 0.00000000
-0.04017788 0.04956102 0.99796270 0.00000000
-0.13308600 1.02463900 -0.19392110 1.00000000

0.99090410 0.13035400 0.03342003 0.00000000
0.12655570 -0.98712030 0.09786118 0.00000000
0.04574618 -0.09274151 -0.99463870 0.00000000
-0.02100896 1.02519600 -0.17477470 1.00000000

0.99090410 0.13035400 0.03342003 0.00000000
-0.12695650 0.98790430 -0.08903491 0.00000000
-0.04462177 0.08398221 0.99546780 0.00000000
-0.19237310 1.00228200 -0.18039080 1.00000000

0.99101790 0.12951250 0.03331670 0.00000000
-0.12759730 0.99033750 -0.05431946 0.00000000
-0.04002976 0.04958043 0.99796770 0.00000000
-0.11457530 1.07415000 -0.17945280 1.00000000

0.99076380 0.13178090 0.03195155 0.00000000
-0.13005370 0.99018550 -0.05117458 0.00000000
-0.03838149 0.04654646 0.99817850 0.00000000
-0.20250180 1.09086500 -0.15195210 1.00000000

0.99032370 0.13504230 0.03197873 0.00000000
-0.13319220 0.98960410 -0.05425486 0.00000000
-0.03897285 0.04947056 0.99801500 0.00000000
-0.11717410 1.07092400 -0.18687500 1.00000000

0.99090410 0.13035400 0.03342003 0.00000000
-0.13347690 0.98365250 0.12087860 0.00000000
-0.01711670 -0.12424000 0.99210460 0.00000000
-0.17593200 1.04427000 -0.17701440 1.00000000

-0.18760650 0.98184540 0.02798904 0.00000000
0.68452170 0.15112490 -0.71315580 0.00000000
-0.70443850 -0.11463350 -0.70044660 0.00000000
-0.03526856 0.81020690 -0.08744809 1.00000000

0.41061960 0.66368640 -0.62522970 0.00000000
0.21971300 -0.73751890 -0.63858590 0.00000000
-0.88493940 0.12484480 -0.44866010 0.00000000
0.16625470 0.85469810 -0.29740120 1.00000000

0.41061940 0.66368590 -0.62523040 0.00000000
-0.34820660 -0.51959590 -0.78023840 0.00000000
-0.84270020 0.53809030 0.01774356 0.00000000
0.22645620 0.65261830 -0.47237410 1.00000000

0.94620360 0.10950790 -0.30447760 0.00000000
-0.22575850 -0.45068300 -0.86366520 0.00000000
-0.23180110 0.88594160 -0.40171570 0.00000000
0.16900220 0.56688490 -0.60111340 1.00000000

-0.85473340 -0.14496940 0.49841200 0.00000000
-0.34632910 0.87450090 -0.33956500 0.00000000
-0.38663510 -0.46285230 -0.79767230 0.00000000
0.10359300 0.52716790 -0.66172090 1.00000000

0.47766910 -0.45133350 -0.75374410 0.00000000
-0.76062180 -0.64179750 -0.09772658 0.00000000
-0.43964370 0.61999520 -0.64986100 0.00000000
0.13635210 0.47471370 -0.67969210 1.00000000

0.13151600 -0.70895340 -0.69288430 0.00000000
-0.83769990 -0.45321450 0.30472180 0.00000000
-0.53005860 0.54035330 -0.65349510 0.00000000
0.11272210 0.45477520 -0.68272820 1.00000000

0.66148390 -0.26987000 -0.69972100 0.00000000
-0.64188160 -0.68624590 -0.34213230 0.00000000
-0.38784910 0.67545310 -0.62716510 0.00000000
0.13018010 0.50047120 -0.69055920 1.00000000

-0.62423430 -0.69311640 -0.36044520 0.00000000
-0.67816250 0.25169970 0.69046580 0.00000000
-0.38784910 0.67545310 -0.62716510 0.00000000
0.10478030 0.47331590 -0.70409770 1.00000000

0.72918150 -0.02597281 -0.68382710 0.00000000
-0.45151970 -0.76915360 -0.45225280 0.00000000
-0.51422180 0.63853600 -0.57258000 0.00000000
0.12319630 0.52582020 -0.70125320 1.00000000

-0.49617480 -0.76603040 -0.40866620 0.00000000
-0.69956150 0.07395459 0.71073490 0.00000000
-0.51422180 0.63853600 -0.57258000 0.00000000
0.10583700 0.49624910 -0.71864050 1.00000000

0.67481390 -0.13837830 -0.72489830 0.00000000
-0.58382260 -0.70093680 -0.40968120 0.00000000
-0.45141680 0.69967070 -0.55379020 0.00000000
0.10656030 0.55228500 -0.71046690 1.00000000

-0.54096510 -0.70815380 -0.45373450 0.00000000
-0.70963340 0.09475781 0.69817010 0.00000000
-0.45141680 0.69967070 -0.55379020 0.00000000
0.08425684 0.52550750 -0.72611770 1.00000000

0.28907570 0.82773840 -0.48092040 0.00000000
-0.95527620 0.28212080 -0.08863223 0.00000000
0.06231329 0.48503310 0.87227280 0.00000000
0.11714440 0.58721760 -0.67157980 1.00000000

-0.21012740 0.73293350 -0.64703600 0.00000000
-0.91881660 -0.37420290 -0.12549090 0.00000000
-0.33409920 0.56813820 0.75206170 0.00000000
0.08558042 0.59653940 -0.67450850 1.00000000

0.73590900 0.36406620 -0.57087120 0.00000000
-0.34820660 -0.51959590 -0.78023840 0.00000000
-0.58068060 0.77296560 -0.25560510 0.00000000
0.19337670 0.60325660 -0.54649670 1.00000000

-0.40722140 0.48383230 -0.77464640 0.00000000
0.70599250 -0.37133630 -0.60306200 0.00000000
-0.57943510 -0.79247440 -0.19036590 0.00000000
0.16624990 0.85469780 -0.29740580 1.00000000

0.26468450 -0.95609130 0.12582420 0.00000000
0.52043690 0.03178014 -0.85330860 0.00000000
0.81184210 0.29134100 0.50599680 0.00000000
-0.08109967 0.80162070 -0.03615538 1.00000000

-0.30442320 -0.08396852 -0.94882870 0.00000000
0.81207890 -0.54350070 -0.21245010 0.00000000
-0.49785000 -0.83519860 0.23364340 0.00000000
-0.23431610 0.79226490 0.21505830 1.00000000

-0.30441440 -0.08397784 -0.94883080 0.00000000
-0.26714340 -0.94860350 0.16966560 0.00000000
-0.91431200 0.30512240 0.26633430 0.00000000
-0.45682530 0.94118430 0.27327040 1.00000000

0.66491530 -0.25105430 -0.70346260 0.00000000
-0.29404360 -0.95375000 0.06244668 0.00000000
-0.68660500 0.16532690 -0.70798390 0.00000000
-0.41274700 1.09770400 0.24527510 1.00000000

-0.50896870 0.38774560 0.76850830 0.00000000
-0.75953670 0.21780130 -0.61291690 0.00000000
-0.40503770 -0.89566550 0.18365300 0.00000000
-0.35300000 1.16608300 0.20940470 1.00000000

-0.43900280 -0.82091800 0.36519960 0.00000000
-0.55129530 0.56706380 0.61197420 0.00000000
-0.70947190 0.06732558 -0.70151070 0.00000000
-0.39151010 1.20870400 0.19086900 1.00000000

-0.66797670 -0.19684430 0.71767650 0.00000000
-0.20494190 0.97575040 0.07687914 0.00000000
-0.71540640 -0.09572840 -0.69212010 0.00000000
-0.37438260 1.19108700 0.17185630 1.00000000

-0.27417480 -0.95376660 0.12311770 0.00000000
-0.59032150 0.26798100 0.76138490 0.00000000
-0.75917660 0.13607360 -0.63650240 0.00000000
-0.37247880 1.20516900 0.21047090 1.00000000

-0.59917990 -0.03345546 0.79991550 0.00000000
-0.03030054 0.99935870 0.01910012 0.00000000
-0.80004110 -0.01279346 -0.59980910 0.00000000
-0.34911910 1.19456500 0.18034220 1.00000000

-0.24907820 -0.96525240 -0.07904549 0.00000000
-0.60190760 0.09034333 0.79343940 0.00000000
-0.75872780 0.24520650 -0.60349510 0.00000000
-0.35311530 1.20135700 0.22985160 1.00000000

-0.51884680 -0.16870820 0.83805500 0.00000000
-0.04276729 0.98422830 0.17165660 0.00000000
-0.85379710 0.05322210 -0.51787890 0.00000000
-0.32997400 1.19788300 0.19934650 1.00000000

0.45453070 -0.20702850 -0.86633790 0.00000000
-0.28105800 -0.95626170 0.08105837 0.00000000
-0.84522700 0.20664770 -0.49283730 0.00000000
-0.32423780 1.19001600 0.25459920 1.00000000

0.32643090 -0.53053180 -0.78229090 0.00000000
-0.42312440 -0.82209070 0.38096360 0.00000000
-0.84522730 0.20664810 -0.49283670 0.00000000
-0.31350080 1.22654800 0.25150280 1.00000000

-0.53193060 0.58336950 -0.61378350 0.00000000
-0.69358860 0.11566380 0.71102540 0.00000000
0.48578310 0.80392930 0.34309330 0.00000000
-0.34070900 1.09913600 0.25831340 1.00000000

-0.80888580 0.38664670 0.44295430 0.00000000
-0.20038780 -0.88955110 0.41054120 0.00000000
0.55276500 0.24331820 0.79702440 0.00000000
-0.31779110 1.09531500 0.23482040 1.00000000

0.22708230 -0.23307420 -0.94557410 0.00000000
-0.26714340 -0.94860350 0.16966560 0.00000000
-0.93651930 0.21407570 -0.27767530 0.00000000
-0.43144680 1.03130200 0.25715210 1.00000000

0.99380850 -0.10957000 -0.01841044 0.00000000
0.07342547 0.77204970 -0.63130660 0.00000000
0.08338585 0.62604620 0.77531480 0.00000000
-0.28592120 1.01427600 0.15291980 1.00000000

0.93222260 0.08368287 0.35207660 0.00000000
0.30019630 -0.72214070 -0.62321350 0.00000000
0.20209660 0.68666590 -0.69831720 0.00000000
0.10850440 0.36085840 -0.17079730 1.00000000

0.93222260 0.08368287 0.35207660 0.00000000
-0.19852420 -0.69517700 0.69088130 0.00000000
0.30257060 -0.71395090 -0.63144670 0.00000000
0.17454760 0.20198740 -0.30790430 1.00000000

0.96581430 0.00060838 0.25923380 0.00000000
-0.00055513 -0.99999000 0.00441511 0.00000000
0.25923400 -0.00440808 -0.96580440 0.00000000
0.14008000 0.07245097 -0.18585280 1.00000000

0.96581430 0.00060838 0.25923380 0.00000000
-0.00060752 -0.99998910 0.00461037 0.00000000
0.25923390 -0.00461029 -0.96580350 0.00000000
0.16168800 0.02662617 -0.25660520 1.00000000

-0.34750060 -0.52594940 -0.77628630 0.00000000
0.47589670 0.61440730 -0.62930600 0.00000000
0.80793910 -0.58811640 0.03679055 0.00000000
-0.08199683 0.36199710 0.05678459 1.00000000

