MeshAnim
1
71
75
30
0.58743190 -0.04542184 -0.80799790 0.00000000
-0.15571390 0.97342340 -0.16792870 0.00000000
0.79415180 0.22446320 0.56474710 0.00000000
0.00538873 0.41847160 -0.02266045 1.00000000

0.58662470 0.06566115 -0.80719270 0.00000000
-0.06929000 0.99712240 0.03075469 0.00000000
0.80688940 0.03788896 0.58948620 0.00000000
-0.00772682 0.49049030 -0.03244285 1.00000000

0.64608380 0.04516488 -0.76192900 0.00000000
-0.06312601 0.99798970 0.00562960 0.00000000
0.76065160 0.04446036 0.64763610 0.00000000
-0.01633110 0.59614120 -0.02851855 1.00000000

0.61451180 0.06211243 -0.78645860 0.00000000
-0.32237150 0.92963700 -0.17846970 0.00000000
0.72003610 0.36320370 0.59129620 0.00000000
-0.02236984 0.68059690 -0.02932614 1.00000000

0.61451180 0.06211243 -0.78645860 0.00000000
-0.36294510 0.90739010 -0.21192950 0.00000000
0.70046130 0.41567460 0.58014520 0.00000000
-0.07718316 0.85693590 -0.05822860 1.00000000

0.98955330 0.13396580 0.05326656 0.00000000
-0.13979840 0.98193490 0.12751540 0.00000000
-0.03522152 -0.13362990 0.99040520 0.00000000
-0.09848472 0.90584950 -0.05086561 1.00000000

0.98955330 0.13396580 0.05326656 0.00000000
-0.13169810 0.99031130 -0.04403429 0.00000000
-0.05864942 0.03655920 0.99760900 0.00000000
-0.10970550 1.00382300 -0.08881894 1.00000000

0.99978420 0.02047681 -0.00345549 0.00000000
-0.02059294 0.99907210 -0.03782348 0.00000000
0.00267774 0.03788650 0.99927840 0.00000000
-0.13254620 0.97789260 -0.20580070 1.00000000

0.98516680 0.16355460 0.05192432 0.00000000
-0.16126520 0.98585660 -0.04560930 0.00000000
-0.05864942 0.03655920 0.99760900 0.00000000
-0.10168270 0.99439750 -0.21415550 1.00000000

0.96164530 0.26380180 0.07514685 0.00000000
0.26052740 -0.96413710 0.05064899 0.00000000
0.08581322 -0.02912856 -0.99588560 0.00000000
-0.07034129 0.98851610 -0.20410050 1.00000000

0.99858510 0.03480134 0.04020807 0.00000000
0.03307263 -0.99853240 0.04288860 0.00000000
0.04164165 -0.04149813 -0.99827080 0.00000000
-0.04725510 0.99196520 -0.18509860 1.00000000

0.99736290 0.05822662 0.04332522 0.00000000
-0.05632623 0.99744850 -0.04386179 0.00000000
-0.04576859 0.04130578 0.99809770 0.00000000
-0.10272940 1.00121900 -0.21186820 1.00000000

0.98955330 0.13396580 0.05326656 0.00000000
0.13149260 -0.99017770 0.04751588 0.00000000
0.05910888 -0.04001534 -0.99744900 0.00000000
-0.05944188 1.07134800 -0.12513620 1.00000000

0.98955330 0.13396580 0.05326656 0.00000000
0.13149260 -0.99017770 0.04751588 0.00000000
0.05910888 -0.04001534 -0.99744900 0.00000000
-0.11198910 1.08088500 -0.18013150 1.00000000

0.89323030 0.43363130 0.11875800 0.00000000
0.43601200 -0.89991720 0.00651063 0.00000000
0.10969560 0.04596447 -0.99290170 0.00000000
-0.07125284 1.00925200 -0.20222460 1.00000000

0.98955330 0.13396580 0.05326656 0.00000000
0.13149260 -0.99017770 0.04751588 0.00000000
0.05910888 -0.04001534 -0.99744900 0.00000000
-0.03816837 1.12211500 -0.13850890 1.00000000

0.98955330 0.13396580 0.05326656 0.00000000
-0.13149260 0.99017760 -0.04751595 0.00000000
-0.05910888 0.04001540 0.99744900 0.00000000
-0.10765950 1.03897100 -0.21522500 1.00000000

0.93570720 0.34366960 0.07964563 0.00000000
-0.33945940 0.93858340 -0.06187314 0.00000000
-0.09601775 0.03085870 0.99490110 0.00000000
-0.15768650 0.97006860 -0.19069870 1.00000000

0.98955330 0.13396580 0.05326656 0.00000000
-0.13149260 0.99017760 -0.04751595 0.00000000
-0.05910888 0.04001540 0.99744900 0.00000000
-0.17195410 1.05611600 -0.13119260 1.00000000

0.98418940 -0.16995650 -0.04986036 0.00000000
0.17196480 0.98432360 0.03918217 0.00000000
0.04241940 -0.04713687 0.99798730 0.00000000
-0.13968490 1.00613400 -0.20387140 1.00000000

0.98723600 0.13076560 0.09091461 0.00000000
0.13776190 -0.98758580 -0.07546967 0.00000000
0.07991716 0.08703093 -0.99299480 0.00000000
-0.05944188 1.07134800 -0.12513620 1.00000000

0.98796090 0.13143450 0.08159932 0.00000000
-0.13797250 0.98716380 0.08044415 0.00000000
-0.06997877 -0.09073406 0.99341340 0.00000000
-0.17195410 1.05611600 -0.13119260 1.00000000

0.98955330 0.13396580 0.05326656 0.00000000
0.13149260 -0.99017770 0.04751588 0.00000000
0.05910888 -0.04001534 -0.99744900 0.00000000
-0.08387253 1.04021500 -0.18565810 1.00000000

0.98955330 0.13396580 0.05326656 0.00000000
-0.13149260 0.99017760 -0.04751595 0.00000000
-0.05910888 0.04001540 0.99744900 0.00000000
-0.13396260 1.03385000 -0.18829790 1.00000000

0.98955330 0.13396580 0.05326656 0.00000000
0.12884520 -0.98756130 0.09011830 0.00000000
0.06467667 -0.08231375 -0.99450560 0.00000000
-0.02226588 1.03461500 -0.16693900 1.00000000

0.98955330 0.13396580 0.05326656 0.00000000
-0.12943670 0.98827910 -0.08093393 0.00000000
-0.06348443 0.07319383 0.99529500 0.00000000
-0.19340770 1.01115400 -0.17600790 1.00000000

0.98955330 0.13396580 0.05326656 0.00000000
-0.13149260 0.99017760 -0.04751595 0.00000000
-0.05910888 0.04001540 0.99744900 0.00000000
-0.11592820 1.08324600 -0.17297210 1.00000000

0.98955330 0.13396580 0.05326656 0.00000000
-0.13149260 0.99017760 -0.04751595 0.00000000
-0.05910888 0.04001540 0.99744900 0.00000000
-0.20441220 1.09954100 -0.14693170 1.00000000

0.98955330 0.13396580 0.05326656 0.00000000
-0.13149260 0.99017760 -0.04751595 0.00000000
-0.05910888 0.04001540 0.99744900 0.00000000
-0.11832220 1.08002800 -0.18047240 1.00000000

0.98955330 0.13396580 0.05326656 0.00000000
-0.13979840 0.98193490 0.12751540 0.00000000
-0.03522152 -0.13362990 0.99040520 0.00000000
-0.17721650 1.05324900 -0.17194770 1.00000000

-0.30847040 0.94591300 -0.10047300 0.00000000
0.60779650 0.11474570 -0.78575880 0.00000000
-0.73173080 -0.30345050 -0.61031830 0.00000000
-0.04261696 0.81583650 -0.07867661 1.00000000

0.72224220 0.62835300 0.28903130 0.00000000
0.42558150 -0.07433175 -0.90186220 0.00000000
-0.54520380 0.77436920 -0.32110070 0.00000000
0.13631840 0.84961760 -0.31000400 1.00000000

0.72224320 0.62835470 0.28902570 0.00000000
-0.47736170 0.75526640 -0.44910890 0.00000000
-0.50049100 0.18639630 0.84543820 0.00000000
0.25292810 0.82925110 -0.55711420 1.00000000

0.80706410 0.53526190 -0.24928420 0.00000000
-0.57529520 0.80789760 -0.12781790 0.00000000
0.13298000 0.24656930 0.95995830 0.00000000
0.17416340 0.95387010 -0.63121700 1.00000000

-0.70631640 -0.69389410 0.14010260 0.00000000
0.04113922 0.15734410 0.98668680 0.00000000
-0.70670040 0.70267670 -0.08258849 0.00000000
0.08725142 0.99804460 -0.62602160 1.00000000

-0.84775730 0.47142960 -0.24302770 0.00000000
-0.53001180 -0.77018030 0.35483820 0.00000000
-0.01989403 0.42962430 0.90278890 0.00000000
0.08755778 1.02859600 -0.68271090 1.00000000

-0.59589990 -0.73015210 0.33433740 0.00000000
0.80281290 -0.53132040 0.27053860 0.00000000
-0.01989403 0.42962430 0.90278890 0.00000000
0.07109195 1.00466900 -0.67168720 1.00000000

-0.67849360 0.68958990 -0.25320510 0.00000000
-0.73412750 -0.64894810 0.19980840 0.00000000
-0.02653116 0.32145360 0.94655370 0.00000000
0.09207383 1.03513700 -0.65520710 1.00000000

-0.63021680 -0.74038930 0.23377470 0.00000000
0.77596600 -0.59033150 0.22222870 0.00000000
-0.02653116 0.32145360 0.94655370 0.00000000
0.06302381 1.00945700 -0.64730050 1.00000000

-0.51649580 0.84549340 -0.13554890 0.00000000
-0.85615500 -0.51271410 0.06421232 0.00000000
-0.01520666 0.14921650 0.98868790 0.00000000
0.09573369 1.04133000 -0.62774880 1.00000000

-0.71482810 -0.69300850 0.09359676 0.00000000
0.69913520 -0.70531850 0.11720230 0.00000000
-0.01520666 0.14921650 0.98868790 0.00000000
0.06281787 1.02161800 -0.62528020 1.00000000

-0.63010860 0.77413620 -0.06063747 0.00000000
-0.77509680 -0.63174790 -0.01094991 0.00000000
-0.04678431 0.04010040 0.99809990 0.00000000
0.09187876 1.04342900 -0.59545710 1.00000000

-0.70330390 -0.71087580 -0.00440565 0.00000000
0.70934840 -0.70217360 0.06146044 0.00000000
-0.04678431 0.04010040 0.99809990 0.00000000
0.06226816 1.01929500 -0.59587530 1.00000000

0.15544720 0.38917660 0.90795280 0.00000000
-0.88226380 -0.35874370 0.30481790 0.00000000
0.44435040 -0.84843670 0.28759050 0.00000000
0.12495810 1.00589000 -0.57698710 1.00000000

-0.67518780 -0.05797123 0.73536470 0.00000000
-0.70339290 -0.24966080 -0.66551390 0.00000000
0.22217250 -0.96659660 0.12779110 0.00000000
0.09580661 0.99403700 -0.56691550 1.00000000

0.83638320 0.54725010 0.03131163 0.00000000
-0.47736170 0.75526640 -0.44910890 0.00000000
-0.26942360 0.36068040 0.89292830 0.00000000
0.20757870 0.90100150 -0.59977950 1.00000000

-0.51898400 0.30603620 -0.79812130 0.00000000
0.70321920 -0.37794710 -0.60219510 0.00000000
-0.48594120 -0.87378380 -0.01906219 0.00000000
0.12475120 0.86943040 -0.31346070 1.00000000

0.30953080 -0.94500610 0.10561300 0.00000000
0.54376730 0.08479537 -0.83494110 0.00000000
0.78006910 0.31586890 0.54011020 0.00000000
-0.08535013 0.81151710 -0.02398609 1.00000000

0.37072390 -0.71483030 -0.59294300 0.00000000
0.81471940 0.55680230 -0.16187570 0.00000000
0.44586560 -0.42307100 0.78880600 0.00000000
-0.24543500 0.78655360 0.22182020 1.00000000

0.37074300 -0.71482070 -0.59294280 0.00000000
0.34598680 -0.48618170 0.80244650 0.00000000
-0.86188330 -0.50265180 0.06707010 0.00000000
-0.46866840 0.63399060 0.26617450 1.00000000

0.77661220 -0.33331060 -0.53458150 0.00000000
0.14509050 -0.73112600 0.66663580 0.00000000
-0.61304340 -0.59528040 -0.51944120 0.00000000
-0.52575640 0.71421020 0.13377040 1.00000000

-0.70323160 0.52901100 0.47498700 0.00000000
-0.71091560 -0.53077140 -0.46139030 0.00000000
0.00802907 -0.66213980 0.74933730 0.00000000
-0.49832640 0.76301690 0.05378522 1.00000000

-0.01693380 -0.39721100 0.91757120 0.00000000
-0.82286520 0.52685180 0.21288510 0.00000000
-0.56798430 -0.75143250 -0.33577280 0.00000000
-0.55551860 0.76858850 0.02471413 1.00000000

-0.82159690 0.49351370 0.28534720 0.00000000
-0.04871061 0.43794250 -0.89768250 0.00000000
-0.56798430 -0.75143250 -0.33577280 0.00000000
-0.52995400 0.75222040 0.01810028 1.00000000

0.15266080 -0.58073340 0.79965210 0.00000000
-0.74671900 0.46225380 0.47825940 0.00000000
-0.64738330 -0.67012690 -0.36307660 0.00000000
-0.53808040 0.78511330 0.04028540 1.00000000

-0.76178060 0.55380040 0.33614840 0.00000000
-0.02419022 0.49420190 -0.86901090 0.00000000
-0.64738330 -0.67012690 -0.36307660 0.00000000
-0.50853200 0.76682150 0.02136018 1.00000000

0.19278510 -0.75824560 0.62281420 0.00000000
-0.64249830 0.38218890 0.66417430 0.00000000
-0.74163990 -0.52820010 -0.41349120 0.00000000
-0.52015020 0.80136320 0.05512311 1.00000000

-0.66796800 0.52495420 0.52748630 0.00000000
-0.06155431 0.66740380 -0.74214770 0.00000000
-0.74163990 -0.52820010 -0.41349120 0.00000000
-0.49544840 0.78666930 0.02958791 1.00000000

0.05310297 -0.73070650 0.68062340 0.00000000
-0.59033040 0.52676170 0.61158140 0.00000000
-0.80541280 -0.43426960 -0.40338560 0.00000000
-0.49331760 0.81631720 0.06600489 1.00000000

-0.59176520 0.55066760 0.58870970 0.00000000
-0.03352728 0.71286390 -0.70050050 0.00000000
-0.80541280 -0.43426960 -0.40338560 0.00000000
-0.47076560 0.79619380 0.04264088 1.00000000

-0.41398890 -0.63051310 -0.65655660 0.00000000
-0.78016280 -0.12585080 0.61278670 0.00000000
-0.46899800 0.76590770 -0.43980200 0.00000000
-0.47561250 0.77074090 0.10593870 1.00000000

-0.79472600 -0.38369220 0.47030970 0.00000000
0.34007020 0.36034010 0.86862390 0.00000000
-0.50275550 0.85025600 -0.15588940 0.00000000
-0.44983490 0.77490010 0.08569098 1.00000000

0.59873500 -0.54407290 -0.58779340 0.00000000
0.34598680 -0.48618170 0.80244650 0.00000000
-0.72236400 -0.68382170 -0.10285200 0.00000000
-0.50153760 0.68017790 0.18994170 1.00000000

0.99822680 -0.05867205 0.01004362 0.00000000
0.05277243 0.79423210 -0.60531860 0.00000000
0.02753836 0.60477520 0.79591990 0.00000000
-0.25019420 0.79560140 0.21798770 1.00000000

0.94579890 0.10016010 0.30892210 0.00000000
0.29591460 -0.65768420 -0.69273840 0.00000000
0.13378820 0.74660560 -0.65167570 0.00000000
0.09331015 0.36311340 -0.13928670 1.00000000

0.94579890 0.10016010 0.30892210 0.00000000
-0.11402970 -0.78825800 0.60468750 0.00000000
0.30407560 -0.60713900 -0.73411220 0.00000000
0.15841140 0.21842290 -0.29168920 1.00000000

0.96592610 -0.00000010 0.25881910 0.00000000
-0.00000005 -1.00000000 0.00000001 0.00000000
0.25881890 -0.00000011 -0.96592610 0.00000000
0.13926310 0.07255095 -0.18576920 1.00000000

0.96592610 -0.00000010 0.25881910 0.00000000
-0.00000005 -1.00000000 0.00000001 0.00000000
0.25881890 -0.00000011 -0.96592610 0.00000000
0.16086580 0.02705100 -0.25673260 1.00000000

-0.29545500 -0.44038410 -0.84780200 0.00000000
0.55514490 0.64307860 -0.52750750 0.00000000
0.77750920 -0.62650770 0.05447611 0.00000000
-0.08103497 0.37659460 0.10052070 1.00000000

-0.29545520 -0.44038430 -0.84780190 0.00000000
-0.21645770 0.89519910 -0.38956990 0.00000000
0.93051180 0.06841271 -0.35981590 0.00000000
-0.20316690 0.23511730 0.21657230 1.00000000

0.04834962 0.00000006 -0.99883060 0.00000000
0.00000008 1.00000000 0.00000004 0.00000000
0.99883060 -0.00000012 0.04834962 0.00000000
-0.16857960 0.07255113 0.28896260 1.00000000

0.04834962 0.00000006 -0.99883060 0.00000000
0.00000008 1.00000000 0.00000004 0.00000000
0.99883060 -0.00000012 0.04834962 0.00000000
-0.24275040 0.02705109 0.28787540 1.00000000

1.00000000 0.00000000 0.00000000 0.00000000
0.00000000 1.00000000 0.00000000 0.00000000
0.00000000 0.00000000 1.00000000 0.00000000
0.00000000 0.00000000 0.00000000 1.00000000

1.00000000 0.00000000 0.00000000 0.00000000
0.00000000 1.00000000 0.00000000 0.00000000
0.00000000 0.00000000 1.00000000 0.00000000
0.00000000 0.00000000 0.00000000 1.00000000

1.00000000 0.00000000 0.00000000 0.00000000
0.00000000 1.00000000 0.00000000 0.00000000
0.00000000 0.00000000 1.00000000 0.00000000
0.00000000 0.00000000 0.00000000 1.00000000

0.92607330 0.13673650 -0.35169780 0.00000000
-0.08200353 0.98268810 0.16613140 0.00000000
0.36832550 -0.12500940 0.92125400 0.00000000
0.00245041 0.93684910 -0.19744940 1.00000000

0.88641350 0.26127330 -0.38210920 0.00000000
-0.27553240 0.96112320 0.01800575 0.00000000
0.37195840 0.08932292 0.92394180 0.00000000
-0.01158969 1.01621700 -0.18457200 1.00000000

0.65935980 0.21686850 -0.71986990 0.00000000
-0.31566390 0.94886550 -0.00327441 0.00000000
0.68234960 0.22939600 0.69410130 0.00000000
-0.03446650 1.12090200 -0.18555790 1.00000000

0.74946400 0.37640900 -0.54462830 0.00000000
-0.66200450 0.41696660 -0.62280730 0.00000000
-0.00733843 0.82731810 0.56168590 0.00000000
-0.07321083 1.20585300 -0.18960710 1.00000000

0.74990080 0.37324220 -0.54620420 0.00000000
-0.66033260 0.37223510 -0.65222850 0.00000000
-0.04012282 0.84978320 0.52560340 0.00000000
-0.19690150 1.28992100 -0.30171570 1.00000000

0.73188120 0.30954040 -0.60707060 0.00000000
-0.63480570 -0.01416690 -0.77254210 0.00000000
-0.24773330 0.95078090 0.18612950 0.00000000
-0.23925410 1.32968300 -0.33511030 1.00000000

0.73188120 0.30954040 -0.60707060 0.00000000
-0.58985960 -0.15828580 -0.79184040 0.00000000
-0.34119720 0.93761960 0.06673906 0.00000000
-0.28579100 1.28055500 -0.41626480 1.00000000

0.97590270 0.21809550 -0.00694987 0.00000000
-0.02124932 0.06328792 -0.99776920 0.00000000
-0.21716900 0.97387330 0.06639716 0.00000000
-0.25580490 1.16559000 -0.37151230 1.00000000

0.75794640 0.31641780 -0.57043560 0.00000000
-0.52378550 -0.22600150 -0.82132360 0.00000000
-0.38880070 0.92130540 -0.00556199 0.00000000
-0.23402930 1.16559800 -0.41247660 1.00000000

0.17000340 0.27448150 -0.94644530 0.00000000
0.91424260 0.31450900 0.25543080 0.00000000
0.36777660 -0.90870480 -0.19747520 0.00000000
-0.19512250 1.18992200 -0.41852660 1.00000000

0.94374930 0.28025510 -0.17548310 0.00000000
0.17234970 0.03599249 0.98437820 0.00000000
0.28219320 -0.95925070 -0.01433409 0.00000000
-0.19642010 1.20915300 -0.44818100 1.00000000

0.77876890 0.30970910 -0.54552640 0.00000000
-0.52416420 -0.15648920 -0.83711610 0.00000000
-0.34463160 0.93786550 0.04046946 0.00000000
-0.24827990 1.16494800 -0.42998860 1.00000000

0.74048200 0.36104380 -0.56686300 0.00000000
0.05271231 0.80965290 0.58453740 0.00000000
0.67000580 -0.46272010 0.58050180 0.00000000
-0.26785790 1.24473500 -0.50698640 1.00000000

0.89984570 0.29700430 -0.31947790 0.00000000
0.31022020 0.07916186 0.94736300 0.00000000
0.30666140 -0.95158910 -0.02090324 0.00000000
-0.29347050 1.18506600 -0.47948350 1.00000000

0.28877010 0.38967890 -0.87450680 0.00000000
0.91895830 0.14341320 0.36735310 0.00000000
0.26856560 -0.90971600 -0.31668530 0.00000000
-0.22330460 1.18455300 -0.44906140 1.00000000

0.73188120 0.30954040 -0.60707060 0.00000000
0.58174790 0.18009400 0.79318070 0.00000000
0.35485120 -0.93367620 -0.04826702 0.00000000
-0.27095320 1.24092300 -0.55693720 1.00000000

0.73188120 0.30954040 -0.60707060 0.00000000
-0.58174790 -0.18009410 -0.79318070 0.00000000
-0.35485130 0.93367620 0.04826700 0.00000000
-0.26544190 1.15672500 -0.45487170 1.00000000

0.37358480 0.27100760 -0.88712410 0.00000000
-0.83685880 -0.31406850 -0.44836220 0.00000000
-0.40012720 0.90989890 0.10946390 0.00000000
-0.29366310 1.17065700 -0.37413820 1.00000000

0.73188120 0.30954040 -0.60707060 0.00000000
0.12570750 -0.93691460 -0.32617280 0.00000000
-0.66973700 0.16240640 -0.72462170 0.00000000
-0.34828150 1.21068100 -0.43358460 1.00000000

0.99219470 0.12444820 -0.00790808 0.00000000
-0.03123564 0.18663650 -0.98193230 0.00000000
-0.12072380 0.97451500 0.18906690 0.00000000
-0.28282670 1.16207600 -0.41011880 1.00000000

0.72073510 0.34522640 -0.60113200 0.00000000
0.62095990 0.06394291 0.78122990 0.00000000
0.30813940 -0.93633880 -0.16828580 0.00000000
-0.26728920 1.25291700 -0.50169770 1.00000000

0.77035190 0.63757410 -0.00758112 0.00000000
-0.59818420 0.71854040 -0.35478990 0.00000000
-0.22075720 0.27784800 0.93491550 0.00000000
-0.35050400 1.21772300 -0.43267380 1.00000000

0.73188120 0.30954040 -0.60707060 0.00000000
0.58174790 0.18009400 0.79318070 0.00000000
0.35485120 -0.93367620 -0.04826702 0.00000000
-0.25499510 1.19141400 -0.46623200 1.00000000

0.73188120 0.30954040 -0.60707060 0.00000000
-0.58174790 -0.18009410 -0.79318070 0.00000000
-0.35485130 0.93367620 0.04826700 0.00000000
-0.29226750 1.17575800 -0.43586510 1.00000000

0.73188120 0.30954040 -0.60707060 0.00000000
0.54560270 0.26753920 0.79419180 0.00000000
0.40824960 -0.91247340 0.02692086 0.00000000
-0.20719340 1.22605000 -0.49177060 1.00000000

0.73188120 0.30954040 -0.60707060 0.00000000
-0.53929160 -0.28147090 -0.79368690 0.00000000
-0.41655080 0.90827260 -0.03907073 0.00000000
-0.33416560 1.17198500 -0.38747270 1.00000000

0.73188120 0.30954040 -0.60707060 0.00000000
-0.58174790 -0.18009410 -0.79318070 0.00000000
-0.35485130 0.93367620 0.04826700 0.00000000
-0.29411790 1.19072500 -0.47210680 1.00000000

0.73188120 0.30954040 -0.60707060 0.00000000
-0.58174790 -0.18009410 -0.79318070 0.00000000
-0.35485130 0.93367620 0.04826700 0.00000000
-0.39402600 1.18943100 -0.45486290 1.00000000

0.50631140 0.29084960 -0.81182230 0.00000000
-0.77000110 -0.27137660 -0.57745410 0.00000000
-0.38826190 0.91747560 0.08655346 0.00000000
-0.29815450 1.18308500 -0.47559830 1.00000000

0.73188120 0.30954040 -0.60707060 0.00000000
-0.63480570 -0.01416690 -0.77254210 0.00000000
-0.24773330 0.95078090 0.18612950 0.00000000
-0.34170760 1.17758600 -0.42974750 1.00000000

-0.54615090 0.38587330 -0.74351970 0.00000000
0.82881500 0.12007560 -0.54648690 0.00000000
-0.12159610 -0.91470460 -0.38539690 0.00000000
-0.14057250 1.28219100 -0.29338540 1.00000000

-0.14902540 0.73168030 -0.66515840 0.00000000
0.26801260 -0.61760350 -0.73941580 0.00000000
-0.95181990 -0.28846250 -0.10406100 0.00000000
0.10343060 1.31754200 -0.45427110 1.00000000

-0.14902630 0.73167650 -0.66516240 0.00000000
-0.69619880 -0.55532990 -0.45488100 0.00000000
-0.70221020 0.39529640 0.59215060 0.00000000
0.17686600 1.14831900 -0.65687140 1.00000000

0.06130973 0.68226960 -0.72852560 0.00000000
-0.85403570 -0.34191010 -0.39207330 0.00000000
-0.51658980 0.64622490 0.56171980 0.00000000
0.06199298 1.05668900 -0.73192670 1.00000000

0.15459970 -0.69164140 0.70550100 0.00000000
-0.50069400 0.56074480 0.65944790 0.00000000
-0.85170720 -0.45519060 -0.25960980 0.00000000
-0.01578373 0.99780330 -0.72801590 1.00000000

-0.32692140 0.55629290 -0.76397710 0.00000000
-0.62096130 -0.73584150 -0.27008400 0.00000000
-0.71241150 0.38610420 0.58599840 0.00000000
-0.01681728 0.97764160 -0.78916850 1.00000000

-0.29950410 0.58788320 -0.75145930 0.00000000
-0.63464010 -0.71085720 -0.30317490 0.00000000
-0.71241160 0.38610430 0.58599840 0.00000000
-0.03610853 0.95478140 -0.79755910 1.00000000

-0.30531250 0.58173470 -0.75390290 0.00000000
-0.68662120 -0.68304710 -0.24899540 0.00000000
-0.65980020 0.44162450 0.60797380 0.00000000
-0.03087371 0.99661500 -0.77298000 1.00000000

-0.47953680 0.37545900 -0.79314290 0.00000000
-0.57854030 -0.81486150 -0.03595297 0.00000000
-0.65980020 0.44162450 0.60797380 0.00000000
-0.05804392 0.96958610 -0.78283300 1.00000000

-0.32664280 0.58374350 -0.74333600 0.00000000
-0.64347730 -0.71340390 -0.27747560 0.00000000
-0.69227310 0.38768470 0.60865370 0.00000000
-0.04504362 1.01476600 -0.75638300 1.00000000

-0.44941320 0.42829470 -0.78395900 0.00000000
-0.56461190 -0.81625070 -0.12226650 0.00000000
-0.69227310 0.38768460 0.60865360 0.00000000
-0.06978279 0.98733840 -0.76705100 1.00000000

-0.46010250 0.29266630 -0.83824380 0.00000000
-0.54784120 -0.83653840 0.00863269 0.00000000
-0.69869640 0.46319650 0.54522780 0.00000000
-0.06149253 1.02802600 -0.73157120 1.00000000

-0.51752880 0.19894830 -0.83221640 0.00000000
-0.49395180 -0.86363720 0.10071280 0.00000000
-0.69869630 0.46319680 0.54522780 0.00000000
-0.08242132 0.99606840 -0.73124130 1.00000000

-0.12685830 0.94846290 0.29038920 0.00000000
-0.39075820 -0.31686610 0.86423610 0.00000000
0.91171050 -0.00383625 0.41081670 0.00000000
-0.02385075 1.05539300 -0.70551940 1.00000000

-0.39117770 0.79849080 0.45759510 0.00000000
-0.49102720 -0.60161390 0.63004220 0.00000000
0.77837840 0.02176697 0.62741840 0.00000000
-0.03676202 1.04492300 -0.67696360 1.00000000

-0.08206600 0.69108900 -0.71809580 0.00000000
-0.69619880 -0.55532990 -0.45488100 0.00000000
-0.71314310 0.46260740 0.52670870 0.00000000
0.11072710 1.09556200 -0.70008500 1.00000000

-0.09600432 -0.46191370 -0.88171390 0.00000000
0.99509480 -0.06578813 -0.07388440 0.00000000
-0.02387792 -0.88448210 0.46596330 0.00000000
0.06696781 1.33307100 -0.49637150 1.00000000

0.75730160 -0.27982530 0.59007840 0.00000000
0.57113560 0.72195110 -0.39062890 0.00000000
-0.31669980 0.63283860 0.70655260 0.00000000
-0.19269030 1.25601600 -0.25551170 1.00000000

0.46232400 -0.67646430 0.57328250 0.00000000
0.12103430 0.68861870 0.71495120 0.00000000
-0.87841190 -0.26115220 0.40024010 0.00000000
-0.36083260 1.04347400 -0.14051100 1.00000000

0.46232240 -0.67645110 0.57329920 0.00000000
-0.61810080 0.21772150 0.75534680 0.00000000
-0.63577490 -0.70357040 -0.31745740 0.00000000
-0.39399630 0.85479310 -0.33640810 1.00000000

0.69404180 -0.44120390 0.56889850 0.00000000
-0.60250060 0.07659115 0.79443490 0.00000000
-0.39408030 -0.89413260 -0.21266830 0.00000000
-0.29200940 0.81886830 -0.46104030 1.00000000

-0.52248450 0.53430560 -0.66447600 0.00000000
-0.46626720 -0.83150550 -0.30198320 0.00000000
-0.71386620 0.15204200 0.68357740 0.00000000
-0.20590820 0.79513410 -0.50047850 1.00000000

0.18582750 -0.51942370 0.83406690 0.00000000
-0.78397240 0.43333570 0.44453050 0.00000000
-0.59233070 -0.73649110 -0.32668810 0.00000000
-0.22656820 0.76437540 -0.55314910 1.00000000

0.05847242 -0.38548460 0.92085970 0.00000000
-0.79765260 0.53662570 0.27528790 0.00000000
-0.60027630 -0.75062290 -0.27610490 0.00000000
-0.20221190 0.75091260 -0.56695970 1.00000000

0.24143860 -0.42800510 0.87093020 0.00000000
-0.78216550 0.44539070 0.43571140 0.00000000
-0.57439090 -0.78640900 -0.22723640 0.00000000
-0.21599150 0.79015270 -0.54656960 1.00000000

-0.13712460 -0.11942750 0.98332800 0.00000000
-0.79229900 0.60903950 -0.03651652 0.00000000
-0.59452450 -0.78409690 -0.17813660 0.00000000
-0.18504040 0.77252820 -0.56381120 1.00000000

0.24230810 -0.39414240 0.88653190 0.00000000
-0.70218230 0.55930880 0.44058380 0.00000000
-0.66949770 -0.72926370 -0.14123470 0.00000000
-0.20477910 0.81531400 -0.53972140 1.00000000

-0.02315548 -0.09968755 0.99474950 0.00000000
-0.73429400 0.67693250 0.05074519 0.00000000
-0.67843680 -0.72926350 -0.08887465 0.00000000
-0.17778260 0.79381030 -0.55666040 1.00000000

0.16526890 -0.28310550 0.94474210 0.00000000
-0.75515980 0.57981650 0.30585420 0.00000000
-0.63436600 -0.76397960 -0.11796450 0.00000000
-0.18572390 0.83862350 -0.52724770 1.00000000

-0.20598660 0.08287783 0.97503860 0.00000000
-0.72066060 0.66120930 -0.20844930 0.00000000
-0.66198060 -0.74560960 -0.07647353 0.00000000
-0.15687510 0.81647340 -0.53893210 1.00000000

0.21996960 -0.94795190 -0.23021920 0.00000000
-0.96163990 -0.17106660 -0.21444200 0.00000000
0.16389760 0.26855880 -0.94921750 0.00000000
-0.21635740 0.84405510 -0.47231610 1.00000000

-0.44562930 -0.86283280 -0.23861000 0.00000000
-0.88980820 0.39765600 0.22385500 0.00000000
-0.09826487 0.31207360 -0.94496260 0.00000000
-0.18458310 0.84970780 -0.46523150 1.00000000

0.55912870 -0.55365720 0.61712160 0.00000000
-0.61810080 0.21772150 0.75534680 0.00000000
-0.55256380 -0.80377950 -0.22048160 0.00000000
-0.33527650 0.83410920 -0.40816650 1.00000000

0.33670960 0.76444570 0.54977230 0.00000000
-0.24987820 0.63547290 -0.73057200 0.00000000
-0.90784790 0.10861460 0.40498790 0.00000000
-0.44263490 1.08604500 -0.22552420 1.00000000

0.78609620 -0.33380060 0.52022100 0.00000000
0.42799700 -0.31327190 -0.84774950 0.00000000
0.44594990 0.88906570 -0.10339620 0.00000000
0.14069300 0.91103680 -0.26541360 1.00000000

0.78609620 -0.33380060 0.52022100 0.00000000
-0.61731230 -0.46656770 0.63343510 0.00000000
0.03127734 -0.81907980 -0.57282630 0.00000000
0.23485230 0.84211710 -0.45191850 1.00000000

0.85414890 0.11238490 0.50773930 0.00000000
-0.29949890 -0.69186930 0.65697570 0.00000000
0.42512340 -0.71322250 -0.55730030 0.00000000
0.12314100 0.75348420 -0.33998510 1.00000000

0.85356830 0.11339020 0.50849150 0.00000000
-0.42401480 -0.41590720 0.80450770 0.00000000
0.30270850 -0.90231040 -0.30692610 0.00000000
0.14316630 0.66940930 -0.35013960 1.00000000

0.69812010 0.47757430 -0.53343330 0.00000000
0.21375260 0.57204080 0.79188320 0.00000000
0.68332880 -0.66685240 0.29727040 0.00000000
-0.13415830 0.87045480 -0.16103230 1.00000000

0.69811980 0.47757370 -0.53343430 0.00000000
-0.64073000 0.08422873 -0.76313210 0.00000000
-0.31952130 0.87454500 0.36479750 0.00000000
-0.18118380 0.74460590 -0.33524670 1.00000000

0.53578370 0.27303170 -0.79899280 0.00000000
-0.72194800 0.63885550 -0.26580990 0.00000000
0.43786640 0.71924780 0.53940310 0.00000000
-0.06348000 0.72498270 -0.19877270 1.00000000

0.53988440 0.28047610 -0.79363600 0.00000000
-0.69231990 0.68424020 -0.22914750 0.00000000
0.47876730 0.67316320 0.56358980 0.00000000
-0.06443290 0.64190950 -0.22467030 1.00000000

1.00000000 0.00000000 0.00000000 0.00000000
0.00000000 1.00000000 0.00000000 0.00000000
0.00000000 0.00000000 1.00000000 0.00000000
0.00000000 0.00000000 0.00000000 1.00000000

1.00000000 0.00000000 0.00000000 0.00000000
0.00000000 1.00000000 0.00000000 0.00000000
0.00000000 0.00000000 1.00000000 0.00000000
0.00000000 0.00000000 0.00000000 1.00000000

1.00000000 0.00000000 0.00000000 0.00000000
0.00000000 1.00000000 0.00000000 0.00000000
0.00000000 0.00000000 1.00000000 0.00000000
0.00000000 0.00000000 0.00000000 1.00000000

0.94781550 0.17787240 -0.26458840 0.00000000
-0.08616269 0.94192970 0.32456810 0.00000000
0.30695540 -0.28483300 0.90810160 0.00000000
0.00615407 1.33177400 -0.23977450 1.00000000

0.92218420 0.29002980 -0.25584960 0.00000000
-0.23473840 0.94549040 0.22571200 0.00000000
0.30736660 -0.14809030 0.93999740 0.00000000
-0.00777076 1.40666700 -0.21454140 1.00000000

0.74318280 0.37340210 -0.55520300 0.00000000
-0.24448080 0.92396050 0.29415340 0.00000000
0.62282300 -0.08287327 0.77796120 0.00000000
-0.02622195 1.50783200 -0.19186150 1.00000000

0.84762800 0.42627790 -0.31593320 0.00000000
-0.53058670 0.67862650 -0.50788170 0.00000000
-0.00209811 0.59812470 0.80140040 0.00000000
-0.05799282 1.59300800 -0.16992960 1.00000000

0.84878750 0.41735920 -0.32460870 0.00000000
-0.52851220 0.65193590 -0.54374130 0.00000000
-0.01531138 0.63308050 0.77393450 0.00000000
-0.15710070 1.72422800 -0.25877930 1.00000000

0.84426110 0.44512980 -0.29846720 0.00000000
-0.42796300 0.22472210 -0.87541280 0.00000000
-0.32260020 0.86681000 0.38022320 0.00000000
-0.19343360 1.77822900 -0.28221140 1.00000000

0.84426110 0.44512980 -0.29846720 0.00000000
-0.37873270 0.10150400 -0.91992310 0.00000000
-0.37918960 0.88969460 0.25428100 0.00000000
-0.21698320 1.75552500 -0.38268620 1.00000000

0.93890010 0.16962980 0.29948700 0.00000000
0.22519830 0.35527300 -0.90723040 0.00000000
-0.26029310 0.91924270 0.29536530 0.00000000
-0.19465290 1.63158500 -0.36763730 1.00000000

0.86060970 0.44005370 -0.25632720 0.00000000
-0.30526130 0.04287175 -0.95130310 0.00000000
-0.40763540 0.89694760 0.17122720 0.00000000
-0.16387290 1.64271800 -0.40069350 1.00000000

0.37170570 0.52944600 -0.76257570 0.00000000
0.82073450 0.19647360 0.53646340 0.00000000
0.43385460 -0.82527890 -0.36150420 0.00000000
-0.12538310 1.66622400 -0.38969870 1.00000000

0.94639340 0.28843470 0.14541230 0.00000000
-0.07249632 -0.24902090 0.96578130 0.00000000
0.31477560 -0.92455090 -0.21476120 0.00000000
-0.11992380 1.69332000 -0.41092470 1.00000000

0.87534760 0.42604600 -0.22858570 0.00000000
-0.29821880 0.10362770 -0.94885560 0.00000000
-0.38056840 0.89874700 0.21776510 0.00000000
-0.17294110 1.64747800 -0.41924460 1.00000000

0.84084580 0.48287830 -0.24455420 0.00000000
-0.12216660 0.60945880 0.78334870 0.00000000
0.52730800 -0.62879940 0.57145260 0.00000000
-0.17623820 1.74624300 -0.47262400 1.00000000

0.93801060 0.34655830 0.00579169 0.00000000
0.06842592 -0.20153390 0.97708850 0.00000000
0.33978540 -0.91612300 -0.21275450 0.00000000
-0.20537720 1.68207600 -0.47011840 1.00000000

0.47622420 0.61151840 -0.63186690 0.00000000
0.79640000 0.00467363 0.60475230 0.00000000
0.37277030 -0.79121660 -0.48478750 0.00000000
-0.14488400 1.67087300 -0.42535880 1.00000000

0.84426110 0.44512980 -0.29846720 0.00000000
0.36500510 -0.06979285 0.92838580 0.00000000
0.39242140 -0.89274200 -0.22139800 0.00000000
-0.16700350 1.75679800 -0.52081640 1.00000000

0.84426110 0.44512980 -0.29846720 0.00000000
-0.36500510 0.06979276 -0.92838580 0.00000000
-0.39242140 0.89274220 0.22139800 0.00000000
-0.18319220 1.64714400 -0.44874050 1.00000000

0.56617110 0.49862580 -0.65637090 0.00000000
-0.69049360 -0.14799980 -0.70803560 0.00000000
-0.45018770 0.85408930 0.26050470 0.00000000
-0.23060070 1.63856800 -0.37666970 1.00000000

0.84426110 0.44512980 -0.29846720 0.00000000
0.23763590 -0.81009720 -0.53597740 0.00000000
-0.48036700 0.38157840 -0.78971240 0.00000000
-0.27062880 1.69540100 -0.43362460 1.00000000

0.95894290 0.09018490 0.26887740 0.00000000
0.19995820 0.45731430 -0.86653350 0.00000000
-0.20110980 0.88472040 0.42050510 0.00000000
-0.21112840 1.64020300 -0.41000660 1.00000000

0.83061470 0.47801840 -0.28561760 0.00000000
0.41048000 -0.17901600 0.89412490 0.00000000
0.37627820 -0.85991380 -0.34491030 0.00000000
-0.17728820 1.75257600 -0.46527280 1.00000000

0.82354180 0.49687970 -0.27365910 0.00000000
-0.43433540 0.24202990 -0.86762580 0.00000000
-0.36487200 0.83338590 0.41513420 0.00000000
-0.27328070 1.70196500 -0.43133710 1.00000000

0.84426110 0.44512980 -0.29846720 0.00000000
0.36500510 -0.06979285 0.92838580 0.00000000
0.39242140 -0.89274200 -0.22139800 0.00000000
-0.17166570 1.68327400 -0.44695200 1.00000000

0.84426110 0.44512980 -0.29846720 0.00000000
-0.36500510 0.06979276 -0.92838580 0.00000000
-0.39242140 0.89274220 0.22139800 0.00000000
-0.21453960 1.66086700 -0.43224590 1.00000000

0.84426110 0.44512980 -0.29846720 0.00000000
0.32351480 0.02070854 0.94599640 0.00000000
0.42727210 -0.89522670 -0.12652260 0.00000000
-0.12049180 1.72190700 -0.44966200 1.00000000

0.84426110 0.44512980 -0.29846720 0.00000000
-0.31973500 -0.02860097 -0.94707540 0.00000000
-0.43010800 0.89500930 0.11817680 0.00000000
-0.26668240 1.64465100 -0.39884260 1.00000000

0.84426110 0.44512980 -0.29846720 0.00000000
-0.36500510 0.06979276 -0.92838580 0.00000000
-0.39242140 0.89274220 0.22139800 0.00000000
-0.20801230 1.68543800 -0.46183520 1.00000000

0.84426110 0.44512980 -0.29846720 0.00000000
-0.36500510 0.06979276 -0.92838580 0.00000000
-0.39242140 0.89274220 0.22139800 0.00000000
-0.30899350 1.68248400 -0.47047840 1.00000000

0.68967810 0.49038440 -0.53279190 0.00000000
-0.58193700 -0.06250888 -0.81082800 0.00000000
-0.43092180 0.86926170 0.24226170 0.00000000
-0.21078050 1.67922700 -0.46820830 1.00000000

0.84426110 0.44512980 -0.29846720 0.00000000
-0.42796300 0.22472210 -0.87541280 0.00000000
-0.32260020 0.86681000 0.38022320 0.00000000
-0.26388220 1.66237900 -0.43778200 1.00000000

-0.38047800 0.66276200 -0.64496760 0.00000000
0.92133230 0.21140240 -0.32627560 0.00000000
-0.07989537 -0.71837010 -0.69105810 0.00000000
-0.10337570 1.70676200 -0.24826000 1.00000000

-0.10042910 0.90189550 -0.42011730 0.00000000
0.41742560 -0.34509850 -0.84063250 0.00000000
-0.90314440 -0.25979170 -0.34181640 0.00000000
0.16786460 1.76899900 -0.34431550 1.00000000

-0.10042900 0.90189270 -0.42012340 0.00000000
-0.43133260 -0.41998110 -0.79847870 0.00000000
-0.89658580 0.10102260 0.43119400 0.00000000
0.28223900 1.67444200 -0.57464890 1.00000000

0.23170410 0.94105780 -0.24642120 0.00000000
-0.60956990 -0.05695865 -0.79068340 0.00000000
-0.75811460 0.33341570 0.56044290 0.00000000
0.21106900 1.60514500 -0.70639810 1.00000000

-0.02233285 -0.95254590 0.30357510 0.00000000
-0.76759670 0.21088780 0.60524550 0.00000000
-0.64054400 -0.21950640 -0.73588050 0.00000000
0.14489020 1.55676700 -0.75942580 1.00000000

-0.09981121 0.87303480 -0.47733390 0.00000000
-0.38841330 -0.47585490 -0.78911170 0.00000000
-0.91606370 0.10664090 0.38659390 0.00000000
0.16816990 1.56826000 -0.81835920 1.00000000

-0.08276135 0.89297440 -0.44243350 0.00000000
-0.39240010 -0.43729230 -0.80919580 0.00000000
-0.91606370 0.10664090 0.38659400 0.00000000
0.15610310 1.55347600 -0.84287440 1.00000000

-0.08651453 0.88912810 -0.44940670 0.00000000
-0.46325830 -0.43526550 -0.77196880 0.00000000
-0.88199030 0.14140490 0.44955270 0.00000000
0.14704850 1.57812000 -0.80173720 1.00000000

-0.20850950 0.73838420 -0.64133650 0.00000000
-0.42263080 -0.65938870 -0.62176330 0.00000000
-0.88199030 0.14140500 0.44955280 0.00000000
0.12871700 1.56089600 -0.83228470 1.00000000

-0.11028180 0.88726600 -0.44788050 0.00000000
-0.40941290 -0.45117540 -0.79298290 0.00000000
-0.90565940 0.09591658 0.41301460 0.00000000
0.12577840 1.58707300 -0.78521050 1.00000000

-0.19038870 0.77836430 -0.59824820 0.00000000
-0.37885780 -0.62044260 -0.68667160 0.00000000
-0.90565930 0.09591658 0.41301470 0.00000000
0.11003800 1.56972700 -0.81569760 1.00000000

-0.16424740 0.68596160 -0.70885780 0.00000000
-0.40737200 -0.70164350 -0.58458920 0.00000000
-0.89837120 0.19275170 0.39468460 0.00000000
0.10007870 1.58797600 -0.76519190 1.00000000

-0.20802690 0.60468730 -0.76881610 0.00000000
-0.38685140 -0.77278710 -0.50313620 0.00000000
-0.89837120 0.19275190 0.39468470 0.00000000
0.08451603 1.56117200 -0.78752480 1.00000000

-0.33785350 0.70193740 0.62700810 0.00000000
-0.63027670 -0.66348610 0.40315970 0.00000000
0.69900390 -0.25897960 0.66657560 0.00000000
0.12230840 1.59709600 -0.71757700 1.00000000

-0.62368740 0.50824700 0.59388480 0.00000000
-0.60473660 -0.79513120 0.04538998 0.00000000
0.49528570 -0.33083470 0.80326870 0.00000000
0.10148310 1.57517400 -0.70425590 1.00000000

-0.02658249 0.89057370 -0.45406130 0.00000000
-0.43133260 -0.41998110 -0.79847870 0.00000000
-0.90180130 0.17462600 0.39529770 0.00000000
0.24126240 1.63454400 -0.65050420 1.00000000

0.05612539 -0.13159240 -0.98971380 0.00000000
0.98791110 -0.13615080 0.07412577 0.00000000
-0.14450460 -0.98190960 0.12235990 0.00000000
0.14196790 1.79950300 -0.38226920 1.00000000

0.64461830 -0.55576970 0.52496420 0.00000000
0.72312060 0.66610930 -0.18274270 0.00000000
-0.24812060 0.49741170 0.83127470 0.00000000
-0.16231970 1.67711800 -0.22628980 1.00000000

0.36527280 -0.77433720 0.51669880 0.00000000
0.08195446 0.57964690 0.81073610 0.00000000
-0.92728590 -0.25379400 0.27518960 0.00000000
-0.37520640 1.48101600 -0.17249070 1.00000000

0.36527060 -0.77432660 0.51671620 0.00000000
-0.54777140 0.27001630 0.79185720 0.00000000
-0.75267790 -0.57228460 -0.32552500 0.00000000
-0.39766200 1.32219400 -0.39463270 1.00000000

0.68609760 -0.55950220 0.46500280 0.00000000
-0.50313940 0.09674546 0.85877320 0.00000000
-0.52547220 -0.82316340 -0.21513070 0.00000000
-0.30727970 1.27764000 -0.52528910 1.00000000

-0.51468410 0.63707650 -0.57378910 0.00000000
-0.59776590 -0.74639370 -0.29252790 0.00000000
-0.61463520 0.19243230 0.76497960 0.00000000
-0.22943840 1.24623200 -0.57515250 1.00000000

0.20187830 -0.59245260 0.77990060 0.00000000
-0.67208290 0.49542880 0.55032300 0.00000000
-0.71242520 -0.63525580 -0.29816110 0.00000000
-0.25916430 1.22179400 -0.62678840 1.00000000

0.10236380 -0.45001220 0.88713630 0.00000000
-0.68961790 0.61062130 0.38931890 0.00000000
-0.71690240 -0.65163700 -0.24783100 0.00000000
-0.23828410 1.20640200 -0.64388570 1.00000000

0.27226280 -0.51116620 0.81521900 0.00000000
-0.66965310 0.50773100 0.54200940 0.00000000
-0.69096880 -0.69348290 -0.20406770 0.00000000
-0.24474310 1.24559100 -0.62005510 1.00000000

-0.04996482 -0.16678270 0.98472680 0.00000000
-0.70694100 0.70237490 0.08309092 0.00000000
-0.70550550 -0.69199220 -0.15299970 0.00000000
-0.21824430 1.22550000 -0.64150300 1.00000000

0.27907220 -0.47877440 0.83240250 0.00000000
-0.57560920 0.61044340 0.54408920 0.00000000
-0.76863040 -0.63097860 -0.10522920 0.00000000
-0.22974650 1.26868300 -0.61315760 1.00000000

0.06616224 -0.16192150 0.98458300 0.00000000
-0.63206190 0.75672610 0.16692220 0.00000000
-0.77208830 -0.63336150 -0.05227761 0.00000000
-0.20761630 1.24521300 -0.63407590 1.00000000

0.22331790 -0.36326550 0.90452620 0.00000000
-0.63902010 0.64616990 0.41727460 0.00000000
-0.73605890 -0.67119500 -0.08783263 0.00000000
-0.20667620 1.28860900 -0.60163650 1.00000000

-0.09272285 0.04252264 0.99478360 0.00000000
-0.64716690 0.75669540 -0.09266741 0.00000000
-0.75668870 -0.65238310 -0.04264362 0.00000000
-0.18226410 1.26392400 -0.61757760 1.00000000

0.07150916 -0.95034030 -0.30288610 0.00000000
-0.99251040 -0.03764275 -0.11621570 0.00000000
0.09904310 0.30892800 -0.94591440 0.00000000
-0.23057170 1.29408500 -0.54346100 1.00000000

-0.57495020 -0.78414520 -0.23355520 0.00000000
-0.80365600 0.48767910 0.34103720 0.00000000
-0.15352270 0.38377750 -0.91057440 0.00000000
-0.19777750 1.29532900 -0.53962180 1.00000000

0.49632330 -0.65706530 0.56738760 0.00000000
-0.54777140 0.27001630 0.79185720 0.00000000
-0.67350550 -0.70381570 -0.22590620 0.00000000
-0.34562370 1.29654200 -0.46985960 1.00000000

0.42849520 0.53034650 0.73152180 0.00000000
-0.07092236 0.82685800 -0.55792100 0.00000000
-0.90075620 0.18718540 0.39191810 0.00000000
-0.40370500 1.51324800 -0.20750530 1.00000000

0.84641170 -0.46171890 0.26533510 0.00000000
0.19323440 -0.19800400 -0.96096590 0.00000000
0.49623330 0.86464460 -0.07837285 0.00000000
0.14834230 1.31537500 -0.30230450 1.00000000

0.84641170 -0.46171890 0.26533510 0.00000000
-0.52549970 -0.64348950 0.55657130 0.00000000
-0.08623902 -0.61052210 -0.78729040 0.00000000
0.19085390 1.27181400 -0.51371700 1.00000000

0.92797630 0.00381739 0.37261970 0.00000000
-0.14361630 -0.91903640 0.36707890 0.00000000
0.34385220 -0.39415490 -0.85229590 0.00000000
0.09519473 1.15216000 -0.41678160 1.00000000

0.92750380 0.00438765 0.37378810 0.00000000
-0.25002460 -0.73606680 0.62904190 0.00000000
0.27789290 -0.67689500 -0.68160800 0.00000000
0.11647210 1.08113200 -0.46233420 1.00000000

0.53324410 0.73920080 -0.41137920 0.00000000
0.19168910 0.36805660 0.90982940 0.00000000
