MeshAnim
1
71
75
30
0.58743190 -0.04542184 -0.80799790 0.00000000
-0.15571390 0.97342340 -0.16792870 0.00000000
0.79415180 0.22446320 0.56474710 0.00000000
0.00538873 0.41847160 -0.02266045 1.00000000

0.58662470 0.06566115 -0.80719270 0.00000000
-0.06929000 0.99712240 0.03075469 0.00000000
0.80688940 0.03788896 0.58948620 0.00000000
-0.00772682 0.49049030 -0.03244285 1.00000000

0.64608380 0.04516488 -0.76192900 0.00000000
-0.06312601 0.99798970 0.00562960 0.00000000
0.76065160 0.04446036 0.64763610 0.00000000
-0.01633110 0.59614120 -0.02851855 1.00000000

0.61451180 0.06211243 -0.78645860 0.00000000
-0.32237150 0.92963700 -0.17846970 0.00000000
0.72003610 0.36320370 0.59129620 0.00000000
-0.02236984 0.68059690 -0.02932614 1.00000000

0.61451180 0.06211243 -0.78645860 0.00000000
-0.36294510 0.90739010 -0.21192950 0.00000000
0.70046130 0.41567460 0.58014520 0.00000000
-0.07718316 0.85693590 -0.05822860 1.00000000

0.98955330 0.13396580 0.05326656 0.00000000
-0.13979840 0.98193490 0.12751540 0.00000000
-0.03522152 -0.13362990 0.99040520 0.00000000
-0.09848472 0.90584950 -0.05086561 1.00000000

0.98955330 0.13396580 0.05326656 0.00000000
-0.13169810 0.99031130 -0.04403429 0.00000000
-0.05864942 0.03655920 0.99760900 0.00000000
-0.10970550 1.00382300 -0.08881894 1.00000000

0.99978420 0.02047681 -0.00345549 0.00000000
-0.02059294 0.99907210 -0.03782348 0.00000000
0.00267774 0.03788650 0.99927840 0.00000000
-0.13254620 0.97789260 -0.20580070 1.00000000

0.98516680 0.16355460 0.05192432 0.00000000
-0.16126520 0.98585660 -0.04560930 0.00000000
-0.05864942 0.03655920 0.99760900 0.00000000
-0.10168270 0.99439750 -0.21415550 1.00000000

0.96164530 0.26380180 0.07514685 0.00000000
0.26052740 -0.96413710 0.05064899 0.00000000
0.08581322 -0.02912856 -0.99588560 0.00000000
-0.07034129 0.98851610 -0.20410050 1.00000000

0.99858510 0.03480134 0.04020807 0.00000000
0.03307263 -0.99853240 0.04288860 0.00000000
0.04164165 -0.04149813 -0.99827080 0.00000000
-0.04725510 0.99196520 -0.18509860 1.00000000

0.99736290 0.05822662 0.04332522 0.00000000
-0.05632623 0.99744850 -0.04386179 0.00000000
-0.04576859 0.04130578 0.99809770 0.00000000
-0.10272940 1.00121900 -0.21186820 1.00000000

0.98955330 0.13396580 0.05326656 0.00000000
0.13149260 -0.99017770 0.04751588 0.00000000
0.05910888 -0.04001534 -0.99744900 0.00000000
-0.05944188 1.07134800 -0.12513620 1.00000000

0.98955330 0.13396580 0.05326656 0.00000000
0.13149260 -0.99017770 0.04751588 0.00000000
0.05910888 -0.04001534 -0.99744900 0.00000000
-0.11198910 1.08088500 -0.18013150 1.00000000

0.89323030 0.43363130 0.11875800 0.00000000
0.43601200 -0.89991720 0.00651063 0.00000000
0.10969560 0.04596447 -0.99290170 0.00000000
-0.07125284 1.00925200 -0.20222460 1.00000000

0.98955330 0.13396580 0.05326656 0.00000000
0.13149260 -0.99017770 0.04751588 0.00000000
0.05910888 -0.04001534 -0.99744900 0.00000000
-0.03816837 1.12211500 -0.13850890 1.00000000

0.98955330 0.13396580 0.05326656 0.00000000
-0.13149260 0.99017760 -0.04751595 0.00000000
-0.05910888 0.04001540 0.99744900 0.00000000
-0.10765950 1.03897100 -0.21522500 1.00000000

0.93570720 0.34366960 0.07964563 0.00000000
-0.33945940 0.93858340 -0.06187314 0.00000000
-0.09601775 0.03085870 0.99490110 0.00000000
-0.15768650 0.97006860 -0.19069870 1.00000000

0.98955330 0.13396580 0.05326656 0.00000000
-0.13149260 0.99017760 -0.04751595 0.00000000
-0.05910888 0.04001540 0.99744900 0.00000000
-0.17195410 1.05611600 -0.13119260 1.00000000

0.98418940 -0.16995650 -0.04986036 0.00000000
0.17196480 0.98432360 0.03918217 0.00000000
0.04241940 -0.04713687 0.99798730 0.00000000
-0.13968490 1.00613400 -0.20387140 1.00000000

0.98723600 0.13076560 0.09091461 0.00000000
0.13776190 -0.98758580 -0.07546967 0.00000000
0.07991716 0.08703093 -0.99299480 0.00000000
-0.05944188 1.07134800 -0.12513620 1.00000000

0.98796090 0.13143450 0.08159932 0.00000000
-0.13797250 0.98716380 0.08044415 0.00000000
-0.06997877 -0.09073406 0.99341340 0.00000000
-0.17195410 1.05611600 -0.13119260 1.00000000

0.98955330 0.13396580 0.05326656 0.00000000
0.13149260 -0.99017770 0.04751588 0.00000000
0.05910888 -0.04001534 -0.99744900 0.00000000
-0.08387253 1.04021500 -0.18565810 1.00000000

0.98955330 0.13396580 0.05326656 0.00000000
-0.13149260 0.99017760 -0.04751595 0.00000000
-0.05910888 0.04001540 0.99744900 0.00000000
-0.13396260 1.03385000 -0.18829790 1.00000000

0.98955330 0.13396580 0.05326656 0.00000000
0.12884520 -0.98756130 0.09011830 0.00000000
0.06467667 -0.08231375 -0.99450560 0.00000000
-0.02226588 1.03461500 -0.16693900 1.00000000

0.98955330 0.13396580 0.05326656 0.00000000
-0.12943670 0.98827910 -0.08093393 0.00000000
-0.06348443 0.07319383 0.99529500 0.00000000
-0.19340770 1.01115400 -0.17600790 1.00000000

0.98955330 0.13396580 0.05326656 0.00000000
-0.13149260 0.99017760 -0.04751595 0.00000000
-0.05910888 0.04001540 0.99744900 0.00000000
-0.11592820 1.08324600 -0.17297210 1.00000000

0.98955330 0.13396580 0.05326656 0.00000000
-0.13149260 0.99017760 -0.04751595 0.00000000
-0.05910888 0.04001540 0.99744900 0.00000000
-0.20441220 1.09954100 -0.14693170 1.00000000

0.98955330 0.13396580 0.05326656 0.00000000
-0.13149260 0.99017760 -0.04751595 0.00000000
-0.05910888 0.04001540 0.99744900 0.00000000
-0.11832220 1.08002800 -0.18047240 1.00000000

0.98955330 0.13396580 0.05326656 0.00000000
-0.13979840 0.98193490 0.12751540 0.00000000
-0.03522152 -0.13362990 0.99040520 0.00000000
-0.17721650 1.05324900 -0.17194770 1.00000000

-0.30847040 0.94591300 -0.10047300 0.00000000
0.60779650 0.11474570 -0.78575880 0.00000000
-0.73173080 -0.30345050 -0.61031830 0.00000000
-0.04261696 0.81583650 -0.07867661 1.00000000

0.16461770 0.64323420 -0.74776390 0.00000000
0.52645270 -0.69839230 -0.48486730 0.00000000
-0.83411570 -0.31384450 -0.45360010 0.00000000
0.13631840 0.84961760 -0.31000400 1.00000000

0.23735120 0.68859200 -0.68520470 0.00000000
0.00166380 -0.70564870 -0.70856050 0.00000000
-0.97142260 0.16703760 -0.16863210 0.00000000
0.28056650 0.65825860 -0.44285810 1.00000000

0.69246860 0.46123900 -0.55474850 0.00000000
-0.08531001 -0.71119310 -0.69780160 0.00000000
-0.71638660 0.53053120 -0.45313040 0.00000000
0.28084100 0.54182650 -0.55977050 1.00000000

-0.56792000 -0.39715310 0.72092750 0.00000000
-0.79733650 0.48282310 -0.36212860 0.00000000
-0.20425980 -0.78048190 -0.59086940 0.00000000
0.23739580 0.46160640 -0.59454570 1.00000000

-0.16922370 -0.93297500 -0.31768200 0.00000000
-0.66947540 -0.12774020 0.73176850 0.00000000
-0.72330220 0.33651290 -0.60298680 0.00000000
0.28952740 0.42834620 -0.61252400 1.00000000

-0.68083410 -0.20170100 0.70411790 0.00000000
0.11532160 0.91982420 0.37500030 0.00000000
-0.72330220 0.33651290 -0.60298680 0.00000000
0.26872900 0.42437780 -0.58979020 1.00000000

-0.04651076 -0.83665990 -0.54574480 0.00000000
-0.62727110 -0.40072540 0.66779510 0.00000000
-0.77741100 0.37338950 -0.50617430 0.00000000
0.26929870 0.44425110 -0.62507230 1.00000000

-0.61428830 -0.27771600 0.73859580 0.00000000
0.13521130 0.88512970 0.44526830 0.00000000
-0.77741100 0.37338950 -0.50617430 0.00000000
0.24447710 0.42839410 -0.59864720 1.00000000

-0.04389510 -0.67225210 -0.73902020 0.00000000
-0.55761260 -0.59729990 0.57645570 0.00000000
-0.82894020 0.43739040 -0.34863770 0.00000000
0.24862630 0.45947300 -0.63718240 1.00000000

-0.53267020 -0.42714420 0.73062340 0.00000000
0.17064920 0.79135200 0.58706190 0.00000000
-0.82894020 0.43739040 -0.34863770 0.00000000
0.22718820 0.43650910 -0.61501990 1.00000000

-0.17469930 -0.71864750 -0.67307250 0.00000000
-0.46710150 -0.54127750 0.69916710 0.00000000
-0.86677380 0.43653710 -0.24112050 0.00000000
0.21948320 0.47144380 -0.64551340 1.00000000

-0.44575190 -0.46136050 0.76710610 0.00000000
0.22362690 0.77238740 0.59448240 0.00000000
-0.86677380 0.43653710 -0.24112050 0.00000000
0.20163870 0.45076570 -0.61880360 1.00000000

-0.64285450 0.49636250 -0.58340620 0.00000000
-0.75611250 -0.53311150 0.37958740 0.00000000
-0.12260760 0.68513990 0.71801890 0.00000000
0.21605790 0.51597780 -0.61636710 1.00000000

-0.97803910 -0.20700240 -0.02428961 0.00000000
0.17345420 -0.87301490 0.45580590 0.00000000
-0.11555790 0.44158280 0.88974770 0.00000000
0.19107460 0.49836290 -0.60382490 1.00000000

0.49658670 0.61560490 -0.61190890 0.00000000
0.00166380 -0.70564870 -0.70856050 0.00000000
-0.86798570 0.35084350 -0.35143980 0.00000000
0.28072460 0.59122200 -0.51017140 1.00000000

-0.51898400 0.30603620 -0.79812130 0.00000000
0.70321920 -0.37794710 -0.60219510 0.00000000
-0.48594120 -0.87378380 -0.01906219 0.00000000
0.13630540 0.84961490 -0.31001420 1.00000000

0.44278340 -0.87791160 0.18224690 0.00000000
0.40549330 0.01478044 -0.91397850 0.00000000
0.79969880 0.47859440 0.36253180 0.00000000
-0.08437458 0.81211590 -0.02347140 1.00000000

-0.47613620 -0.37072620 -0.79740600 0.00000000
0.76462230 0.27334150 -0.58364140 0.00000000
0.43433530 -0.88760710 0.15331770 0.00000000
-0.20375180 0.80776480 0.24560340 1.00000000

-0.48434340 -0.37197590 -0.79186210 0.00000000
0.53529380 -0.84191810 0.06807663 0.00000000
-0.69200600 -0.39090640 0.60689390 0.00000000
-0.41325760 0.73286990 0.40552170 1.00000000

0.18343210 -0.10217380 -0.97770810 0.00000000
0.11972380 -0.98485810 0.12538290 0.00000000
-0.97571450 -0.14005420 -0.16842200 0.00000000
-0.50158190 0.87178640 0.39428890 1.00000000

-0.07235569 0.28759720 0.95501450 0.00000000
-0.99365990 -0.10339990 -0.04414535 0.00000000
0.08605248 -0.95215360 0.29325530 0.00000000
-0.49877760 0.95124600 0.33762820 1.00000000

0.13965770 -0.87266590 0.46792100 0.00000000
-0.25114750 0.42588260 0.86922320 0.00000000
-0.95782100 -0.23891090 -0.15969000 0.00000000
-0.55217350 0.97711690 0.34870400 1.00000000

-0.03363606 -0.31907500 0.94713220 0.00000000
-0.42506860 0.86225290 0.27538460 0.00000000
-0.90453610 -0.39333330 -0.16463170 0.00000000
-0.54437090 0.96388550 0.32169920 1.00000000

0.16929930 -0.97191380 0.16346770 0.00000000
-0.09945935 0.14816690 0.98394830 0.00000000
-0.98053330 -0.18284020 -0.07158139 0.00000000
-0.52547790 0.98198310 0.35345720 1.00000000

0.01269701 -0.13432230 0.99085650 0.00000000
-0.33339940 0.93366250 0.13084120 0.00000000
-0.94270010 -0.33201210 -0.03292826 0.00000000
-0.52154230 0.97612020 0.31452130 1.00000000

0.07690610 -0.99689810 -0.01672936 0.00000000
-0.03286088 -0.01930435 0.99927350 0.00000000
-0.99649680 -0.07630043 -0.03424338 0.00000000
-0.49856790 0.98666950 0.35781300 1.00000000

0.13868520 -0.23199540 0.96277990 0.00000000
-0.25112830 0.93216020 0.26079140 0.00000000
-0.95796720 -0.27794910 0.07101598 0.00000000
-0.49730450 0.98741160 0.31939430 1.00000000

-0.08263463 -0.14541070 -0.98591440 0.00000000
0.14095240 -0.98105820 0.13288050 0.00000000
-0.98656170 -0.12798660 0.10156530 0.00000000
-0.45898320 0.98787710 0.36036890 1.00000000

-0.02770355 -0.48158260 -0.87596270 0.00000000
0.16102350 -0.86700500 0.47156520 0.00000000
-0.98656170 -0.12798660 0.10156530 0.00000000
-0.46436780 1.02535600 0.35529270 1.00000000

-0.93947370 0.31313590 -0.13905140 0.00000000
-0.15728930 -0.03362201 0.98698010 0.00000000
0.30438380 0.94911300 0.08083990 0.00000000
-0.44010960 0.89745750 0.36389640 1.00000000

-0.48426200 0.15558570 0.86097820 0.00000000
0.36809470 -0.85650300 0.36181380 0.00000000
0.79372340 0.49213420 0.35750160 0.00000000
-0.43491210 0.89856920 0.33128520 1.00000000

-0.18438930 -0.19512580 -0.96328940 0.00000000
0.53529380 -0.84191810 0.06807663 0.00000000
-0.82429440 -0.50309030 0.25969030 0.00000000
-0.46411100 0.81285230 0.39905450 1.00000000

0.98874890 0.05336037 -0.13974330 0.00000000
-0.13743290 0.69289130 -0.70782330 0.00000000
0.05905733 0.71906500 0.69242890 0.00000000
-0.22030740 0.83377310 0.23400810 1.00000000

0.94579890 0.10016010 0.30892210 0.00000000
0.29591460 -0.65768420 -0.69273840 0.00000000
0.13378820 0.74660560 -0.65167570 0.00000000
0.09331015 0.36311340 -0.13928670 1.00000000

0.94579890 0.10016010 0.30892210 0.00000000
-0.11402970 -0.78825800 0.60468750 0.00000000
0.30407560 -0.60713900 -0.73411220 0.00000000
0.15841140 0.21842290 -0.29168920 1.00000000

0.96592610 -0.00000010 0.25881910 0.00000000
-0.00000005 -1.00000000 0.00000001 0.00000000
0.25881890 -0.00000011 -0.96592610 0.00000000
0.13926310 0.07255095 -0.18576920 1.00000000

0.96592610 -0.00000010 0.25881910 0.00000000
-0.00000005 -1.00000000 0.00000001 0.00000000
0.25881890 -0.00000011 -0.96592610 0.00000000
0.16086580 0.02705100 -0.25673260 1.00000000

-0.29545500 -0.44038410 -0.84780200 0.00000000
0.55514490 0.64307860 -0.52750750 0.00000000
0.77750920 -0.62650770 0.05447611 0.00000000
-0.08103497 0.37659460 0.10052070 1.00000000

-0.29545520 -0.44038430 -0.84780190 0.00000000
-0.21645770 0.89519910 -0.38956990 0.00000000
0.93051180 0.06841271 -0.35981590 0.00000000
-0.20316690 0.23511730 0.21657230 1.00000000

0.04834962 0.00000006 -0.99883060 0.00000000
0.00000008 1.00000000 0.00000004 0.00000000
0.99883060 -0.00000012 0.04834962 0.00000000
-0.16857960 0.07255113 0.28896260 1.00000000

0.04834962 0.00000006 -0.99883060 0.00000000
0.00000008 1.00000000 0.00000004 0.00000000
0.99883060 -0.00000012 0.04834962 0.00000000
-0.24275040 0.02705109 0.28787540 1.00000000

1.00000000 0.00000000 0.00000000 0.00000000
0.00000000 1.00000000 0.00000000 0.00000000
0.00000000 0.00000000 1.00000000 0.00000000
0.00000000 0.00000000 0.00000000 1.00000000

1.00000000 0.00000000 0.00000000 0.00000000
0.00000000 1.00000000 0.00000000 0.00000000
0.00000000 0.00000000 1.00000000 0.00000000
0.00000000 0.00000000 0.00000000 1.00000000

1.00000000 0.00000000 0.00000000 0.00000000
0.00000000 1.00000000 0.00000000 0.00000000
0.00000000 0.00000000 1.00000000 0.00000000
0.00000000 0.00000000 0.00000000 1.00000000

0.92607330 0.13673650 -0.35169780 0.00000000
-0.08200353 0.98268810 0.16613140 0.00000000
0.36832550 -0.12500940 0.92125400 0.00000000
0.00245041 0.93684910 -0.19744940 1.00000000

0.88641350 0.26127330 -0.38210920 0.00000000
-0.27553240 0.96112320 0.01800575 0.00000000
0.37195840 0.08932292 0.92394180 0.00000000
-0.01158969 1.01621700 -0.18457200 1.00000000

0.65935980 0.21686850 -0.71986990 0.00000000
-0.31566390 0.94886550 -0.00327441 0.00000000
0.68234960 0.22939600 0.69410130 0.00000000
-0.03446650 1.12090200 -0.18555790 1.00000000

0.74946400 0.37640900 -0.54462830 0.00000000
-0.66200450 0.41696660 -0.62280730 0.00000000
-0.00733843 0.82731810 0.56168590 0.00000000
-0.07321083 1.20585300 -0.18960710 1.00000000

0.74990080 0.37324220 -0.54620420 0.00000000
-0.66033260 0.37223510 -0.65222850 0.00000000
-0.04012282 0.84978320 0.52560340 0.00000000
-0.19690150 1.28992100 -0.30171570 1.00000000

0.73188120 0.30954040 -0.60707060 0.00000000
-0.63480570 -0.01416690 -0.77254210 0.00000000
-0.24773330 0.95078090 0.18612950 0.00000000
-0.23925410 1.32968300 -0.33511030 1.00000000

0.73188120 0.30954040 -0.60707060 0.00000000
-0.58985960 -0.15828580 -0.79184040 0.00000000
-0.34119720 0.93761960 0.06673906 0.00000000
-0.28579100 1.28055500 -0.41626480 1.00000000

0.97590270 0.21809550 -0.00694987 0.00000000
-0.02124932 0.06328792 -0.99776920 0.00000000
-0.21716900 0.97387330 0.06639716 0.00000000
-0.25580490 1.16559000 -0.37151230 1.00000000

0.75794640 0.31641780 -0.57043560 0.00000000
-0.52378550 -0.22600150 -0.82132360 0.00000000
-0.38880070 0.92130540 -0.00556199 0.00000000
-0.23402930 1.16559800 -0.41247660 1.00000000

0.17000340 0.27448150 -0.94644530 0.00000000
0.91424260 0.31450900 0.25543080 0.00000000
0.36777660 -0.90870480 -0.19747520 0.00000000
-0.19512250 1.18992200 -0.41852660 1.00000000

0.94374930 0.28025510 -0.17548310 0.00000000
0.17234970 0.03599249 0.98437820 0.00000000
0.28219320 -0.95925070 -0.01433409 0.00000000
-0.19642010 1.20915300 -0.44818100 1.00000000

0.77876890 0.30970910 -0.54552640 0.00000000
-0.52416420 -0.15648920 -0.83711610 0.00000000
-0.34463160 0.93786550 0.04046946 0.00000000
-0.24827990 1.16494800 -0.42998860 1.00000000

0.74048200 0.36104380 -0.56686300 0.00000000
0.05271231 0.80965290 0.58453740 0.00000000
0.67000580 -0.46272010 0.58050180 0.00000000
-0.26785790 1.24473500 -0.50698640 1.00000000

0.89984570 0.29700430 -0.31947790 0.00000000
0.31022020 0.07916186 0.94736300 0.00000000
0.30666140 -0.95158910 -0.02090324 0.00000000
-0.29347050 1.18506600 -0.47948350 1.00000000

0.28877010 0.38967890 -0.87450680 0.00000000
0.91895830 0.14341320 0.36735310 0.00000000
0.26856560 -0.90971600 -0.31668530 0.00000000
-0.22330460 1.18455300 -0.44906140 1.00000000

0.73188120 0.30954040 -0.60707060 0.00000000
0.58174790 0.18009400 0.79318070 0.00000000
0.35485120 -0.93367620 -0.04826702 0.00000000
-0.27095320 1.24092300 -0.55693720 1.00000000

0.73188120 0.30954040 -0.60707060 0.00000000
-0.58174790 -0.18009410 -0.79318070 0.00000000
-0.35485130 0.93367620 0.04826700 0.00000000
-0.26544190 1.15672500 -0.45487170 1.00000000

0.37358480 0.27100760 -0.88712410 0.00000000
-0.83685880 -0.31406850 -0.44836220 0.00000000
-0.40012720 0.90989890 0.10946390 0.00000000
-0.29366310 1.17065700 -0.37413820 1.00000000

0.73188120 0.30954040 -0.60707060 0.00000000
0.12570750 -0.93691460 -0.32617280 0.00000000
-0.66973700 0.16240640 -0.72462170 0.00000000
-0.34828150 1.21068100 -0.43358460 1.00000000

0.99219470 0.12444820 -0.00790808 0.00000000
-0.03123564 0.18663650 -0.98193230 0.00000000
-0.12072380 0.97451500 0.18906690 0.00000000
-0.28282670 1.16207600 -0.41011880 1.00000000

0.72073510 0.34522640 -0.60113200 0.00000000
0.62095990 0.06394291 0.78122990 0.00000000
0.30813940 -0.93633880 -0.16828580 0.00000000
-0.26728920 1.25291700 -0.50169770 1.00000000

0.77035190 0.63757410 -0.00758112 0.00000000
-0.59818420 0.71854040 -0.35478990 0.00000000
-0.22075720 0.27784800 0.93491550 0.00000000
-0.35050400 1.21772300 -0.43267380 1.00000000

0.73188120 0.30954040 -0.60707060 0.00000000
0.58174790 0.18009400 0.79318070 0.00000000
0.35485120 -0.93367620 -0.04826702 0.00000000
-0.25499510 1.19141400 -0.46623200 1.00000000

0.73188120 0.30954040 -0.60707060 0.00000000
-0.58174790 -0.18009410 -0.79318070 0.00000000
-0.35485130 0.93367620 0.04826700 0.00000000
-0.29226750 1.17575800 -0.43586510 1.00000000

0.73188120 0.30954040 -0.60707060 0.00000000
0.54560270 0.26753920 0.79419180 0.00000000
0.40824960 -0.91247340 0.02692086 0.00000000
-0.20719340 1.22605000 -0.49177060 1.00000000

0.73188120 0.30954040 -0.60707060 0.00000000
-0.53929160 -0.28147090 -0.79368690 0.00000000
-0.41655080 0.90827260 -0.03907073 0.00000000
-0.33416560 1.17198500 -0.38747270 1.00000000

0.73188120 0.30954040 -0.60707060 0.00000000
-0.58174790 -0.18009410 -0.79318070 0.00000000
-0.35485130 0.93367620 0.04826700 0.00000000
-0.29411790 1.19072500 -0.47210680 1.00000000

0.73188120 0.30954040 -0.60707060 0.00000000
-0.58174790 -0.18009410 -0.79318070 0.00000000
-0.35485130 0.93367620 0.04826700 0.00000000
-0.39402600 1.18943100 -0.45486290 1.00000000

0.50631140 0.29084960 -0.81182230 0.00000000
-0.77000110 -0.27137660 -0.57745410 0.00000000
-0.38826190 0.91747560 0.08655346 0.00000000
-0.29815450 1.18308500 -0.47559830 1.00000000

0.73188120 0.30954040 -0.60707060 0.00000000
-0.63480570 -0.01416690 -0.77254210 0.00000000
-0.24773330 0.95078090 0.18612950 0.00000000
-0.34170760 1.17758600 -0.42974750 1.00000000

-0.54615090 0.38587330 -0.74351970 0.00000000
0.82881500 0.12007560 -0.54648690 0.00000000
-0.12159610 -0.91470460 -0.38539690 0.00000000
-0.14057250 1.28219100 -0.29338540 1.00000000

-0.14902540 0.73168020 -0.66515850 0.00000000
0.26801270 -0.61760360 -0.73941580 0.00000000
-0.95182010 -0.28846240 -0.10406120 0.00000000
0.10343060 1.31754200 -0.45427110 1.00000000

-0.14902630 0.73167640 -0.66516240 0.00000000
-0.69619880 -0.55532990 -0.45488100 0.00000000
-0.70221020 0.39529640 0.59215060 0.00000000
0.17686600 1.14831900 -0.65687140 1.00000000

0.06130978 0.68226960 -0.72852560 0.00000000
-0.85403550 -0.34191000 -0.39207340 0.00000000
-0.51658980 0.64622490 0.56171980 0.00000000
0.06199298 1.05668900 -0.73192670 1.00000000

0.15459970 -0.69164140 0.70550100 0.00000000
-0.50069420 0.56074480 0.65944790 0.00000000
-0.85170720 -0.45519060 -0.25960980 0.00000000
-0.01578373 0.99780330 -0.72801590 1.00000000

-0.32692140 0.55629280 -0.76397710 0.00000000
-0.62096140 -0.73584150 -0.27008380 0.00000000
-0.71241160 0.38610420 0.58599840 0.00000000
-0.01681728 0.97764160 -0.78916850 1.00000000

-0.29950410 0.58788320 -0.75145930 0.00000000
-0.63464010 -0.71085720 -0.30317490 0.00000000
-0.71241160 0.38610440 0.58599840 0.00000000
-0.03610853 0.95478140 -0.79755910 1.00000000

-0.30531250 0.58173460 -0.75390290 0.00000000
-0.68662120 -0.68304710 -0.24899540 0.00000000
-0.65980020 0.44162450 0.60797380 0.00000000
-0.03087371 0.99661500 -0.77298000 1.00000000

-0.47953670 0.37545890 -0.79314280 0.00000000
-0.57854030 -0.81486150 -0.03595294 0.00000000
-0.65980020 0.44162450 0.60797370 0.00000000
-0.05804384 0.96958610 -0.78283290 1.00000000

-0.32664280 0.58374350 -0.74333590 0.00000000
-0.64347730 -0.71340390 -0.27747560 0.00000000
-0.69227320 0.38768470 0.60865370 0.00000000
-0.04504362 1.01476600 -0.75638300 1.00000000

-0.44941320 0.42829470 -0.78395920 0.00000000
-0.56461190 -0.81625060 -0.12226650 0.00000000
-0.69227310 0.38768460 0.60865360 0.00000000
-0.06978279 0.98733840 -0.76705100 1.00000000

-0.46010250 0.29266630 -0.83824380 0.00000000
-0.54784120 -0.83653840 0.00863269 0.00000000
-0.69869640 0.46319650 0.54522780 0.00000000
-0.06149248 1.02802600 -0.73157110 1.00000000

-0.51752880 0.19894830 -0.83221640 0.00000000
-0.49395180 -0.86363720 0.10071280 0.00000000
-0.69869630 0.46319680 0.54522770 0.00000000
-0.08242132 0.99606840 -0.73124130 1.00000000

-0.12685830 0.94846290 0.29038920 0.00000000
-0.39075810 -0.31686600 0.86423610 0.00000000
0.91171050 -0.00383632 0.41081680 0.00000000
-0.02385081 1.05539300 -0.70551940 1.00000000

-0.39117770 0.79849080 0.45759510 0.00000000
-0.49102720 -0.60161390 0.63004230 0.00000000
0.77837840 0.02176697 0.62741840 0.00000000
-0.03676202 1.04492300 -0.67696360 1.00000000

-0.08206603 0.69108900 -0.71809580 0.00000000
-0.69619880 -0.55532990 -0.45488100 0.00000000
-0.71314310 0.46260740 0.52670870 0.00000000
0.11072710 1.09556200 -0.70008500 1.00000000

-0.09600432 -0.46191370 -0.88171390 0.00000000
0.99509480 -0.06578813 -0.07388440 0.00000000
-0.02387792 -0.88448210 0.46596330 0.00000000
0.06696781 1.33307100 -0.49637150 1.00000000

0.75730160 -0.27982530 0.59007840 0.00000000
0.57113560 0.72195110 -0.39062890 0.00000000
-0.31669980 0.63283860 0.70655260 0.00000000
-0.19269030 1.25601600 -0.25551170 1.00000000

0.46232400 -0.67646430 0.57328250 0.00000000
0.12103430 0.68861870 0.71495120 0.00000000
-0.87841190 -0.26115220 0.40024010 0.00000000
-0.36083260 1.04347400 -0.14051100 1.00000000

0.46232240 -0.67645110 0.57329920 0.00000000
-0.61810080 0.21772150 0.75534680 0.00000000
-0.63577490 -0.70357040 -0.31745740 0.00000000
-0.39399620 0.85479320 -0.33640800 1.00000000

0.69404180 -0.44120390 0.56889850 0.00000000
-0.60250060 0.07659115 0.79443490 0.00000000
-0.39408030 -0.89413260 -0.21266830 0.00000000
-0.29200930 0.81886840 -0.46104030 1.00000000

-0.52248450 0.53430560 -0.66447600 0.00000000
-0.46626720 -0.83150550 -0.30198320 0.00000000
-0.71386620 0.15204200 0.68357740 0.00000000
-0.20590790 0.79513430 -0.50047850 1.00000000

-0.70568700 0.23954680 0.66680070 0.00000000
-0.55344360 0.40124470 -0.72986530 0.00000000
-0.44238700 -0.88409300 -0.15057770 0.00000000
-0.22254460 0.76171090 -0.54841630 1.00000000

-0.87585710 0.48091310 0.03996435 0.00000000
-0.03011674 0.02818083 -0.99914910 0.00000000
-0.48163000 -0.87631550 -0.01019903 0.00000000
-0.20535030 0.74924500 -0.52574100 1.00000000

-0.53609730 0.09293399 0.83902490 0.00000000
-0.68590310 0.53141960 -0.49712220 0.00000000
-0.49207380 -0.84199570 -0.22114900 0.00000000
-0.21134060 0.78648010 -0.54331840 1.00000000

-0.80703080 0.57534810 -0.13295230 0.00000000
0.16764900 0.00735410 -0.98581920 0.00000000
-0.56621150 -0.81787590 -0.10239160 0.00000000
-0.18419860 0.76545140 -0.52364700 1.00000000

-0.46974470 -0.07069453 0.87996720 0.00000000
-0.73542260 0.58275120 -0.34576710 0.00000000
-0.48835810 -0.80956990 -0.32573470 0.00000000
-0.19983280 0.81111140 -0.53783420 1.00000000

-0.77027390 0.63766610 0.00778145 0.00000000
0.10880360 0.14343420 -0.98366090 0.00000000
-0.62836310 -0.75684140 -0.17986420 0.00000000
-0.17155850 0.78870650 -0.52454070 1.00000000

0.49434380 -0.57795140 0.64930500 0.00000000
-0.63324920 0.27227470 0.72447360 0.00000000
-0.59549980 -0.76931080 -0.23139010 0.00000000
-0.18430710 0.84127380 -0.52539930 1.00000000

0.31884330 -0.47234590 0.82172290 0.00000000
-0.73010140 0.43044710 0.53072350 0.00000000
-0.60439320 -0.76915860 -0.20761530 0.00000000
-0.16011560 0.83087240 -0.55307600 1.00000000

0.12754520 -0.76037480 -0.63683790 0.00000000
-0.76556650 0.33274880 -0.55062370 0.00000000
0.63058750 0.55777100 -0.53967670 0.00000000
-0.22280340 0.84829910 -0.45818160 1.00000000

-0.54670010 -0.17441190 -0.81896250 0.00000000
-0.78486750 0.44749620 0.42863770 0.00000000
0.29172310 0.87711330 -0.38153650 0.00000000
-0.19750720 0.83730530 -0.43998840 1.00000000

0.55912870 -0.55365720 0.61712160 0.00000000
-0.61810080 0.21772150 0.75534680 0.00000000
-0.55256380 -0.80377950 -0.22048160 0.00000000
-0.33527650 0.83410930 -0.40816630 1.00000000

0.33670960 0.76444570 0.54977230 0.00000000
-0.24987820 0.63547290 -0.73057200 0.00000000
-0.90784790 0.10861460 0.40498790 0.00000000
-0.44263490 1.08604500 -0.22552420 1.00000000

0.78609620 -0.33380060 0.52022100 0.00000000
0.42799700 -0.31327190 -0.84774950 0.00000000
0.44594990 0.88906570 -0.10339620 0.00000000
0.14069300 0.91103680 -0.26541360 1.00000000

0.78609620 -0.33380060 0.52022100 0.00000000
-0.61731230 -0.46656770 0.63343510 0.00000000
0.03127734 -0.81907980 -0.57282630 0.00000000
0.23485230 0.84211710 -0.45191850 1.00000000

0.85414890 0.11238490 0.50773930 0.00000000
-0.29949890 -0.69186930 0.65697570 0.00000000
0.42512340 -0.71322250 -0.55730030 0.00000000
0.12314100 0.75348420 -0.33998510 1.00000000

0.85356830 0.11339020 0.50849150 0.00000000
-0.42401480 -0.41590720 0.80450770 0.00000000
0.30270850 -0.90231040 -0.30692610 0.00000000
0.14316630 0.66940930 -0.35013960 1.00000000

0.69812010 0.47757430 -0.53343330 0.00000000
0.21375260 0.57204080 0.79188320 0.00000000
0.68332880 -0.66685240 0.29727040 0.00000000
-0.13415830 0.87045480 -0.16103230 1.00000000

0.69811980 0.47757370 -0.53343430 0.00000000
-0.64073000 0.08422873 -0.76313210 0.00000000
-0.31952130 0.87454500 0.36479750 0.00000000
-0.18118380 0.74460590 -0.33524670 1.00000000

0.53578370 0.27303170 -0.79899280 0.00000000
-0.72194800 0.63885550 -0.26580990 0.00000000
0.43786640 0.71924780 0.53940310 0.00000000
-0.06348000 0.72498270 -0.19877270 1.00000000

0.53988440 0.28047610 -0.79363600 0.00000000
-0.69231990 0.68424020 -0.22914750 0.00000000
0.47876730 0.67316320 0.56358980 0.00000000
-0.06443290 0.64190950 -0.22467030 1.00000000

1.00000000 0.00000000 0.00000000 0.00000000
0.00000000 1.00000000 0.00000000 0.00000000
0.00000000 0.00000000 1.00000000 0.00000000
0.00000000 0.00000000 0.00000000 1.00000000

1.00000000 0.00000000 0.00000000 0.00000000
0.00000000 1.00000000 0.00000000 0.00000000
0.00000000 0.00000000 1.00000000 0.00000000
0.00000000 0.00000000 0.00000000 1.00000000

1.00000000 0.00000000 0.00000000 0.00000000
0.00000000 1.00000000 0.00000000 0.00000000
0.00000000 0.00000000 1.00000000 0.00000000
0.00000000 0.00000000 0.00000000 1.00000000

0.94781550 0.17787240 -0.26458840 0.00000000
-0.08616269 0.94192970 0.32456810 0.00000000
0.30695540 -0.28483300 0.90810160 0.00000000
0.00615407 1.33177400 -0.23977460 1.00000000

0.92218420 0.29002980 -0.25584960 0.00000000
-0.23473840 0.94549040 0.22571200 0.00000000
0.30736660 -0.14809030 0.93999740 0.00000000
-0.00777076 1.40666700 -0.21454150 1.00000000

0.74318280 0.37340210 -0.55520300 0.00000000
-0.24448080 0.92396050 0.29415340 0.00000000
0.62282300 -0.08287327 0.77796120 0.00000000
-0.02622195 1.50783200 -0.19186150 1.00000000

0.84762800 0.42627790 -0.31593320 0.00000000
-0.53058670 0.67862650 -0.50788170 0.00000000
-0.00209811 0.59812470 0.80140040 0.00000000
-0.05799282 1.59300800 -0.16992960 1.00000000

0.84878750 0.41735920 -0.32460870 0.00000000
-0.52851220 0.65193590 -0.54374130 0.00000000
-0.01531138 0.63308050 0.77393450 0.00000000
-0.15710070 1.72422800 -0.25877930 1.00000000

0.84426110 0.44512980 -0.29846720 0.00000000
-0.42796300 0.22472210 -0.87541280 0.00000000
-0.32260020 0.86681000 0.38022320 0.00000000
-0.19343360 1.77822900 -0.28221140 1.00000000

0.84426110 0.44512980 -0.29846720 0.00000000
-0.37873270 0.10150400 -0.91992310 0.00000000
-0.37918960 0.88969460 0.25428100 0.00000000
-0.21698320 1.75552500 -0.38268620 1.00000000

0.93890000 0.16962980 0.29948710 0.00000000
0.22519830 0.35527300 -0.90723040 0.00000000
-0.26029310 0.91924270 0.29536530 0.00000000
-0.19465290 1.63158500 -0.36763740 1.00000000

0.86060970 0.44005370 -0.25632720 0.00000000
-0.30526130 0.04287175 -0.95130310 0.00000000
-0.40763540 0.89694760 0.17122710 0.00000000
-0.16387290 1.64271800 -0.40069350 1.00000000

0.37170570 0.52944600 -0.76257570 0.00000000
0.82073450 0.19647360 0.53646340 0.00000000
0.43385460 -0.82527890 -0.36150420 0.00000000
-0.12538310 1.66622400 -0.38969880 1.00000000

0.94639340 0.28843470 0.14541230 0.00000000
-0.07249632 -0.24902090 0.96578130 0.00000000
0.31477560 -0.92455090 -0.21476120 0.00000000
-0.11992380 1.69332000 -0.41092470 1.00000000

0.87534760 0.42604600 -0.22858570 0.00000000
-0.29821880 0.10362770 -0.94885560 0.00000000
-0.38056840 0.89874700 0.21776510 0.00000000
-0.17294110 1.64747800 -0.41924460 1.00000000

0.84084580 0.48287830 -0.24455420 0.00000000
-0.12216660 0.60945880 0.78334870 0.00000000
0.52730800 -0.62879940 0.57145260 0.00000000
-0.17623820 1.74624300 -0.47262400 1.00000000

0.93801060 0.34655830 0.00579169 0.00000000
0.06842595 -0.20153380 0.97708850 0.00000000
0.33978540 -0.91612300 -0.21275450 0.00000000
-0.20537720 1.68207600 -0.47011850 1.00000000

0.47622420 0.61151840 -0.63186690 0.00000000
0.79640000 0.00467363 0.60475230 0.00000000
0.37277030 -0.79121660 -0.48478750 0.00000000
-0.14488400 1.67087300 -0.42535880 1.00000000

0.84426110 0.44512980 -0.29846720 0.00000000
0.36500510 -0.06979285 0.92838580 0.00000000
0.39242140 -0.89274200 -0.22139800 0.00000000
-0.16700350 1.75679800 -0.52081640 1.00000000

0.84426110 0.44512980 -0.29846720 0.00000000
-0.36500510 0.06979276 -0.92838580 0.00000000
-0.39242140 0.89274220 0.22139800 0.00000000
-0.18319220 1.64714400 -0.44874050 1.00000000

0.56617110 0.49862580 -0.65637090 0.00000000
-0.69049360 -0.14799980 -0.70803560 0.00000000
-0.45018770 0.85408930 0.26050470 0.00000000
-0.23060070 1.63856800 -0.37666970 1.00000000

0.84426110 0.44512980 -0.29846720 0.00000000
0.23763590 -0.81009720 -0.53597740 0.00000000
-0.48036700 0.38157840 -0.78971240 0.00000000
-0.27062880 1.69540100 -0.43362460 1.00000000

0.95894290 0.09018490 0.26887740 0.00000000
0.19995820 0.45731430 -0.86653340 0.00000000
-0.20110980 0.88472040 0.42050510 0.00000000
-0.21112840 1.64020300 -0.41000660 1.00000000

0.83061470 0.47801840 -0.28561760 0.00000000
0.41048000 -0.17901600 0.89412490 0.00000000
0.37627820 -0.85991380 -0.34491030 0.00000000
-0.17728820 1.75257600 -0.46527280 1.00000000

0.82354180 0.49687970 -0.27365910 0.00000000
-0.43433540 0.24202990 -0.86762580 0.00000000
-0.36487200 0.83338590 0.41513420 0.00000000
-0.27328070 1.70196500 -0.43133710 1.00000000

0.84426110 0.44512980 -0.29846720 0.00000000
0.36500510 -0.06979285 0.92838580 0.00000000
0.39242140 -0.89274200 -0.22139800 0.00000000
-0.17166570 1.68327400 -0.44695200 1.00000000

0.84426110 0.44512980 -0.29846720 0.00000000
-0.36500510 0.06979276 -0.92838580 0.00000000
-0.39242140 0.89274220 0.22139800 0.00000000
-0.21453960 1.66086700 -0.43224590 1.00000000

0.84426110 0.44512980 -0.29846720 0.00000000
0.32351480 0.02070854 0.94599640 0.00000000
0.42727210 -0.89522670 -0.12652260 0.00000000
-0.12049180 1.72190700 -0.44966200 1.00000000

0.84426110 0.44512980 -0.29846720 0.00000000
-0.31973500 -0.02860097 -0.94707530 0.00000000
-0.43010800 0.89500930 0.11817680 0.00000000
-0.26668240 1.64465100 -0.39884260 1.00000000

0.84426110 0.44512980 -0.29846720 0.00000000
-0.36500510 0.06979276 -0.92838580 0.00000000
-0.39242140 0.89274220 0.22139800 0.00000000
-0.20801230 1.68543800 -0.46183520 1.00000000

0.84426110 0.44512980 -0.29846720 0.00000000
-0.36500500 0.06979280 -0.92838590 0.00000000
-0.39242140 0.89274220 0.22139800 0.00000000
-0.30899350 1.68248400 -0.47047840 1.00000000

0.68967810 0.49038440 -0.53279190 0.00000000
-0.58193700 -0.06250887 -0.81082800 0.00000000
-0.43092180 0.86926170 0.24226170 0.00000000
-0.21078050 1.67922700 -0.46820830 1.00000000

0.84426110 0.44512980 -0.29846720 0.00000000
-0.42796300 0.22472210 -0.87541280 0.00000000
-0.32260020 0.86681000 0.38022320 0.00000000
-0.26388220 1.66237900 -0.43778200 1.00000000

-0.38047810 0.66276220 -0.64496760 0.00000000
0.92133250 0.21140260 -0.32627540 0.00000000
-0.07989512 -0.71837000 -0.69105820 0.00000000
-0.10337570 1.70676200 -0.24826000 1.00000000

-0.09092943 0.90457680 -0.41650080 0.00000000
0.41742600 -0.34509820 -0.84063230 0.00000000
-0.90415020 -0.25029640 -0.34621420 0.00000000
0.16786460 1.76899900 -0.34431550 1.00000000

-0.09092934 0.90457310 -0.41650890 0.00000000
-0.50481160 -0.40239150 -0.76370580 0.00000000
-0.85842740 0.14081540 0.49322810 0.00000000
0.28223920 1.67444200 -0.57464870 1.00000000

0.25356530 0.93110490 -0.26219930 0.00000000
-0.68193810 -0.02017666 -0.73113170 0.00000000
-0.68605080 0.36419330 0.62983980 0.00000000
0.19894500 1.60804700 -0.70066050 1.00000000

-0.04062495 -0.95317780 0.29967000 0.00000000
-0.69731900 0.24184760 0.67472680 0.00000000
-0.71560900 -0.18155490 -0.67449380 0.00000000
0.12587980 1.56340500 -0.74757100 1.00000000

-0.10075120 0.88126230 -0.46176360 0.00000000
-0.48225210 -0.44921400 -0.75209050 0.00000000
-0.87021980 0.14691250 0.47024950 0.00000000
0.14415770 1.57431900 -0.80834930 1.00000000

-0.07960425 0.90003130 -0.42849380 0.00000000
-0.48619040 -0.41031770 -0.77153000 0.00000000
-0.87021980 0.14691260 0.47024950 0.00000000
0.12917570 1.56036300 -0.83171430 1.00000000

-0.08416750 0.89643540 -0.43510860 0.00000000
-0.55313030 -0.40523690 -0.72789430 0.00000000
-0.82883230 0.17940690 0.52995340 0.00000000
0.12516490 1.58502600 -0.78979540 1.00000000

-0.23054160 0.75353590 -0.61565750 0.00000000
-0.50979210 -0.63245310 -0.58319420 0.00000000
-0.82883220 0.17940690 0.52995330 0.00000000
0.10327700 1.56899100 -0.81859880 1.00000000

-0.10775510 0.89570350 -0.43139790 0.00000000
-0.50229190 -0.42351840 -0.75388020 0.00000000
-0.85795810 0.13545340 0.49554070 0.00000000
0.10597090 1.59483500 -0.77132700 1.00000000

-0.20659800 0.79219330 -0.57423630 0.00000000
-0.47034610 -0.59504830 -0.65168390 0.00000000
-0.85795810 0.13545330 0.49554070 0.00000000
0.08665972 1.57855300 -0.80031070 1.00000000

-0.19530170 0.69968240 -0.68724210 0.00000000
-0.49324700 -0.67573920 -0.54779950 0.00000000
-0.84768210 0.23199400 0.47708920 0.00000000
0.08230150 1.59678500 -0.74901130 1.00000000

-0.24833180 0.62117220 -0.74328770 0.00000000
-0.46879300 -0.74854800 -0.46894510 0.00000000
-0.84768220 0.23199410 0.47708950 0.00000000
0.06345835 1.57097000 -0.76993850 1.00000000

-0.24398770 0.71145060 0.65902070 0.00000000
-0.62198560 -0.63618080 0.45651750 0.00000000
0.74404590 -0.29851650 0.59773210 0.00000000
0.10924560 1.60437900 -0.70361450 1.00000000

-0.54075440 0.53204070 0.65155040 0.00000000
-0.63599260 -0.76553910 0.09727921 0.00000000
0.55054380 -0.36177690 0.75234230 0.00000000
0.08869409 1.58335900 -0.68853030 1.00000000

-0.02554195 0.89128300 -0.45272760 0.00000000
-0.50481160 -0.40239150 -0.76370580 0.00000000
-0.86285170 0.20903570 0.46020780 0.00000000
0.23428210 1.63621500 -0.64720080 1.00000000

0.05612561 -0.13159220 -0.98971380 0.00000000
0.98791120 -0.13615070 0.07412598 0.00000000
-0.14450450 -0.98190960 0.12235980 0.00000000
0.14196800 1.79950300 -0.38226920 1.00000000

0.64461830 -0.55576970 0.52496420 0.00000000
0.72312060 0.66610930 -0.18274270 0.00000000
-0.24812060 0.49741170 0.83127470 0.00000000
-0.16231970 1.67711800 -0.22628980 1.00000000

0.36527280 -0.77433720 0.51669880 0.00000000
0.08195446 0.57964690 0.81073610 0.00000000
-0.92728590 -0.25379400 0.27518960 0.00000000
-0.37520640 1.48101600 -0.17249070 1.00000000

0.36527080 -0.77432650 0.51671630 0.00000000
-0.56919340 0.25344430 0.78216680 0.00000000
-0.73661140 -0.57981430 -0.34816570 0.00000000
-0.39766200 1.32219400 -0.39463260 1.00000000

0.68391250 -0.55425510 0.47441020 0.00000000
-0.52346690 0.08014627 0.84826830 0.00000000
-0.50817910 -0.82847930 -0.23532130 0.00000000
-0.30374500 1.28037500 -0.52369030 1.00000000

-0.51130840 0.63550530 -0.57853040 0.00000000
-0.57987920 -0.75196240 -0.31351670 0.00000000
-0.63427440 0.17517420 0.75300070 0.00000000
-0.22435430 1.25065100 -0.57212360 1.00000000

-0.46563180 0.08306002 0.88107230 0.00000000
-0.69023090 0.58900610 -0.42030180 0.00000000
-0.55386700 -0.80384890 -0.21692940 0.00000000
-0.24930590 1.22359100 -0.62132950 1.00000000

-0.75000440 0.43982480 0.49401230 0.00000000
-0.36421610 0.34883140 -0.86351790 0.00000000
-0.55212340 -0.82756910 -0.10143370 0.00000000
-0.22786190 1.20529200 -0.60827160 1.00000000

-0.30247720 -0.05195837 0.95173940 0.00000000
-0.72865650 0.65631000 -0.19574800 0.00000000
-0.61446530 -0.75270020 -0.23637870 0.00000000
-0.23508620 1.24676300 -0.61530440 1.00000000

-0.74668370 0.58547290 0.31572970 0.00000000
-0.16507480 0.29670780 -0.94059300 0.00000000
-0.64437090 -0.75444410 -0.12490010 0.00000000
-0.20625250 1.22079200 -0.60755840 1.00000000

-0.26281280 -0.17963970 0.94797630 0.00000000
-0.72002840 0.69052950 -0.06876327 0.00000000
-0.64225280 -0.70064160 -0.31082570 0.00000000
-0.22041860 1.26955300 -0.60894750 1.00000000

-0.67229060 0.60433850 0.42755180 0.00000000
-0.19991110 0.40788250 -0.89088020 0.00000000
-0.71278410 -0.68440260 -0.15340170 0.00000000
-0.19273610 1.24300400 -0.60630380 1.00000000

0.42150640 -0.56394710 0.71013810 0.00000000
-0.54631300 0.46712200 0.69522600 0.00000000
-0.72379180 -0.68099980 -0.11119690 0.00000000
-0.20164730 1.29364000 -0.59765270 1.00000000

0.34560400 -0.44798770 0.82453920 0.00000000
-0.58399960 0.58509770 0.56267680 0.00000000
-0.73450820 -0.67599390 -0.05941258 0.00000000
-0.18077690 1.27579500 -0.62421200 1.00000000

0.25729230 -0.60427880 -0.75408780 0.00000000
-0.77208700 0.34071790 -0.53646390 0.00000000
0.58110490 0.72024910 -0.37889140 0.00000000
-0.22690730 1.29814200 -0.53997220 1.00000000

-0.33045620 -0.31085120 -0.89116260 0.00000000
-0.87784450 0.44805170 0.16923030 0.00000000
0.34668150 0.83822540 -0.42094050 0.00000000
-0.20139580 1.28688500 -0.52224670 1.00000000

0.49339550 -0.65569280 0.57151380 0.00000000
-0.56919340 0.25344430 0.78216680 0.00000000
-0.65770800 -0.71121930 -0.24816770 0.00000000
-0.34358860 1.29811600 -0.46893880 1.00000000

0.42849520 0.53034650 0.73152180 0.00000000
-0.07092236 0.82685800 -0.55792100 0.00000000
-0.90075620 0.18718540 0.39191810 0.00000000
-0.40370500 1.51324800 -0.20750530 1.00000000

0.84641170 -0.46171890 0.26533510 0.00000000
0.19323440 -0.19800400 -0.96096590 0.00000000
0.49623330 0.86464460 -0.07837285 0.00000000
0.14834230 1.31537500 -0.30230450 1.00000000

0.84641170 -0.46171890 0.26533510 0.00000000
-0.52549970 -0.64348950 0.55657130 0.00000000
-0.08623902 -0.61052210 -0.78729040 0.00000000
0.19085390 1.27181400 -0.51371710 1.00000000

0.92797630 0.00381729 0.37261970 0.00000000
-0.14361630 -0.91903640 0.36707880 0.00000000
0.34385210 -0.39415480 -0.85229590 0.00000000
0.09519473 1.15216000 -0.41678160 1.00000000

0.92750380 0.00438762 0.37378810 0.00000000
-0.25002440 -0.73606690 0.62904180 0.00000000
0.27789290 -0.67689480 -0.68160790 0.00000000
0.11647210 1.08113200 -0.46233430 1.00000000

0.53324410 0.73920080 -0.41137930 0.00000000
0.19168910 0.36805680 0.90982940 0.00000000
