MeshAnim
1
35
79
30
0.74514990 -0.01128481 -0.66680160 0.00000000
-0.09460116 0.98795740 -0.12243670 0.00000000
0.66015330 0.15431390 0.73510880 0.00000000
0.01237277 0.87907830 0.01275961 1.00000000

0.97237280 0.19761930 0.12424900 0.00000000
0.22566340 -0.93197290 -0.28372940 0.00000000
0.05972621 0.30392920 -0.95082060 0.00000000
0.11051170 0.84605120 -0.07575748 1.00000000

0.97237280 0.19761930 0.12424900 0.00000000
0.16837430 -0.96242430 0.21304840 0.00000000
0.16168260 -0.18624220 -0.96910920 0.00000000
0.20988360 0.43565290 -0.20069900 1.00000000

0.99132820 0.06231827 -0.11569320 0.00000000
0.06203505 -0.99805570 -0.00605073 0.00000000
-0.11584530 -0.00117876 -0.99326660 0.00000000
0.26358850 0.12867640 -0.13274460 1.00000000

0.99116870 0.06228927 -0.11706690 0.00000000
0.06660183 -0.99722420 0.03329109 0.00000000
-0.11466850 -0.04079394 -0.99256600 0.00000000
0.25417890 0.02452719 -0.26947170 1.00000000

0.54133100 -0.27185060 -0.79564940 0.00000000
0.22635170 0.95847240 -0.17348110 0.00000000
0.80976890 -0.08618589 0.58038470 0.00000000
-0.08698896 0.84904170 0.10097710 1.00000000

0.54133010 -0.27185440 -0.79564870 0.00000000
-0.05904131 0.93166210 -0.35849660 0.00000000
0.83873470 0.24104110 0.48828610 0.00000000
-0.18666370 0.42697500 0.17737020 1.00000000

0.44429870 -0.10249550 -0.88999620 0.00000000
0.05992606 0.99460910 -0.08462720 0.00000000
0.89387230 -0.01573418 0.44804560 0.00000000
-0.16783200 0.12981010 0.29171720 1.00000000

0.43528000 -0.10270190 -0.89441810 0.00000000
-0.03788710 0.99050220 -0.13217310 0.00000000
0.89949760 0.09141925 0.42725480 0.00000000
-0.29655320 0.02833742 0.23914330 1.00000000

0.71430720 -0.02373819 -0.69942960 0.00000000
0.02733584 0.99960830 -0.00600876 0.00000000
0.69929830 -0.01482739 0.71467630 0.00000000
-0.00168089 1.01359500 -0.00522800 1.00000000

0.72328290 -0.06754136 -0.68724090 0.00000000
0.01996863 0.99683480 -0.07695208 0.00000000
0.69026310 0.04193489 0.72234220 0.00000000
0.00145057 1.18588300 -0.00784021 1.00000000

0.69231720 -0.21414840 -0.68908450 0.00000000
-0.23627540 0.83503060 -0.49688830 0.00000000
0.68181440 0.50681810 0.52750800 0.00000000
0.01272546 1.37335900 -0.01439883 1.00000000

0.07558837 0.99312050 -0.08943351 0.00000000
0.76080880 -0.11541740 -0.63863070 0.00000000
-0.64455940 -0.01976878 -0.76429880 0.00000000
0.04018076 1.44508800 -0.10095770 1.00000000

0.93133750 0.32020690 0.17343130 0.00000000
0.30007360 -0.40499180 -0.86367700 0.00000000
-0.20631730 0.85641680 -0.47326950 0.00000000
0.21052540 1.41924600 -0.24394670 1.00000000

0.93102710 0.32143630 0.17282240 0.00000000
-0.18747370 0.82753290 -0.52919120 0.00000000
-0.31311720 0.46029170 0.83071630 0.00000000
0.30023690 1.29816900 -0.50215440 1.00000000

0.89974890 0.43628270 -0.01045805 0.00000000
-0.40152310 0.81819960 -0.41149600 0.00000000
-0.17097170 0.37444230 0.91135170 0.00000000
0.25314840 1.50602300 -0.63507360 1.00000000

-0.81635620 -0.57173350 0.08175468 0.00000000
-0.17097170 0.37444240 0.91135170 0.00000000
-0.55166280 0.73000970 -0.40342840 0.00000000
0.14778570 1.59706200 -0.64286710 1.00000000

-0.36743290 0.90039500 -0.23298560 0.00000000
-0.91772130 -0.39165570 -0.06628716 0.00000000
-0.15093480 0.18945980 0.97021850 0.00000000
0.18262020 1.64095600 -0.62813330 1.00000000

-0.64623230 -0.76138950 0.05167133 0.00000000
0.74790470 -0.61841470 0.24125180 0.00000000
-0.15173210 0.19455000 0.96908630 0.00000000
0.13217650 1.61942900 -0.63177690 1.00000000

-0.44182050 0.79754380 -0.41075400 0.00000000
-0.88099170 -0.47212040 0.03092703 0.00000000
-0.16925960 0.37553510 0.91122160 0.00000000
0.19109360 1.62639300 -0.66964470 1.00000000

-0.52533420 -0.81539340 0.24322400 0.00000000
0.83399150 -0.43671900 0.33724660 0.00000000
-0.16876800 0.38001390 0.90945430 0.00000000
0.14135880 1.59877000 -0.66745860 1.00000000

-0.63732760 0.56333420 -0.52580330 0.00000000
-0.72266810 -0.67381200 0.15404040 0.00000000
-0.26751620 0.47815540 0.83654230 0.00000000
0.19450250 1.60792900 -0.70828250 1.00000000

-0.49383230 -0.81353030 0.30708040 0.00000000
0.82738470 -0.33096250 0.45376110 0.00000000
-0.26751610 0.47815540 0.83654240 0.00000000
0.15543140 1.57150000 -0.69995450 1.00000000

-0.77357970 0.37568400 -0.51032980 0.00000000
-0.59033380 -0.72001490 0.36480770 0.00000000
-0.23039250 0.58347280 0.77876770 0.00000000
0.19697490 1.59107000 -0.73960270 1.00000000

-0.13125040 -0.80821750 0.57407150 0.00000000
0.96344550 0.03243304 0.26593510 0.00000000
-0.23355220 0.58799070 0.77441660 0.00000000
0.16823940 1.55498900 -0.72103800 1.00000000

0.15311380 0.58247720 0.79829630 0.00000000
-0.89342330 0.42682010 -0.14007030 0.00000000
-0.42231660 -0.69176950 0.58575060 0.00000000
0.18614930 1.57423700 -0.58555290 1.00000000

-0.89693660 0.43268050 0.09106418 0.00000000
-0.28504610 -0.40838680 -0.86716160 0.00000000
-0.33801440 -0.80374620 0.48963080 0.00000000
0.13321850 1.60066100 -0.59250820 1.00000000

0.94904150 0.29153950 0.11968910 0.00000000
-0.18747370 0.82753290 -0.52919120 0.00000000
-0.25332670 0.47978580 0.84001870 0.00000000
0.27874540 1.39303500 -0.56281990 1.00000000

0.00727995 0.90984170 -0.41489240 0.00000000
0.29824950 -0.39799480 -0.86755270 0.00000000
-0.95446050 -0.11742560 -0.27425720 0.00000000
0.21052540 1.41924600 -0.24394680 1.00000000

0.44071990 0.86183660 -0.25100600 0.00000000
0.30007360 -0.40499180 -0.86367700 0.00000000
-0.84600370 0.30531930 -0.43710230 0.00000000
0.26753930 1.34229800 -0.40804530 1.00000000

0.43436120 0.64363920 -0.63012620 0.00000000
0.50447740 -0.75338700 -0.42179490 0.00000000
-0.74621260 -0.13467310 -0.65194340 0.00000000
0.22919480 1.46925200 -0.27312710 1.00000000

0.96642990 0.05501097 -0.25097200 0.00000000
-0.21463930 0.70975890 -0.67094870 0.00000000
0.14122010 0.70229350 0.69773970 0.00000000
-0.03091084 1.52349200 -0.10489720 1.00000000

0.99661490 0.04052965 -0.07152626 0.00000000
-0.05424114 0.97796110 -0.20161910 0.00000000
0.06177834 0.20481620 0.97684880 0.00000000
-0.05693342 1.60954300 -0.18624210 1.00000000

0.99661490 0.04052965 -0.07152626 0.00000000
-0.05424114 0.97796110 -0.20161910 0.00000000
0.06177834 0.20481620 0.97684880 0.00000000
-0.06726661 1.63879300 -0.31364540 1.00000000

0.96142790 -0.27503970 -0.00313547 0.00000000
-0.25697120 -0.90221680 0.34636860 0.00000000
-0.09809390 -0.33220260 -0.93809370 0.00000000
-0.01341351 1.63625800 -0.29327730 1.00000000

0.95074220 0.28579250 -0.12004950 0.00000000
-0.30865090 0.90864460 -0.28124690 0.00000000
0.02870414 0.30444680 0.95209690 0.00000000
-0.11838920 1.63002200 -0.28439400 1.00000000

0.99661490 0.04052963 -0.07152632 0.00000000
0.05424114 -0.97796110 0.20161910 0.00000000
-0.06177840 -0.20481620 -0.97684880 0.00000000
-0.02874994 1.65492500 -0.28722370 1.00000000

0.99661490 0.04052965 -0.07152626 0.00000000
-0.05424114 0.97796110 -0.20161910 0.00000000
0.06177834 0.20481620 0.97684880 0.00000000
-0.10279880 1.65191300 -0.28190900 1.00000000

0.96803010 0.18191320 -0.17270030 0.00000000
0.21362250 -0.95875170 0.18751190 0.00000000
-0.13146600 -0.21840970 -0.96696120 0.00000000
-0.05084745 1.65312100 -0.32438430 1.00000000

0.98332580 0.15522840 -0.09473479 0.00000000
-0.17103800 0.96641310 -0.19181140 0.00000000
0.06177834 0.20481620 0.97684880 0.00000000
-0.08275761 1.65338600 -0.32350200 1.00000000

0.99507450 0.04958724 0.08583638 0.00000000
0.05034832 -0.99870920 -0.00672169 0.00000000
0.08539239 0.01101037 -0.99628690 0.00000000
-0.00086109 1.67472200 -0.31208830 1.00000000

0.98502640 0.03443260 -0.16893020 0.00000000
-0.04711225 0.99631790 -0.07163280 0.00000000
0.16584170 0.07851878 0.98302160 0.00000000
-0.13561820 1.67026700 -0.30371110 1.00000000

0.98412130 0.15067020 -0.09382924 0.00000000
0.16653170 -0.96669360 0.19434680 0.00000000
-0.06142193 -0.20688620 -0.97643510 0.00000000
-0.02876930 1.65514900 -0.28736650 1.00000000

0.99636750 -0.07012899 -0.04830876 0.00000000
0.05607834 0.96725550 -0.24753200 0.00000000
0.06408602 0.24392380 0.96767470 0.00000000
-0.10280080 1.65190600 -0.28193990 1.00000000

0.99373650 0.10380950 -0.04136693 0.00000000
-0.10954940 0.97804900 -0.17725490 0.00000000
0.02205843 0.18067630 0.98329530 0.00000000
-0.06013832 1.61807100 -0.22606540 1.00000000

0.94193670 0.33572860 -0.00641373 0.00000000
0.33576100 -0.94143360 0.03110377 0.00000000
0.00440425 -0.03145122 -0.99949560 0.00000000
-0.03518268 1.57318800 -0.32141310 1.00000000

0.99349880 0.10591070 -0.04174790 0.00000000
-0.10811850 0.99262960 -0.05474522 0.00000000
0.03564197 0.05890307 0.99762730 0.00000000
-0.06206201 1.58750700 -0.32829280 1.00000000

0.98073010 -0.13655070 -0.13972300 0.00000000
0.13052480 0.99010850 -0.05146204 0.00000000
0.14536820 0.03223298 0.98885230 0.00000000
-0.08908810 1.56923400 -0.31625480 1.00000000

0.99822420 -0.05749381 -0.01558664 0.00000000
-0.05073011 -0.95763940 0.28346670 0.00000000
-0.03122395 -0.28217260 -0.95885550 0.00000000
-0.01002353 1.57916500 -0.29294460 1.00000000

0.96041320 0.24649330 -0.12979810 0.00000000
-0.27266800 0.92723760 -0.25667620 0.00000000
0.05708483 0.28190700 0.95774210 0.00000000
-0.11839840 1.56996800 -0.28236320 1.00000000

0.99733570 0.07191282 0.01224035 0.00000000
0.06156974 -0.91983690 0.38743940 0.00000000
0.03912097 -0.38565350 -0.92181410 0.00000000
-0.03793582 1.59561900 -0.31380070 1.00000000

0.99455670 0.06966504 -0.07748243 0.00000000
-0.09411971 0.91968140 -0.38121890 0.00000000
0.04470149 0.38643660 0.92123200 0.00000000
-0.06430206 1.59691600 -0.31758710 1.00000000

0.98149600 0.09183577 -0.16802340 0.00000000
-0.15520920 0.89545460 -0.41721840 0.00000000
0.11214180 0.43557700 0.89313880 0.00000000
-0.09134788 1.59402800 -0.30887470 1.00000000

0.99659260 0.04093030 -0.07160890 0.00000000
0.06227650 -0.94265470 0.32790820 0.00000000
-0.05408102 -0.33125040 -0.94199190 0.00000000
-0.04748711 1.62185300 -0.31353000 1.00000000

0.99659260 0.04093030 -0.07160890 0.00000000
-0.06227649 0.94265470 -0.32790810 0.00000000
0.05408102 0.33125030 0.94199180 0.00000000
-0.06723340 1.61308000 -0.32775520 1.00000000

0.99659260 0.04093030 -0.07160890 0.00000000
-0.06227649 0.94265470 -0.32790810 0.00000000
0.05408102 0.33125030 0.94199180 0.00000000
-0.08544723 1.62010000 -0.31076200 1.00000000

0.99661490 0.04052965 -0.07152626 0.00000000
-0.05421554 0.97804560 -0.20121460 0.00000000
0.06180093 0.20441130 0.97693240 0.00000000
-0.06434551 1.70262000 -0.23677460 1.00000000

-0.05614973 -0.98468010 -0.16508230 0.00000000
0.84064970 0.04257849 -0.53990300 0.00000000
0.53866060 -0.16909180 0.82538020 0.00000000
-0.03559540 1.46884400 -0.03573363 1.00000000

0.67593190 -0.55768380 -0.48177280 0.00000000
0.73307180 0.44169680 0.51721360 0.00000000
-0.07564420 -0.70277510 0.70737910 0.00000000
-0.22381350 1.45932000 0.08514978 1.00000000

0.67580770 -0.55870520 -0.48076270 0.00000000
-0.19336210 -0.76379530 0.61581480 0.00000000
-0.71126320 -0.32321110 -0.62421110 0.00000000
-0.44297730 1.32726600 -0.06948209 1.00000000

0.77005340 -0.50995390 -0.38336030 0.00000000
-0.25396000 -0.79625730 0.54907050 0.00000000
-0.58525400 -0.32545540 -0.74266860 0.00000000
-0.39441080 1.51911100 -0.22415870 1.00000000

-0.71425500 0.64047520 0.28219100 0.00000000
-0.58525400 -0.32545540 -0.74266860 0.00000000
-0.38382020 -0.69560800 0.60729870 0.00000000
-0.29524630 1.60126000 -0.27771190 1.00000000

-0.29213570 -0.86867490 0.40007620 0.00000000
-0.77582000 0.45986970 0.43199940 0.00000000
-0.55924970 -0.18418460 -0.80827950 0.00000000
-0.31598850 1.64734400 -0.24936920 1.00000000

-0.68929330 0.67594220 0.26072460 0.00000000
0.48404180 0.69744290 -0.52846690 0.00000000
-0.53905330 -0.23806700 -0.80792670 0.00000000
-0.27334420 1.62206700 -0.27311490 1.00000000

-0.17192900 -0.86597920 0.46959650 0.00000000
-0.82039110 0.38975750 0.41838690 0.00000000
-0.54534290 -0.31331990 -0.77745210 0.00000000
-0.34303360 1.63505900 -0.28290650 1.00000000

-0.60853860 0.79277940 0.03437680 0.00000000
0.60082530 0.48862770 -0.63265470 0.00000000
-0.51835300 -0.36434040 -0.77367080 0.00000000
-0.29647730 1.61205700 -0.30624570 1.00000000

-0.26426990 -0.63095780 0.72942020 0.00000000
-0.69863240 0.64663390 0.30623140 0.00000000
-0.66488670 -0.42866870 -0.61169330 0.00000000
-0.36464540 1.61836200 -0.31606660 1.00000000

-0.57120220 0.81998600 -0.03675598 0.00000000
0.50801680 0.31800170 -0.80049620 0.00000000
-0.64470710 -0.47591790 -0.59820980 0.00000000
-0.32687350 1.58340200 -0.33262270 1.00000000

-0.33856800 -0.35827510 0.87006340 0.00000000
-0.60704850 0.78967060 0.08895004 0.00000000
-0.71893240 -0.49805500 -0.48484770 0.00000000
-0.38207630 1.60291900 -0.34306520 1.00000000

-0.36669800 0.82758960 -0.42500310 0.00000000
0.60238030 -0.13692900 -0.78637670 0.00000000
-0.70899260 -0.54437630 -0.44831230 0.00000000
-0.35214970 1.56338800 -0.34677830 1.00000000

-0.20777020 -0.54881070 -0.80971520 0.00000000
-0.86024730 -0.29151640 0.41832130 0.00000000
-0.46562460 0.78347000 -0.41154430 0.00000000
-0.30661200 1.57964700 -0.20929140 1.00000000

-0.82804600 -0.31078610 0.46663920 0.00000000
0.24607150 0.54640100 0.80055920 0.00000000
-0.50377460 0.77772620 -0.37596920 0.00000000
-0.25503050 1.59795600 -0.23279440 1.00000000

0.72780820 -0.53258120 -0.43203340 0.00000000
-0.19336210 -0.76379530 0.61581480 0.00000000
-0.65795640 -0.36465610 -0.65887740 0.00000000
-0.42080930 1.41482700 -0.14008190 1.00000000

0.42363370 -0.88166560 0.20784700 0.00000000
0.72580730 0.46767010 0.50446840 0.00000000
-0.54197650 -0.06285290 0.83804020 0.00000000
-0.22381360 1.45932000 0.08514974 1.00000000

0.49695730 -0.86702500 0.03607170 0.00000000
0.73307180 0.44169680 0.51721360 0.00000000
-0.46436980 -0.23058990 0.85509590 0.00000000
-0.36309580 1.37539700 -0.01312184 1.00000000

0.61450750 -0.72114030 -0.31990200 0.00000000
0.66646760 0.69151530 -0.27861730 0.00000000
0.42213920 -0.04199192 0.90555790 0.00000000
-0.27804380 1.52065400 0.11508680 1.00000000

0.99489180 -0.10094700 0.00000015 0.00000000
0.10094700 0.99489180 0.00000002 0.00000000
-0.00000009 0.00000000 1.00000000 0.00000000
-0.15097280 0.91820800 0.07701799 1.00000000

1.00000000 0.00000000 0.00000000 0.00000000
0.00000000 1.00000000 0.00000000 0.00000000
0.00000000 0.00000000 1.00000000 0.00000000
0.00000000 0.00000000 0.00000000 1.00000000

1.00000000 0.00000000 0.00000000 0.00000000
0.00000000 1.00000000 0.00000000 0.00000000
0.00000000 0.00000000 1.00000000 0.00000000
0.00000000 0.00000000 0.00000000 1.00000000

0.74411440 -0.01544448 -0.66787370 0.00000000
-0.08987556 0.98832980 -0.12299020 0.00000000
0.66197910 0.15154430 0.73404230 0.00000000
0.01071035 0.87910380 0.01753875 1.00000000

0.97218690 0.19965840 0.12243080 0.00000000
0.22732460 -0.93021610 -0.28813480 0.00000000
0.05635855 0.30795240 -0.94973110 0.00000000
0.10855540 0.84552870 -0.07109748 1.00000000

0.97218690 0.19965840 0.12243080 0.00000000
0.17195280 -0.96339680 0.20566760 0.00000000
0.15901270 -0.17889510 -0.97093340 0.00000000
0.20865880 0.43590410 -0.19797890 1.00000000

0.99131380 0.06383565 -0.11498830 0.00000000
0.06370451 -0.99795720 -0.00481910 0.00000000
-0.11506120 -0.00254811 -0.99335530 0.00000000
0.26350520 0.12861730 -0.13237880 1.00000000

0.99122830 0.06268923 -0.11634730 0.00000000
0.06713256 -0.99714170 0.03466865 0.00000000
-0.11384150 -0.04217527 -0.99260340 0.00000000
0.25437690 0.02429086 -0.26898970 1.00000000

0.54094110 -0.26478670 -0.79829250 0.00000000
0.22923090 0.95963230 -0.16296960 0.00000000
0.80921940 -0.09483630 0.57980190 0.00000000
-0.08867083 0.84962170 0.10592130 1.00000000

0.54094010 -0.26479060 -0.79829180 0.00000000
-0.06823637 0.93220240 -0.35544680 0.00000000
0.83828850 0.24674800 0.48619730 0.00000000
-0.18961350 0.42704430 0.17768560 1.00000000

0.44380510 -0.10226670 -0.89026890 0.00000000
0.06013238 0.99462620 -0.08427796 0.00000000
0.89410360 -0.01613096 0.44756980 0.00000000
-0.16784890 0.12970700 0.29105990 1.00000000

0.43453980 -0.10307360 -0.89473520 0.00000000
-0.03987558 0.99025390 -0.13344340 0.00000000
0.89976950 0.09366455 0.42619480 0.00000000
-0.29662330 0.02828705 0.23851480 1.00000000

0.71343980 -0.02825586 -0.70014680 0.00000000
0.02956789 0.99951060 -0.01020806 0.00000000
0.70009260 -0.01341903 0.71392610 0.00000000
-0.00270179 1.01367600 -0.00052255 1.00000000

0.72279200 -0.06990266 -0.68752120 0.00000000
0.02037020 0.99659370 -0.07991195 0.00000000
0.69076540 0.04375480 0.72175410 0.00000000
0.00081255 1.18594500 -0.00385671 1.00000000

0.69199980 -0.21444020 -0.68931260 0.00000000
-0.23786460 0.83380680 -0.49818330 0.00000000
0.68158400 0.50870580 0.52598630 0.00000000
0.01216825 1.37339400 -0.01097706 1.00000000

0.07466444 0.99291440 -0.09244626 0.00000000
0.75946840 -0.11669710 -0.63999190 0.00000000
-0.64624540 -0.02242539 -0.76280020 0.00000000
0.03944805 1.44500500 -0.09768954 1.00000000

0.93348560 0.31665730 0.16832490 0.00000000
0.29447400 -0.40895640 -0.86373600 0.00000000
-0.20467100 0.85585210 -0.47500210 0.00000000
0.20949260 1.41887700 -0.24098330 1.00000000

0.93317790 0.31788590 0.16771340 0.00000000
-0.18587260 0.82621710 -0.53180550 0.00000000
-0.30762110 0.46509580 0.83009370 0.00000000
0.29753020 1.29661400 -0.49920880 1.00000000

0.90054090 0.43462830 -0.01115966 0.00000000
-0.40081760 0.81999430 -0.40860090 0.00000000
-0.16843870 0.37243490 0.91264510 0.00000000
0.25084380 1.50413800 -0.63278450 1.00000000

-0.81725850 -0.57041570 0.08194283 0.00000000
-0.16843870 0.37243490 0.91264510 0.00000000
-0.55110570 0.73206440 -0.40045570 0.00000000
0.14563600 1.59539200 -0.64013390 1.00000000

-0.36621510 0.90167060 -0.22995090 0.00000000
-0.91858390 -0.38977210 -0.06543541 0.00000000
-0.14862960 0.18726580 0.97100010 0.00000000
0.18058220 1.63918400 -0.62535860 1.00000000

-0.64755080 -0.76031170 0.05103379 0.00000000
0.74722960 -0.62042250 0.23816860 0.00000000
-0.14941980 0.19236030 0.96988220 0.00000000
0.13009110 1.61776000 -0.62895520 1.00000000

-0.44115220 0.79941210 -0.40783060 0.00000000
-0.88180960 -0.47055270 0.03149933 0.00000000
-0.16672470 0.37352470 0.91251440 0.00000000
0.18894500 1.62471100 -0.66692380 1.00000000

-0.52636890 -0.81502930 0.24220420 0.00000000
0.83384910 -0.43913340 0.33445230 0.00000000
-0.16622830 0.37800700 0.91075740 0.00000000
0.13916300 1.59717600 -0.66470800 1.00000000

-0.63732780 0.56586160 -0.52308160 0.00000000
-0.72361660 -0.67285290 0.15377930 0.00000000
-0.26493920 0.47651840 0.83829470 0.00000000
0.19224170 1.60634000 -0.70561560 1.00000000

-0.49473540 -0.81338800 0.30600170 0.00000000
0.82767430 -0.33366220 0.45124860 0.00000000
-0.26493910 0.47651830 0.83829470 0.00000000
0.15311920 1.56996200 -0.69730140 1.00000000

-0.77389940 0.37842730 -0.50781170 0.00000000
-0.59094570 -0.71984020 0.36416130 0.00000000
-0.22773470 0.58191340 0.78071390 0.00000000
0.19461950 1.58955600 -0.73698320 1.00000000

-0.13160820 -0.80943290 0.57227460 0.00000000
0.96403690 0.02995678 0.26407520 0.00000000
-0.23089460 0.58644820 0.77638040 0.00000000
0.16585380 1.55348200 -0.71845280 1.00000000

0.15580750 0.58015230 0.79946710 0.00000000
-0.89290290 0.42884250 -0.13718250 0.00000000
-0.42243200 -0.69247220 0.58483650 0.00000000
0.18407220 1.57235000 -0.58295540 1.00000000

-0.89594070 0.43411970 0.09397274 0.00000000
-0.28755210 -0.40564100 -0.86762310 0.00000000
-0.33853280 -0.80436040 0.48826210 0.00000000
0.13117700 1.59889100 -0.58973680 1.00000000

0.95023440 0.28886650 0.11666710 0.00000000
-0.18587260 0.82621710 -0.53180550 0.00000000
-0.25001290 0.48365450 0.83879220 0.00000000
0.27622210 1.39133000 -0.56017390 1.00000000

0.00941387 0.90852050 -0.41773450 0.00000000
0.29266320 -0.40196360 -0.86762520 0.00000000
-0.95616950 -0.11408770 -0.26967490 0.00000000
0.20949260 1.41887700 -0.24098340 1.00000000

0.44336190 0.85912200 -0.25561610 0.00000000
0.29447400 -0.40895640 -0.86373600 0.00000000
-0.84659060 0.30767520 -0.43430480 0.00000000
0.26544260 1.34117500 -0.40509320 1.00000000

0.43248710 0.64214430 -0.63293410 0.00000000
0.50408630 -0.75422780 -0.42075860 0.00000000
-0.74756430 -0.13708070 -0.64988980 0.00000000
0.22832710 1.46885600 -0.27066430 1.00000000

0.96620370 0.05667292 -0.25147360 0.00000000
-0.21645220 0.70816370 -0.67205110 0.00000000
0.13999740 0.70377010 0.69649740 0.00000000
-0.03175480 1.52330400 -0.10170720 1.00000000

0.99656390 0.04078199 -0.07209370 0.00000000
-0.05469466 0.97764620 -0.20301840 0.00000000
0.06220272 0.20626390 0.97651740 0.00000000
-0.05799716 1.60916200 -0.18318580 1.00000000

0.99656390 0.04078199 -0.07209370 0.00000000
-0.05469466 0.97764620 -0.20301840 0.00000000
0.06220272 0.20626390 0.97651740 0.00000000
-0.06840578 1.63822200 -0.31062640 1.00000000

0.96152470 -0.27469980 -0.00322452 0.00000000
-0.25647100 -0.90180220 0.34781600 0.00000000
-0.09845272 -0.33360660 -0.93755770 0.00000000
-0.01454137 1.63573600 -0.29028200 1.00000000

0.95057850 0.28595730 -0.12095150 0.00000000
-0.30912010 0.90812260 -0.28241520 0.00000000
0.02908018 0.30584630 0.95163680 0.00000000
-0.11951030 1.62947500 -0.28133600 1.00000000

0.99656390 0.04078197 -0.07209378 0.00000000
0.05469466 -0.97764620 0.20301840 0.00000000
-0.06220275 -0.20626400 -0.97651730 0.00000000
-0.02988141 1.65440600 -0.28424780 1.00000000

0.99656390 0.04078199 -0.07209370 0.00000000
-0.05469466 0.97764620 -0.20301840 0.00000000
0.06220272 0.20626390 0.97651740 0.00000000
-0.10392650 1.65137500 -0.27889110 1.00000000

0.96787660 0.18200750 -0.17345940 0.00000000
0.21406200 -0.95840040 0.18880180 0.00000000
-0.13188030 -0.21986780 -0.96657430 0.00000000
-0.05199722 1.65254000 -0.32139450 1.00000000

0.98322170 0.15544200 -0.09546274 0.00000000
-0.17148230 0.96607080 -0.19313420 0.00000000
0.06220272 0.20626390 0.97651740 0.00000000
-0.08390702 1.65279600 -0.32049630 1.00000000

0.99510040 0.05006873 0.08525640 0.00000000
0.05070303 -0.99869980 -0.00528990 0.00000000
0.08488062 0.00958673 -0.99634540 0.00000000
-0.00201235 1.67417700 -0.30915560 1.00000000

0.98492790 0.03453865 -0.16948270 0.00000000
-0.04750609 0.99619540 -0.07306260 0.00000000
0.16631440 0.08001284 0.98282120 0.00000000
-0.13676350 1.66968600 -0.30070310 1.00000000

0.98401920 0.15088540 -0.09455121 0.00000000
0.16697750 -0.96634920 0.19567240 0.00000000
-0.06184533 -0.20833330 -0.97610070 0.00000000
-0.02990090 1.65463000 -0.28439100 1.00000000

0.99636790 -0.06984272 -0.04871458 0.00000000
0.05560526 0.96691320 -0.24897190 0.00000000
0.06449181 0.24535880 0.96728500 0.00000000
-0.10392850 1.65136900 -0.27892190 1.00000000

0.99367820 0.10410470 -0.04202539 0.00000000
-0.10999050 0.97774990 -0.17862610 0.00000000
0.02249452 0.18211920 0.98301920 0.00000000
-0.06122539 1.61763000 -0.22301980 1.00000000

0.94181310 0.33605610 -0.00738433 0.00000000
0.33611450 -0.94126700 0.03230627 0.00000000
0.00390613 -0.03290849 -0.99945080 0.00000000
-0.03630226 1.57261700 -0.31831470 1.00000000

0.99343940 0.10620530 -0.04240918 0.00000000
-0.10850240 0.99250970 -0.05613861 0.00000000
0.03612936 0.06037180 0.99752200 0.00000000
-0.06319018 1.58691600 -0.32520150 1.00000000

0.98070760 -0.13640340 -0.14002400 0.00000000
0.13014340 0.99007910 -0.05297349 0.00000000
0.14586060 0.03372826 0.98873010 0.00000000
-0.09020364 1.56865200 -0.31312320 1.00000000

0.99823680 -0.05715916 -0.01601192 0.00000000
-0.05024216 -0.95724280 0.28488980 0.00000000
-0.03161135 -0.28358300 -0.95842680 0.00000000
-0.01113079 1.57864500 -0.28986770 1.00000000

0.96025850 0.24664730 -0.13064770 0.00000000
-0.27313130 0.92676420 -0.25788990 0.00000000
0.05747190 0.28332490 0.95730040 0.00000000
-0.11949690 1.56942500 -0.27921760 1.00000000

0.99731610 0.07228764 0.01162666 0.00000000
0.06209716 -0.91924830 0.38874990 0.00000000
0.03878951 -0.38698450 -0.92127020 0.00000000
-0.03905954 1.59505800 -0.31073360 1.00000000

0.99449210 0.06990793 -0.07809144 0.00000000
-0.09464397 0.91909020 -0.38251270 0.00000000
0.04503238 0.38779670 0.92064430 0.00000000
-0.06542820 1.59634100 -0.31450840 1.00000000

0.98137720 0.09194177 -0.16865800 0.00000000
-0.15574300 0.89478900 -0.41844560 0.00000000
0.11244060 0.43692020 0.89244490 0.00000000
-0.09246856 1.59345500 -0.30577810 1.00000000

0.99654140 0.04118249 -0.07217690 0.00000000
0.06278173 -0.94215280 0.32925170 0.00000000
-0.05444238 -0.33264430 -0.94147970 0.00000000
-0.04862007 1.62128900 -0.31049640 1.00000000

0.99654140 0.04118249 -0.07217690 0.00000000
-0.06278174 0.94215280 -0.32925160 0.00000000
0.05444238 0.33264430 0.94147980 0.00000000
-0.06837049 1.61248800 -0.32469850 1.00000000

0.99654140 0.04118249 -0.07217690 0.00000000
-0.06278174 0.94215280 -0.32925160 0.00000000
0.05444238 0.33264430 0.94147980 0.00000000
-0.08657819 1.61952600 -0.30770640 1.00000000

0.99656390 0.04078199 -0.07209370 0.00000000
-0.05466890 0.97773150 -0.20261410 0.00000000
0.06222534 0.20585910 0.97660140 0.00000000
-0.06546836 1.70216300 -0.23385020 1.00000000

-0.05521345 -0.98494400 -0.16381990 0.00000000
0.84102820 0.04255528 -0.53931520 0.00000000
0.53816680 -0.16755480 0.82601600 0.00000000
-0.03630284 1.46877500 -0.03244107 1.00000000

0.67282110 -0.56362840 -0.47920260 0.00000000
0.73519400 0.43719070 0.51802930 0.00000000
-0.08247307 -0.70084780 0.70852720 0.00000000
-0.22460570 1.45925600 0.08831073 1.00000000

0.67268720 -0.56464690 -0.47819050 0.00000000
-0.18625800 -0.75467590 0.62910480 0.00000000
-0.71610080 -0.33412390 -0.61283050 0.00000000
-0.44440390 1.32854900 -0.06656496 1.00000000

0.77053960 -0.51098770 -0.38099920 0.00000000
-0.24336140 -0.78831680 0.56509460 0.00000000
-0.58910470 -0.34270730 -0.73178400 0.00000000
-0.39762190 1.51810400 -0.22457970 1.00000000

-0.71657430 0.64011440 0.27708330 0.00000000
-0.58910470 -0.34270740 -0.73178400 0.00000000
-0.37346710 -0.68760860 0.62266950 0.00000000
-0.29952910 1.60001900 -0.28041570 1.00000000

-0.28226160 -0.86361700 0.41772560 0.00000000
-0.77552060 0.46172520 0.43055560 0.00000000
-0.56470950 -0.20242550 -0.80007970 0.00000000
-0.32037180 1.64644200 -0.25270630 1.00000000

-0.69206030 0.67537980 0.25478490 0.00000000
0.47433800 0.69155800 -0.54474890 0.00000000
-0.54411080 -0.25614480 -0.79895780 0.00000000
-0.27774410 1.62106200 -0.27637260 1.00000000

-0.16149210 -0.85882460 0.48614900 0.00000000
-0.81968340 0.39106200 0.41855740 0.00000000
-0.54958180 -0.33089440 -0.76711740 0.00000000
-0.34760870 1.63337300 -0.28578900 1.00000000

-0.61410150 0.78880740 0.02573863 0.00000000
0.59178150 0.48180090 -0.64626820 0.00000000
-0.52218220 -0.38164280 -0.76267620 0.00000000
-0.30108270 1.61030400 -0.30912260 1.00000000

-0.25336780 -0.61995380 0.74260520 0.00000000
-0.70079430 0.64680820 0.30087660 0.00000000
-0.66685270 -0.44418110 -0.59834020 0.00000000
-0.36937670 1.61593900 -0.31846410 1.00000000

-0.57757390 0.81503130 -0.04617879 0.00000000
0.49882200 0.30758110 -0.81029070 0.00000000
-0.64620860 -0.49103770 -0.58420620 0.00000000
-0.33148790 1.58097000 -0.33473080 1.00000000

-0.32849380 -0.34539060 0.87908880 0.00000000
-0.61212500 0.78666890 0.08034310 0.00000000
-0.71930170 -0.51172000 -0.46983820 0.00000000
-0.38692080 1.59989800 -0.34503700 1.00000000

-0.37643650 0.81730210 -0.43624830 0.00000000
0.59668140 -0.14633190 -0.78902330 0.00000000
-0.70870800 -0.55731860 -0.43258440 0.00000000
-0.35673390 1.56052600 -0.34831540 1.00000000

-0.21055390 -0.56445060 -0.79816250 0.00000000
-0.85447300 -0.29038050 0.43076170 0.00000000
-0.47491440 0.77270650 -0.42116680 0.00000000
-0.31015240 1.57953000 -0.21153200 1.00000000

-0.82172000 -0.30856330 0.47913020 0.00000000
0.24879290 0.56215950 0.78872030 0.00000000
-0.51271740 0.76731100 -0.38516910 0.00000000
-0.25890990 1.59779800 -0.23579560 1.00000000

0.72638470 -0.53692700 -0.42903950 0.00000000
-0.18625800 -0.75467590 0.62910480 0.00000000
-0.66156910 -0.37706000 -0.64819180 0.00000000
-0.42305040 1.41506500 -0.13868840 1.00000000

0.41720070 -0.88433780 0.20950000 0.00000000
0.72813040 0.46320000 0.50524460 0.00000000
-0.54384730 -0.05824509 0.83716050 0.00000000
-0.22460580 1.45925600 0.08831070 1.00000000

0.49063200 -0.87052200 0.03836529 0.00000000
0.73519400 0.43719070 0.51802930 0.00000000
-0.46772890 -0.22595580 0.85450220 0.00000000
-0.36429120 1.37618900 -0.01011592 1.00000000

0.61534540 -0.72105730 -0.31847530 0.00000000
0.66611230 0.69169400 -0.27902330 0.00000000
0.42147920 -0.04044475 0.90593580 0.00000000
-0.27851370 1.52045000 0.11793490 1.00000000

0.99529400 -0.09690207 -0.00000104 0.00000000
0.09690209 0.99529390 -0.00000475 0.00000000
0.00000152 0.00000463 1.00000000 0.00000000
-0.15234540 0.91908810 0.08200663 1.00000000

1.00000000 0.00000000 0.00000000 0.00000000
0.00000000 1.00000000 0.00000000 0.00000000
0.00000000 0.00000000 1.00000000 0.00000000
0.00000000 0.00000000 0.00000000 1.00000000

1.00000000 0.00000000 0.00000000 0.00000000
0.00000000 1.00000000 0.00000000 0.00000000
0.00000000 0.00000000 1.00000000 0.00000000
0.00000000 0.00000000 0.00000000 1.00000000

0.74272550 -0.01987091 -0.66930120 0.00000000
-0.08416524 0.98886140 -0.12275680 0.00000000
0.66428540 0.14750650 0.73278020 0.00000000
0.00979770 0.87912100 0.02344909 1.00000000

0.97206970 0.20157720 0.12019660 0.00000000
0.22870900 -0.92853180 -0.29244010 0.00000000
0.05265698 0.31176220 -0.94870010 0.00000000
0.10726890 0.84496450 -0.06537678 1.00000000

0.97206970 0.20157720 0.12019660 0.00000000
0.17550290 -0.96437070 0.19796030 0.00000000
0.15581820 -0.17133640 -0.97281280 0.00000000
0.20798180 0.43608160 -0.19415400 1.00000000

0.99126140 0.06699952 -0.11363140 0.00000000
0.06715696 -0.99773950 -0.00244668 0.00000000
-0.11353860 -0.00520590 -0.99352000 0.00000000
0.26396050 0.12848410 -0.13101230 1.00000000

0.99125980 0.06433335 -0.11517550 0.00000000
0.06901306 -0.99692540 0.03711106 0.00000000
-0.11243410 -0.04473535 -0.99265170 0.00000000
0.25540060 0.02381623 -0.26739850 1.00000000

0.54068070 -0.25664800 -0.80112180 0.00000000
0.23275080 0.96078730 -0.15071400 0.00000000
0.80838820 -0.10497360 0.57921420 0.00000000
-0.08958928 0.85023080 0.11202030 1.00000000

0.54067960 -0.25665220 -0.80112120 0.00000000
-0.07734949 0.93312100 -0.35114400 0.00000000
0.83766500 0.25182270 0.48466760 0.00000000
-0.19208190 0.42714470 0.17838780 1.00000000

0.44274590 -0.10171820 -0.89085880 0.00000000
0.06063719 0.99466660 -0.08343500 0.00000000
0.89459440 -0.01707870 0.44655250 0.00000000
-0.16741060 0.12951440 0.29038960 1.00000000

0.43317100 -0.10304890 -0.89540150 0.00000000
-0.04135604 0.99012370 -0.13395710 0.00000000
0.90036250 0.09505656 0.42463120 0.00000000
-0.29630480 0.02822006 0.23789610 1.00000000

0.71200470 -0.03265922 -0.70141490 0.00000000
0.03139083 0.99939950 -0.01466921 0.00000000
0.70147280 -0.01157345 0.71260230 0.00000000
-0.00283941 1.01377300 0.00542181 1.00000000

0.72186810 -0.07227316 -0.68824640 0.00000000
0.02038906 0.99632100 -0.08323918 0.00000000
0.69173030 0.04605499 0.72068580 0.00000000
0.00098602 1.18601800 0.00132189 1.00000000

0.69143570 -0.21485090 -0.68975050 0.00000000
-0.23992750 0.83227160 -0.49975860 0.00000000
0.68143340 0.51104090 0.52391370 0.00000000
0.01235579 1.37344200 -0.00643433 1.00000000

0.07353412 0.99262350 -0.09639344 0.00000000
0.75866810 -0.11841370 -0.64062550 0.00000000
-0.64731430 -0.02602277 -0.76177920 0.00000000
0.03939957 1.44490100 -0.09334593 1.00000000

0.93418000 0.31622310 0.16526050 0.00000000
0.29233640 -0.41279520 -0.86263540 0.00000000
-0.20456670 0.85416820 -0.47806840 0.00000000
0.20926490 1.41838800 -0.23678160 1.00000000

0.93387270 0.31744970 0.16464460 0.00000000
-0.18579300 0.82409850 -0.53511020 0.00000000
-0.30555390 0.46913500 0.82858290 0.00000000
0.29666330 1.29497700 -0.49467790 1.00000000

0.90041210 0.43490410 -0.01079783 0.00000000
-0.40118240 0.82048380 -0.40725870 0.00000000
-0.16825910 0.37103270 0.91324930 0.00000000
0.24999690 1.50197000 -0.62908380 1.00000000

-0.81706840 -0.57077260 0.08135349 0.00000000
-0.16825920 0.37103260 0.91324920 0.00000000
-0.55144230 0.73249850 -0.39919640 0.00000000
0.14476070 1.59320400 -0.63626480 1.00000000

-0.36654710 0.90190480 -0.22849850 0.00000000
-0.91849210 -0.38993980 -0.06572500 0.00000000
-0.14837820 0.18578280 0.97132340 0.00000000
0.17969870 1.63698400 -0.62143550 1.00000000

-0.64731570 -0.76057330 0.05010951 0.00000000
0.74748310 -0.62055940 0.23701380 0.00000000
-0.14917020 0.19087880 0.97021320 0.00000000
0.12921290 1.61555100 -0.62504820 1.00000000

-0.44151070 0.79988860 -0.40650610 0.00000000
-0.88166400 -0.47085340 0.03107828 0.00000000
-0.16654530 0.37212310 0.91311940 0.00000000
0.18805250 1.62257500 -0.66302480 1.00000000

-0.52605810 -0.81553950 0.24116060 0.00000000
0.83408070 -0.43938810 0.33353900 0.00000000
-0.16605090 0.37660830 0.91136920 0.00000000
0.13827940 1.59502200 -0.66083410 1.00000000

-0.63765530 0.56645300 -0.52204190 0.00000000
-0.72337440 -0.67328910 0.15300860 0.00000000
-0.26481290 0.47519840 0.83908360 0.00000000
0.19134250 1.60426200 -0.70174470 1.00000000

-0.49440490 -0.81398370 0.30495040 0.00000000
0.82791230 -0.33409210 0.45049350 0.00000000
-0.26481290 0.47519830 0.83908370 0.00000000
0.15223310 1.56786100 -0.69347230 1.00000000

-0.77416830 0.37895650 -0.50700700 0.00000000
-0.59062380 -0.72055000 0.36327900 0.00000000
-0.22765690 0.58068950 0.78164730 0.00000000
0.19371540 1.58752500 -0.73313820 1.00000000

-0.13119520 -0.81031860 0.57111470 0.00000000
0.96411140 0.02984333 0.26381680 0.00000000
-0.23081950 0.58522970 0.77732180 0.00000000
0.16496600 1.55141500 -0.71465220 1.00000000

0.15589170 0.57901110 0.80027770 0.00000000
-0.89306950 0.42878770 -0.13626610 0.00000000
-0.42204870 -0.69346040 0.58394140 0.00000000
0.18322130 1.57008900 -0.57913260 1.00000000

-0.89603610 0.43372150 0.09489769 0.00000000
-0.28770800 -0.40443700 -0.86813320 0.00000000
-0.33814760 -0.80518130 0.48717500 0.00000000
0.13031650 1.59662400 -0.58585800 1.00000000

0.95033170 0.28910440 0.11527650 0.00000000
-0.18579300 0.82409850 -0.53511020 0.00000000
-0.24970190 0.48711470 0.83688040 0.00000000
0.27536450 1.38945000 -0.55602190 1.00000000

0.00968954 0.90681270 -0.42142300 0.00000000
0.29052640 -0.40581600 -0.86654950 0.00000000
-0.95681820 -0.11403800 -0.26738540 0.00000000
0.20926490 1.41838800 -0.23678160 1.00000000

0.44388820 0.85755310 -0.25993480 0.00000000
0.29233640 -0.41279520 -0.86263540 0.00000000
-0.84705550 0.30692520 -0.43392880 0.00000000
0.26480870 1.33995700 -0.40068230 1.00000000

0.43093470 0.64012230 -0.63603360 0.00000000
0.50424090 -0.75534620 -0.41856130 0.00000000
-0.74835600 -0.14034150 -0.64828070 0.00000000
0.22823780 1.46830800 -0.26695760 1.00000000

0.96594740 0.05925841 -0.25186150 0.00000000
-0.21890590 0.70610490 -0.67342130 0.00000000
0.13793490 0.70562340 0.69503220 0.00000000
-0.03193969 1.52307100 -0.09744611 1.00000000

0.99657370 0.04064510 -0.07203406 0.00000000
-0.05462519 0.97739730 -0.20423140 0.00000000
0.06210497 0.20746650 0.97626890 0.00000000
-0.05847954 1.60867900 -0.17909080 1.00000000

0.99657370 0.04064510 -0.07203406 0.00000000
-0.05462519 0.97739730 -0.20423140 0.00000000
0.06210497 0.20746650 0.97626890 0.00000000
-0.06887274 1.63758200 -0.30656840 1.00000000

0.96151180 -0.27474970 -0.00277919 0.00000000
-0.25655280 -0.90135960 0.34890080 0.00000000
-0.09836558 -0.33475930 -0.93715580 0.00000000
-0.01501066 1.63511900 -0.28621500 1.00000000

0.95060560 0.28576210 -0.12119960 0.00000000
-0.30904520 0.90778790 -0.28357040 0.00000000
0.02899003 0.30701970 0.95126160 0.00000000
-0.11998090 1.62887400 -0.27727290 1.00000000

0.99657370 0.04064509 -0.07203418 0.00000000
0.05462519 -0.97739730 0.20423140 0.00000000
-0.06210500 -0.20746650 -0.97626880 0.00000000
-0.03035049 1.65379700 -0.28020560 1.00000000

0.99657370 0.04064510 -0.07203406 0.00000000
-0.05462519 0.97739730 -0.20423140 0.00000000
0.06210497 0.20746650 0.97626890 0.00000000
-0.10439630 1.65077700 -0.27485320 1.00000000

0.96790440 0.18174670 -0.17357740 0.00000000
0.21399500 -0.95817690 0.19000860 0.00000000
-0.13178430 -0.22105490 -0.96631650 0.00000000
-0.05246228 1.65188600 -0.31735230 1.00000000

0.98323950 0.15527680 -0.09554613 0.00000000
-0.17141450 0.96583990 -0.19434580 0.00000000
0.06210497 0.20746650 0.97626890 0.00000000
-0.08437216 1.65214500 -0.31645800 1.00000000

0.99509330 0.05012618 0.08530432 0.00000000
0.05065553 -0.99870810 -0.00405122 0.00000000
0.08499098 0.00835243 -0.99634680 0.00000000
-0.00247774 1.67353600 -0.30513470 1.00000000

0.98494800 0.03428203 -0.16941660 0.00000000
-0.04745007 0.99610660 -0.07429782 0.00000000
0.16620990 0.08121832 0.98274000 0.00000000
-0.13723010 1.66906200 -0.29669150 1.00000000

0.98403680 0.15072130 -0.09462878 0.00000000
0.16690930 -0.96611480 0.19688380 0.00000000
-0.06174779 -0.20953540 -0.97584940 0.00000000
-0.03036997 1.65402100 -0.28034900 1.00000000

0.99636970 -0.06995068 -0.04851845 0.00000000
0.05567925 0.96660230 -0.25015950 0.00000000
0.06439695 0.24654990 0.96698820 0.00000000
-0.10439830 1.65077000 -0.27488400 1.00000000

0.99368780 0.10400500 -0.04204422 0.00000000
-0.10992380 0.97753380 -0.17984540 0.00000000
0.02239496 0.18333180 0.98279610 0.00000000
-0.06170299 1.61709900 -0.21893570 1.00000000

0.94183000 0.33600140 -0.00769532 0.00000000
0.33606560 -0.94124250 0.03350554 0.00000000
0.00401470 -0.03414273 -0.99940900 0.00000000
-0.03677151 1.57196600 -0.31417210 1.00000000

0.99344930 0.10610520 -0.04243067 0.00000000
-0.10844850 0.99244490 -0.05737601 0.00000000
0.03602222 0.06160173 0.99745060 0.00000000
-0.06365800 1.58625900 -0.32107960 1.00000000

0.98071650 -0.13662330 -0.13974730 0.00000000
0.13019700 0.99000670 -0.05418149 0.00000000
0.14575320 0.03494204 0.98870360 0.00000000
-0.09067366 1.56801000 -0.30898160 1.00000000

0.99823570 -0.05722682 -0.01583120 0.00000000
-0.05031965 -0.95688780 0.28606590 0.00000000
-0.03151938 -0.28476470 -0.95807930 0.00000000
-0.01160290 1.57802900 -0.28572980 1.00000000

0.96028480 0.24643970 -0.13084630 0.00000000
-0.27305820 0.92645820 -0.25906410 0.00000000
0.05737996 0.28450390 0.95695600 0.00000000
-0.11997060 1.56882600 -0.27508030 1.00000000

0.99731830 0.07225405 0.01164728 0.00000000
0.06201003 -0.91877040 0.38989140 0.00000000
0.03887236 -0.38812360 -0.92078730 0.00000000
-0.03952858 1.59441700 -0.30661900 1.00000000

0.99450410 0.06976369 -0.07806790 0.00000000
-0.09455748 0.91862160 -0.38365760 0.00000000
0.04494959 0.38893100 0.92016970 0.00000000
-0.06589670 1.59569600 -0.31039830 1.00000000

0.98140030 0.09168632 -0.16866310 0.00000000
-0.15565390 0.89427920 -0.41956720 0.00000000
0.11236330 0.43801640 0.89191700 0.00000000
-0.09293817 1.59282300 -0.30166740 1.00000000

0.99655130 0.04104549 -0.07211772 0.00000000
0.06270006 -0.94174840 0.33042170 0.00000000
-0.05435449 -0.33380390 -0.94107430 0.00000000
-0.04908786 1.62064900 -0.30641530 1.00000000

0.99655130 0.04104549 -0.07211772 0.00000000
-0.06270009 0.94174860 -0.33042170 0.00000000
0.05435449 0.33380380 0.94107430 0.00000000
-0.06883717 1.61183100 -0.32060870 1.00000000

0.99655130 0.04104549 -0.07211772 0.00000000
-0.06270009 0.94174860 -0.33042170 0.00000000
0.05435449 0.33380380 0.94107430 0.00000000
-0.08704638 1.61889100 -0.30362730 1.00000000

0.99657370 0.04064510 -0.07203406 0.00000000
-0.05459949 0.97748330 -0.20382710 0.00000000
0.06212756 0.20706180 0.97635300 0.00000000
-0.06594066 1.70161800 -0.22987090 1.00000000

-0.05446313 -0.98539430 -0.16134240 0.00000000
0.84102780 0.04182956 -0.53937230 0.00000000
0.53824350 -0.16506930 0.82646610 0.00000000
-0.03630372 1.46869200 -0.02805015 1.00000000

0.66943680 -0.57223160 -0.47371410 0.00000000
0.73687300 0.43064800 0.52111500 0.00000000
-0.09419453 -0.69792050 0.70995360 0.00000000
-0.22460650 1.45933600 0.09271440 1.00000000

0.66928610 -0.57324570 -0.47269990 0.00000000
-0.18518940 -0.74482440 0.64104700 0.00000000
-0.71955620 -0.34150500 -0.60465980 0.00000000
-0.44490670 1.33058500 -0.06308384 1.00000000

0.77124000 -0.51500700 -0.37410760 0.00000000
-0.23976160 -0.77946260 0.57875060 0.00000000
-0.58966370 -0.35665910 -0.72463180 0.00000000
