MeshAnim
1
34
79
30
0.77101240 -0.00988551 -0.63674350 0.00000000
-0.01891703 0.99908270 -0.03841689 0.00000000
0.63653920 0.04166519 0.77011810 0.00000000
0.01237277 0.85903010 0.05810552 1.00000000

0.94415800 0.16302230 0.28633810 0.00000000
0.27005680 -0.88075260 -0.38902950 0.00000000
0.18877250 0.44463290 -0.87559500 0.00000000
0.11171420 0.82644860 -0.02922745 1.00000000

0.94415800 0.16302230 0.28633810 0.00000000
0.10331390 -0.97167410 0.21254570 0.00000000
0.31287690 -0.17109390 -0.93425630 0.00000000
0.23063490 0.43860550 -0.20053820 1.00000000

0.99132820 0.06231824 -0.11569330 0.00000000
0.06203496 -0.99805560 -0.00605069 0.00000000
-0.11584550 -0.00117876 -0.99326660 0.00000000
0.26358810 0.12867860 -0.13274430 1.00000000

0.99116870 0.06228923 -0.11706710 0.00000000
0.06660174 -0.99722420 0.03329108 0.00000000
-0.11466850 -0.04079390 -0.99256580 0.00000000
0.25417840 0.02452946 -0.26947140 1.00000000

0.57535890 -0.23251700 -0.78415430 0.00000000
0.32070010 0.94610030 -0.04522921 0.00000000
0.75240520 -0.22545540 0.61891560 0.00000000
-0.09264131 0.82906830 0.13954030 1.00000000

0.57535620 -0.23252490 -0.78415390 0.00000000
-0.20701900 0.88611730 -0.41465580 0.00000000
0.79127010 0.40090950 0.46169610 0.00000000
-0.23386270 0.41244980 0.15945710 1.00000000

0.44429870 -0.10249550 -0.88999630 0.00000000
0.05992597 0.99460900 -0.08462721 0.00000000
0.89387240 -0.01573420 0.44804560 0.00000000
-0.16783180 0.12981180 0.29171690 1.00000000

0.43527990 -0.10270190 -0.89441810 0.00000000
-0.03788720 0.99050240 -0.13217310 0.00000000
0.89949760 0.09141923 0.42725480 0.00000000
-0.29655290 0.02833939 0.23914290 1.00000000

0.78026320 -0.01236937 -0.62532900 0.00000000
-0.00303019 0.99971800 -0.02355596 0.00000000
0.62544400 0.02027470 0.78000560 0.00000000
0.01174564 0.99543830 0.05522840 1.00000000

0.80547560 -0.03618800 -0.59152310 0.00000000
-0.04353745 0.99182340 -0.11996230 0.00000000
0.59102760 0.12238010 0.79731400 0.00000000
0.01122285 1.16791900 0.05116431 1.00000000

0.71129160 -0.09696779 -0.69617640 0.00000000
-0.32024930 0.83695890 -0.44377940 0.00000000
0.62570320 0.53860670 0.56426800 0.00000000
0.00950092 1.35533100 0.03735411 1.00000000

-0.32862630 0.76066610 -0.55981420 0.00000000
0.44790060 -0.39632170 -0.80144500 0.00000000
-0.83149840 -0.51411710 -0.21046100 0.00000000
0.02953235 1.43496200 -0.04418699 1.00000000

-0.50625400 0.16955390 -0.84555180 0.00000000
-0.23567430 -0.97035970 -0.05347650 0.00000000
-0.82955660 0.17220230 0.53120820 0.00000000
0.12981700 1.34622600 -0.22363000 1.00000000

-0.52371550 0.12548900 -0.84259970 0.00000000
-0.80313060 -0.40256510 0.43922940 0.00000000
-0.28408290 0.90674910 0.31161360 0.00000000
0.05935854 1.05612300 -0.23961810 1.00000000

0.40865090 -0.84252890 0.35092750 0.00000000
-0.87583750 -0.47016110 -0.10889010 0.00000000
0.25673540 -0.26285760 -0.93005000 0.00000000
-0.14236710 0.95500960 -0.12929510 1.00000000

-0.25035500 0.91137180 -0.32668750 0.00000000
0.25673540 -0.26285760 -0.93005000 0.00000000
-0.93349330 -0.31671470 -0.16817370 0.00000000
-0.17378630 0.93024900 -0.17935500 1.00000000

-0.85545870 -0.50444900 0.11713830 0.00000000
-0.50218040 0.75278380 -0.42559590 0.00000000
0.12651160 -0.42290440 -0.89730000 0.00000000
-0.24557650 0.87694540 -0.20981310 1.00000000

-0.96134090 0.17322550 -0.21404810 0.00000000
0.24650790 0.88780030 -0.38864480 0.00000000
0.12270880 -0.42638480 -0.89618040 0.00000000
-0.27317930 0.91832300 -0.23320640 1.00000000

-0.77466250 -0.62314470 0.10765090 0.00000000
-0.59210160 0.65496120 -0.46951250 0.00000000
0.22206700 -0.42745410 -0.87633870 0.00000000
-0.25790910 0.88643910 -0.16780260 1.00000000

-0.92672880 0.18702930 -0.32587430 0.00000000
0.30426690 0.88241630 -0.35883580 0.00000000
0.22044410 -0.43169650 -0.87466750 0.00000000
-0.29086700 0.92430110 -0.19466460 1.00000000

-0.78757350 -0.59848860 0.14676390 0.00000000
-0.57656190 0.63162050 -0.51829770 0.00000000
0.21749620 -0.49281600 -0.84251310 0.00000000
-0.27024270 0.90179850 -0.12962710 1.00000000

-0.92271970 0.17763170 -0.34210480 0.00000000
0.31825140 0.85180990 -0.41609660 0.00000000
0.21749620 -0.49281600 -0.84251310 0.00000000
-0.30141460 0.93594700 -0.15764900 1.00000000

-0.85721040 -0.51465970 -0.01776531 0.00000000
-0.36784410 0.63609010 -0.67829220 0.00000000
0.36039010 -0.57490440 -0.73457770 0.00000000
-0.27959980 0.91601180 -0.09829453 1.00000000

-0.92711440 -0.12102170 -0.35470110 0.00000000
0.11707940 0.80553590 -0.58086530 0.00000000
0.35602190 -0.58005690 -0.73265480 0.00000000
-0.29719200 0.94803130 -0.13202040 1.00000000

0.68371870 -0.43111230 -0.58878790 0.00000000
-0.62500730 -0.76243150 -0.16752370 0.00000000
-0.37668870 0.48253610 -0.79073690 0.00000000
-0.18856300 0.93026530 -0.22335850 1.00000000

-0.02737081 -0.83478780 -0.54989170 0.00000000
-0.98921440 0.10180520 -0.10531140 0.00000000
0.14389430 0.54107820 -0.82857050 0.00000000
-0.22459140 0.88412070 -0.23435470 1.00000000

0.09555538 -0.81469360 -0.57196460 0.00000000
-0.80313060 -0.40256510 0.43922940 0.00000000
-0.58809020 0.41739170 -0.69277250 0.00000000
-0.03271087 1.00997400 -0.18926570 1.00000000

-0.47732370 0.16350170 -0.86338230 0.00000000
-0.23569130 -0.97035660 -0.05345710 0.00000000
-0.84652910 0.17797540 0.50171030 0.00000000
0.12981700 1.34622600 -0.22363000 1.00000000

-0.55583610 0.17972670 -0.81163050 0.00000000
-0.23567430 -0.97035970 -0.05347650 0.00000000
-0.79718470 0.16155640 0.58171800 0.00000000
0.08503890 1.16185800 -0.23379060 1.00000000

-0.10146270 0.19593030 -0.97535460 0.00000000
0.54239320 -0.81098810 -0.21933540 0.00000000
-0.83397530 -0.55128020 -0.02398619 0.00000000
0.12416130 1.36165000 -0.31302670 1.00000000

0.89527700 0.26706030 -0.35659230 0.00000000
-0.44260590 0.62441880 -0.64358480 0.00000000
0.05078700 0.73401650 0.67723010 0.00000000
-0.04922586 1.50576700 -0.04360141 1.00000000

0.99522630 0.08942599 0.03908306 0.00000000
-0.07126928 0.93954150 -0.33493690 0.00000000
-0.06667227 0.33055260 0.94142960 0.00000000
-0.10288670 1.58147100 -0.12162850 1.00000000

0.99522630 0.08942599 0.03908306 0.00000000
-0.07126928 0.93954150 -0.33493690 0.00000000
-0.06667227 0.33055260 0.94142960 0.00000000
-0.09885531 1.59363800 -0.25212620 1.00000000

0.96556990 -0.21640930 0.14436690 0.00000000
-0.25824000 -0.86438010 0.43146230 0.00000000
0.03141543 -0.45388840 -0.89050490 0.00000000
-0.04782905 1.59687100 -0.22553090 1.00000000

0.94510530 0.32342260 -0.04662681 0.00000000
-0.31085110 0.84588430 -0.43341840 0.00000000
-0.10073630 0.42411990 0.89998580 0.00000000
-0.15273830 1.58567500 -0.22805740 1.00000000

0.99522630 0.08942599 0.03908306 0.00000000
0.07126928 -0.93954150 0.33493690 0.00000000
0.06667224 -0.33055260 -0.94142960 0.00000000
-0.06457791 1.61522500 -0.22382540 1.00000000

0.99522630 0.08942599 0.03908306 0.00000000
-0.07126928 0.93954150 -0.33493690 0.00000000
-0.06667227 0.33055260 0.94142960 0.00000000
-0.13852360 1.60858000 -0.22672890 1.00000000

0.97313700 0.21488750 -0.08263019 0.00000000
0.23020650 -0.91297690 0.33686550 0.00000000
-0.00305131 -0.34683830 -0.93792000 0.00000000
-0.08188079 1.60742200 -0.26271220 1.00000000

0.97994460 0.19926860 -0.00056681 0.00000000
-0.18778470 0.92251120 -0.33720900 0.00000000
-0.06667227 0.33055260 0.94142960 0.00000000
-0.11364200 1.60592800 -0.26555760 1.00000000

0.97411970 0.11830100 0.19260250 0.00000000
0.09370762 -0.98678830 0.13216660 0.00000000
0.20569330 -0.11069770 -0.97233570 0.00000000
-0.03474279 1.63330200 -0.24772240 1.00000000

0.99587540 0.07033254 -0.05732241 0.00000000
-0.08084102 0.97465320 -0.20860480 0.00000000
0.04119754 0.21237830 0.97631880 0.00000000
-0.16919840 1.62206100 -0.25441740 1.00000000

0.98081930 0.19491690 0.00102308 0.00000000
0.18301910 -0.92273080 0.33922260 0.00000000
0.06706405 -0.33252890 -0.94070560 0.00000000
-0.06458937 1.61542800 -0.22399800 1.00000000

0.99691000 -0.01720811 0.07664329 0.00000000
0.04418333 0.92956970 -0.36598930 0.00000000
-0.06494746 0.36824470 0.92745760 0.00000000
-0.13852150 1.60857000 -0.22675870 1.00000000

0.98597230 0.15574710 0.06001323 0.00000000
-0.12908800 0.93948450 -0.31734100 0.00000000
-0.10580660 0.30514240 0.94641060 0.00000000
-0.10157530 1.58466700 -0.16233430 1.00000000

0.92036850 0.38679160 0.05756852 0.00000000
0.36964770 -0.90854940 0.19467640 0.00000000
0.12760290 -0.15789390 -0.97917680 0.00000000
-0.06327131 1.52957100 -0.24733850 1.00000000

0.98569260 0.15776540 0.05933124 0.00000000
-0.14323570 0.96957330 -0.19852280 0.00000000
-0.08884609 0.18718410 0.97829870 0.00000000
-0.08970201 1.54130000 -0.25911590 1.00000000

0.99540860 -0.09550891 -0.00630051 0.00000000
0.09311200 0.98147470 -0.16744490 0.00000000
0.02217615 0.16608940 0.98586130 0.00000000
-0.11718310 1.52315400 -0.24794860 1.00000000

0.99421730 -0.00043037 0.10738570 0.00000000
-0.04367560 -0.91516860 0.40069850 0.00000000
0.09810361 -0.40307150 -0.90989540 0.00000000
-0.04205218 1.54058100 -0.21721060 1.00000000

0.95757440 0.28383760 -0.04987562 0.00000000
-0.27896640 0.86952480 -0.40755930 0.00000000
-0.07231259 0.40418190 0.91181580 0.00000000
-0.15041170 1.52647000 -0.21806320 1.00000000

0.98437620 0.13118720 0.11744480 0.00000000
0.05337632 -0.85794690 0.51095810 0.00000000
0.16779240 -0.49670630 -0.85154500 0.00000000
-0.06789457 1.55258700 -0.24314920 1.00000000

0.99265850 0.11739730 0.02910331 0.00000000
-0.08640485 0.85667650 -0.50856650 0.00000000
-0.08463645 0.50231810 0.86053060 0.00000000
-0.09363350 1.55184600 -0.25008860 1.00000000

0.98979450 0.12707940 -0.06448013 0.00000000
-0.14154940 0.82453470 -0.54781970 0.00000000
-0.01645055 0.55135610 0.83410790 0.00000000
-0.12139050 1.54850900 -0.24424560 1.00000000

0.99519710 0.08981086 0.03894573 0.00000000
0.06231813 -0.88806370 0.45547710 0.00000000
0.07549322 -0.45086250 -0.88939510 0.00000000
-0.07852715 1.57803800 -0.24747690 1.00000000

0.99519710 0.08981086 0.03894573 0.00000000
-0.06231815 0.88806370 -0.45547710 0.00000000
-0.07549319 0.45086240 0.88939520 0.00000000
-0.09599563 1.56638700 -0.26258780 1.00000000

0.99519710 0.08981086 0.03894573 0.00000000
-0.06231815 0.88806370 -0.45547710 0.00000000
-0.07549319 0.45086240 0.88939520 0.00000000
-0.11643080 1.57443000 -0.24889470 1.00000000

0.99522630 0.08942599 0.03908306 0.00000000
-0.07129691 0.93967840 -0.33454700 0.00000000
-0.06664282 0.33016340 0.94156810 0.00000000
-0.10807840 1.66677700 -0.18461890 1.00000000

0.39746080 -0.82596570 0.39975750 0.00000000
0.40152700 -0.23517790 -0.88513700 0.00000000
0.82510670 0.51232070 0.23817340 0.00000000
-0.06944733 1.45575000 0.01275903 1.00000000

0.83228640 -0.45635060 0.31471190 0.00000000
0.55425940 0.69508470 -0.45787990 0.00000000
-0.00979775 0.55551930 0.83144610 0.00000000
-0.15935160 1.50841200 0.21093430 1.00000000

0.87083680 -0.39567550 0.29169230 0.00000000
-0.01475927 0.57207310 0.82007000 0.00000000
-0.49135080 -0.71845240 0.49234240 0.00000000
-0.32505580 1.30060300 0.34782630 1.00000000

0.99967680 -0.01546261 0.02018094 0.00000000
-0.00149798 0.75658590 0.65389300 0.00000000
-0.02537963 -0.65371170 0.75631800 0.00000000
-0.32134970 1.15691300 0.14184640 1.00000000

-0.98422940 -0.11615200 -0.13342160 0.00000000
-0.02537963 -0.65371170 0.75631800 0.00000000
-0.17506730 0.74777660 0.64045440 0.00000000
-0.26951620 1.09000200 0.03586749 1.00000000

0.97762610 0.13861120 0.15822240 0.00000000
-0.20988240 0.69293880 0.68977200 0.00000000
-0.01402840 -0.70754710 0.70652690 0.00000000
-0.31473710 1.09909400 0.00098274 1.00000000

0.52418980 0.60005330 0.60428570 0.00000000
-0.85053750 0.33343460 0.40670260 0.00000000
0.04255345 -0.72715720 0.68515090 0.00000000
-0.30320030 1.06100500 -0.03693129 1.00000000

0.16210110 0.79137290 0.58945080 0.00000000
-0.98510430 0.09504334 0.14330600 0.00000000
0.05738512 -0.60390040 0.79499150 0.00000000
-0.31757400 1.06854300 0.03362807 1.00000000

-0.96886830 0.15660680 0.19175240 0.00000000
-0.24004400 -0.78382400 -0.57271190 0.00000000
0.06060946 -0.60091140 0.79701450 0.00000000
-0.26134430 1.06391000 0.02600334 1.00000000

0.00220963 0.76551150 0.64341860 0.00000000
-0.99428580 -0.06699032 0.08311689 0.00000000
0.10672980 -0.63992570 0.76098900 0.00000000
-0.31407550 1.04098800 0.06639931 1.00000000

-0.95323170 0.15956300 0.25668960 0.00000000
-0.27052280 -0.82917290 -0.48917280 0.00000000
0.13478610 -0.53573550 0.83355920 0.00000000
-0.26031940 1.04461000 0.06190509 1.00000000

0.04303357 0.76673190 0.64052370 0.00000000
-0.96982770 -0.12192850 0.21111100 0.00000000
0.23996360 -0.63028250 0.73835060 0.00000000
-0.31017240 1.01928800 0.09441962 1.00000000

-0.94832840 0.06309118 0.31095480 0.00000000
-0.17975710 -0.91441240 -0.36268130 0.00000000
0.26145880 -0.39983710 0.87850420 0.00000000
-0.26193000 1.02598000 0.08441726 1.00000000

0.19973780 -0.97984680 0.00233766 0.00000000
-0.92881910 -0.18857510 0.31895890 0.00000000
-0.31208980 -0.06587940 -0.94776550 0.00000000
-0.29473120 1.16344000 0.04478633 1.00000000

-0.94165290 -0.32314930 -0.09415275 0.00000000
-0.32926440 0.82636790 0.45683880 0.00000000
-0.06982231 0.46118480 -0.88455260 0.00000000
-0.24575770 1.17431400 0.02519210 1.00000000

0.96592900 -0.20378340 0.15954170 0.00000000
-0.01475927 0.57207310 0.82007000 0.00000000
-0.25838620 -0.79448430 0.54957430 0.00000000
-0.32336260 1.23501800 0.25381290 1.00000000

0.80814240 -0.58109490 0.09609830 0.00000000
0.55425280 0.69509130 -0.45787760 0.00000000
0.19927320 0.42329310 0.88380610 0.00000000
-0.15935170 1.50841200 0.21093430 1.00000000

0.83134680 -0.48922470 0.26366990 0.00000000
0.55425940 0.69508470 -0.45787990 0.00000000
0.04073322 0.52679850 0.84901370 0.00000000
-0.26465920 1.37634500 0.29793200 1.00000000

0.70982430 -0.65973720 -0.24677230 0.00000000
0.03994042 0.38747490 -0.92101480 0.00000000
0.70324550 0.64390240 0.30138910 0.00000000
-0.21875130 1.56531600 0.23340790 1.00000000

0.99519930 -0.09786879 -0.00000003 0.00000000
0.09786879 0.99519940 -0.00000001 0.00000000
0.00000003 0.00000001 1.00000000 0.00000000
-0.15045200 0.90458920 0.11937950 1.00000000

1.00000000 0.00000000 0.00000000 0.00000000
0.00000000 1.00000000 0.00000000 0.00000000
0.00000000 0.00000000 1.00000000 0.00000000
0.00000000 0.00000000 0.00000000 1.00000000

1.00000000 0.00000000 0.00000000 0.00000000
0.00000000 1.00000000 0.00000000 0.00000000
0.00000000 0.00000000 1.00000000 0.00000000
0.00000000 0.00000000 0.00000000 1.00000000

0.77123770 -0.00122278 -0.63654610 0.00000000
-0.02165935 0.99936870 -0.02816216 0.00000000
0.63617870 0.03550690 0.77072430 0.00000000
0.00382082 0.85903080 0.07048204 1.00000000

0.94046390 0.16776280 0.29560650 0.00000000
0.27951820 -0.87655570 -0.39181600 0.00000000
0.19338340 0.45111620 -0.87126170 0.00000000
0.10327930 0.82762160 -0.01714672 1.00000000

0.94046390 0.16776280 0.29560650 0.00000000
0.12303720 -0.97875340 0.16402330 0.00000000
0.31684300 -0.11788740 -0.94112340 0.00000000
0.22636630 0.44162660 -0.18968450 1.00000000

0.99127340 0.06139937 -0.11664980 0.00000000
0.05979567 -0.99806240 -0.01720129 0.00000000
-0.11747990 0.01007607 -0.99302410 0.00000000
0.26561050 0.12944170 -0.13736740 1.00000000

0.99112590 0.06121160 -0.11799350 0.00000000
0.06426083 -0.99768600 0.02221010 0.00000000
-0.11636090 -0.02959538 -0.99276590 0.00000000
0.25574360 0.02683407 -0.27522300 1.00000000

0.59710880 -0.20840450 -0.77461520 0.00000000
0.31744850 0.94821840 -0.01040743 0.00000000
0.73667340 -0.23968600 0.63234720 0.00000000
-0.10113600 0.82794530 0.15156870 1.00000000

0.59710590 -0.20841300 -0.77461520 0.00000000
-0.23284220 0.87905140 -0.41599660 0.00000000
0.76762560 0.42875710 0.47635940 0.00000000
-0.24092550 0.41039400 0.15615170 1.00000000

0.44428600 -0.10319740 -0.88992150 0.00000000
0.05981005 0.99454400 -0.08547004 0.00000000
0.89388630 -0.01525314 0.44803430 0.00000000
-0.16665790 0.13000970 0.28883910 1.00000000

0.43526630 -0.10339860 -0.89434440 0.00000000
-0.03800266 0.99038740 -0.13299800 0.00000000
0.89949940 0.09187695 0.42715280 0.00000000
-0.29536890 0.02847809 0.23635450 1.00000000

0.78030690 -0.00332646 -0.62538810 0.00000000
-0.00388827 0.99994070 -0.01017018 0.00000000
0.62538480 0.01036754 0.78024770 0.00000000
0.00281852 0.99545920 0.06900558 1.00000000

0.80533710 -0.02612086 -0.59224140 0.00000000
-0.04508453 0.99343680 -0.10512210 0.00000000
0.59110030 0.11135970 0.79887390 0.00000000
0.00214768 1.16797800 0.06725092 1.00000000

0.71078260 -0.08502188 -0.69825460 0.00000000
-0.32112960 0.84396240 -0.42965510 0.00000000
0.62583050 0.52962150 0.57257060 0.00000000
0.00013629 1.35557300 0.05624192 1.00000000

-0.32955350 0.77135350 -0.54443420 0.00000000
0.44726160 -0.38029070 -0.80952850 0.00000000
-0.83147570 -0.51028730 -0.21967070 0.00000000
0.02005183 1.43655100 -0.02399070 1.00000000

-0.49198870 0.18267040 -0.85122190 0.00000000
-0.20168160 -0.97505680 -0.09267740 0.00000000
-0.84691920 0.12607970 0.51655790 0.00000000
0.12019340 1.35140400 -0.20524360 1.00000000

-0.50939150 0.13396760 -0.85004310 0.00000000
-0.82267310 -0.36559670 0.43537140 0.00000000
-0.25244730 0.92108220 0.29644350 0.00000000
0.05989752 1.05989700 -0.23295130 1.00000000

0.40694410 -0.85464860 0.32244830 0.00000000
-0.87391310 -0.46699930 -0.13486350 0.00000000
0.26584390 -0.22691010 -0.93693090 0.00000000
-0.14673660 0.96806870 -0.12359730 1.00000000

-0.24900830 0.92275830 -0.29413070 0.00000000
0.26584390 -0.22691010 -0.93693090 0.00000000
-0.93130160 -0.31149630 -0.18880710 0.00000000
-0.17764390 0.94518260 -0.17485370 1.00000000

-0.85556890 -0.50982770 0.08987862 0.00000000
-0.49960960 0.76766730 -0.40134510 0.00000000
0.13562000 -0.38828280 -0.91150670 0.00000000
-0.24904890 0.89296780 -0.20798560 1.00000000

-0.95963430 0.17979170 -0.21628150 0.00000000
0.24845130 0.90230910 -0.35229400 0.00000000
0.13181320 -0.39180890 -0.91055570 0.00000000
-0.27651060 0.93516330 -0.23004600 1.00000000

-0.77446740 -0.62795470 0.07664135 0.00000000
-0.58893720 0.67145030 -0.44978690 0.00000000
0.23098500 -0.39348220 -0.88984160 0.00000000
-0.26178870 0.90083820 -0.16576170 1.00000000

-0.92401150 0.19789030 -0.32717390 0.00000000
0.30594120 0.89588250 -0.32217290 0.00000000
0.22935450 -0.39778750 -0.88834800 0.00000000
-0.29456620 0.93964480 -0.19147170 1.00000000

-0.78778640 -0.60482320 0.11654090 0.00000000
-0.57290210 0.65000500 -0.49927690 0.00000000
0.22622210 -0.46009000 -0.85856930 0.00000000
-0.27450450 0.91471610 -0.12714680 1.00000000

-0.91983460 0.18912300 -0.34371190 0.00000000
0.32051320 0.86749660 -0.38042270 0.00000000
0.22622210 -0.46009000 -0.85856930 0.00000000
-0.30547850 0.94985870 -0.15414030 1.00000000

-0.85604950 -0.51490310 -0.04532611 0.00000000
-0.36271720 0.66087070 -0.65702850 0.00000000
0.36826070 -0.54600860 -0.75250200 0.00000000
-0.28417840 0.92771340 -0.09538528 1.00000000

-0.92355600 -0.10884180 -0.36769270 0.00000000
0.12096550 0.82721940 -0.54870390 0.00000000
0.36388440 -0.55123720 -0.75081720 0.00000000
-0.30151650 0.96096590 -0.12803260 1.00000000

0.68995440 -0.40737780 -0.59833660 0.00000000
-0.62200610 -0.75644990 -0.20221910 0.00000000
-0.37023200 0.51169080 -0.77530710 0.00000000
-0.19201160 0.94685010 -0.21896100 1.00000000

-0.02071303 -0.81331160 -0.58146010 0.00000000
-0.98838260 0.10424570 -0.11060390 0.00000000
0.15057000 0.57241400 -0.80602190 0.00000000
-0.22785040 0.90110280 -0.23203950 1.00000000

0.06139493 -0.81845820 -0.57127700 0.00000000
-0.82267310 -0.36559670 0.43537140 0.00000000
-0.56519030 0.44324470 -0.69576890 0.00000000
-0.03441218 1.01798600 -0.18304120 1.00000000

-0.46098090 0.17797370 -0.86938050 0.00000000
-0.20169880 -0.97505520 -0.09265790 0.00000000
-0.86418440 0.13263960 0.48537860 0.00000000
0.12019350 1.35140400 -0.20524360 1.00000000

-0.54237330 0.18997020 -0.81837820 0.00000000
-0.20168160 -0.97505680 -0.09267740 0.00000000
-0.81557120 0.11478620 0.56715820 0.00000000
0.08187394 1.16614300 -0.22285230 1.00000000

-0.10255460 0.21499650 -0.97121540 0.00000000
0.54254390 -0.80626230 -0.23577050 0.00000000
-0.83374400 -0.55110630 -0.03395927 0.00000000
0.11447090 1.36854000 -0.29449390 1.00000000

0.89443560 0.27106960 -0.35567720 0.00000000
-0.44394160 0.63400920 -0.63320470 0.00000000
0.05386001 0.72426070 0.68741950 0.00000000
-0.05874967 1.50728700 -0.02217374 1.00000000

0.99460100 0.09719653 0.03635672 0.00000000
-0.07986870 0.94065830 -0.32982290 0.00000000
-0.06625688 0.32513840 0.94334260 0.00000000
-0.11257240 1.58415300 -0.09894245 1.00000000

0.99460100 0.09719653 0.03635672 0.00000000
-0.07986870 0.94065830 -0.32982290 0.00000000
-0.06625688 0.32513840 0.94334260 0.00000000
-0.10906220 1.59702600 -0.22938750 1.00000000

0.96773360 -0.20940670 0.14014550 0.00000000
-0.24991610 -0.86864010 0.42779310 0.00000000
0.03215313 -0.44901440 -0.89294630 0.00000000
-0.05797740 1.60053100 -0.20293940 1.00000000

0.94233190 0.33122360 -0.04797572 0.00000000
-0.31901210 0.84559390 -0.42802100 0.00000000
-0.10120260 0.41864260 0.90249460 0.00000000
-0.16280150 1.58850800 -0.20518780 1.00000000

0.99460100 0.09719651 0.03635663 0.00000000
0.07986870 -0.94065830 0.32982290 0.00000000
0.06625679 -0.32513840 -0.94334270 0.00000000
-0.07486689 1.61874100 -0.20108490 1.00000000

0.99460100 0.09719653 0.03635672 0.00000000
-0.07986870 0.94065830 -0.32982290 0.00000000
-0.06625688 0.32513840 0.94334260 0.00000000
-0.14876610 1.61151800 -0.20378590 1.00000000

0.97111390 0.22310420 -0.08463192 0.00000000
0.23859380 -0.91283110 0.33138000 0.00000000
-0.00332233 -0.34200040 -0.93969400 0.00000000
-0.09223297 1.61100100 -0.23995600 1.00000000

0.97831270 0.20711650 -0.00267306 0.00000000
-0.19625090 0.92270680 -0.33180980 0.00000000
-0.06625688 0.32513840 0.94334260 0.00000000
-0.12399030 1.60926700 -0.24270740 1.00000000

0.97376260 0.12510780 0.19009090 0.00000000
0.10202570 -0.98667530 0.12673900 0.00000000
0.20341390 -0.10401960 -0.97355170 0.00000000
-0.04525501 1.63717900 -0.22498320 1.00000000

0.99508960 0.07860735 -0.06014815 0.00000000
-0.08931066 0.97503880 -0.20328010 0.00000000
0.04266745 0.20765380 0.97727140 0.00000000
-0.17963740 1.62489600 -0.23130550 1.00000000

0.97922720 0.20276380 -0.00110865 0.00000000
0.19149380 -0.92297490 0.33383760 0.00000000
0.06666705 -0.32711510 -0.94263000 0.00000000
-0.07488047 1.61894400 -0.20125640 1.00000000

0.99725940 -0.00961334 0.07335716 0.00000000
0.03555858 0.93177280 -0.36129650 0.00000000
-0.06487906 0.36291490 0.92956100 0.00000000
-0.14876400 1.61150800 -0.20381570 1.00000000

0.98488470 0.16333230 0.05766070 0.00000000
-0.13762770 0.94004690 -0.31204230 0.00000000
-0.10517030 0.29939000 0.94831690 0.00000000
-0.11141890 1.58757000 -0.13963510 1.00000000

0.91742740 0.39385320 0.05662605 0.00000000
0.37753270 -0.90655140 0.18876950 0.00000000
0.12568200 -0.15180410 -0.98038750 0.00000000
-0.07295156 1.53322200 -0.22504660 1.00000000

0.98458670 0.16535180 0.05699006 0.00000000
-0.15162980 0.96940700 -0.19302480 0.00000000
-0.08716360 0.18140820 0.97953750 0.00000000
-0.09951334 1.54480100 -0.23667810 1.00000000

0.99611510 -0.08749394 -0.00998694 0.00000000
0.08471507 0.98304140 -0.16264310 0.00000000
0.02404788 0.16116530 0.98663450 0.00000000
-0.12681210 1.52637700 -0.22551720 1.00000000

0.99453250 0.00698324 0.10419470 0.00000000
-0.03505354 -0.91754750 0.39607820 0.00000000
0.09836948 -0.39756500 -0.91228610 0.00000000
-0.05172347 1.54424700 -0.19493000 1.00000000

0.95510670 0.29175710 -0.05146986 0.00000000
-0.28723380 0.86935550 -0.40214180 0.00000000
-0.07258213 0.39887220 0.91412960 0.00000000
-0.15996900 1.52927200 -0.19550870 1.00000000

0.98367180 0.13846400 0.11496850 0.00000000
0.06189524 -0.86012050 0.50632190 0.00000000
0.16899420 -0.49093850 -0.85464640 0.00000000
-0.07774518 1.55617900 -0.22072300 1.00000000

0.99177720 0.12519760 0.02653059 0.00000000
-0.09490460 0.85857300 -0.50383110 0.00000000
-0.08585700 0.49717020 0.86339470 0.00000000
-0.10349980 1.55526800 -0.22758360 1.00000000

0.98853210 0.13533980 -0.06699160 0.00000000
-0.14991750 0.82619360 -0.54307370 0.00000000
-0.01815158 0.54688890 0.83700850 0.00000000
-0.13121000 1.55167800 -0.22166910 1.00000000

0.99456820 0.09758186 0.03622159 0.00000000
0.07089745 -0.88987740 0.45065690 0.00000000
0.07620874 -0.44564110 -0.89196210 0.00000000
-0.08859495 1.58156600 -0.22488440 1.00000000

0.99456820 0.09758186 0.03622159 0.00000000
-0.07089749 0.88987770 -0.45065690 0.00000000
-0.07620865 0.44564100 0.89196210 0.00000000
-0.10601870 1.56985300 -0.23999950 1.00000000

0.99456820 0.09758186 0.03622159 0.00000000
-0.07089749 0.88987770 -0.45065690 0.00000000
-0.07620865 0.44564100 0.89196210 0.00000000
-0.12647290 1.57766200 -0.22619940 1.00000000

0.99460100 0.09719653 0.03635672 0.00000000
-0.07989607 0.94079280 -0.32943220 0.00000000
-0.06622386 0.32474880 0.94347900 0.00000000
-0.11865080 1.66973900 -0.16147200 1.00000000

0.39503630 -0.83293800 0.38750590 0.00000000
0.40187200 -0.22262960 -0.88822030 0.00000000
0.82610250 0.50660700 0.24678740 0.00000000
-0.07889414 1.45633300 0.03337026 1.00000000

0.83141720 -0.46283980 0.30744940 0.00000000
0.55550270 0.70505610 -0.44080930 0.00000000
-0.01274517 0.53728540 0.84330430 0.00000000
-0.16887560 1.50618700 0.23223600 1.00000000

0.87002040 -0.40166610 0.28588320 0.00000000
-0.02500555 0.54316900 0.83925130 0.00000000
-0.49238160 -0.73731400 0.46252420 0.00000000
-0.33495160 1.29539600 0.36402450 1.00000000

0.99945590 -0.01346030 0.03011334 0.00000000
-0.01069739 0.73133270 0.68193720 0.00000000
-0.03120217 -0.68188820 0.73079080 0.00000000
-0.32867180 1.15896600 0.15322670 1.00000000

-0.98241470 -0.11373870 -0.14807310 0.00000000
-0.03120217 -0.68188820 0.73079080 0.00000000
-0.18408860 0.72255960 0.66634800 0.00000000
-0.27552600 1.09625000 0.04534937 1.00000000

0.97548230 0.13522660 0.17363300 0.00000000
-0.21924290 0.66580180 0.71319090 0.00000000
-0.01916298 -0.73377260 0.67912520 0.00000000
-0.32040920 1.10652900 0.01035815 1.00000000

0.51596960 0.57823480 0.63199690 0.00000000
-0.85577700 0.31548620 0.41001760 0.00000000
0.03770033 -0.75240500 0.65762120 0.00000000
-0.30835800 1.06993200 -0.02884319 1.00000000

0.15345420 0.76898040 0.62058140 0.00000000
-0.98683910 0.08684722 0.13640590 0.00000000
0.05099764 -0.63334600 0.77218680 0.00000000
-0.32348990 1.07475900 0.04179510 1.00000000

-0.97130290 0.14658070 0.18731020 0.00000000
-0.23159070 -0.76228400 -0.60439160 0.00000000
0.05419129 -0.63042650 0.77435540 0.00000000
-0.26716950 1.07057200 0.03459376 1.00000000

-0.00690883 0.74065800 0.67184720 0.00000000
-0.99488230 -0.07282141 0.07004923 0.00000000
0.10080720 -0.66792470 0.73737030 0.00000000
-0.32024640 1.04599500 0.07353783 1.00000000

-0.95635360 0.14712430 0.25247390 0.00000000
-0.26279570 -0.81084050 -0.52294990 0.00000000
0.12777710 -0.56647380 0.81411360 0.00000000
-0.26645810 1.04993200 0.06975011 1.00000000

0.03393885 0.74209920 0.66943050 0.00000000
-0.97158670 -0.13248880 0.19612870 0.00000000
0.23423880 -0.65706610 0.71651710 0.00000000
-0.31656720 1.02326300 0.10075850 1.00000000

-0.95171240 0.04868506 0.30310710 0.00000000
-0.17308530 -0.90054810 -0.39881720 0.00000000
0.25354590 -0.43202250 0.86548920 0.00000000
-0.26824450 1.03046100 0.09152474 1.00000000

0.20278860 -0.97868160 -0.03255098 0.00000000
-0.93149490 -0.20304940 0.30180970 0.00000000
-0.30198460 -0.03088259 -0.95281260 0.00000000
-0.30106380 1.16922900 0.05676807 1.00000000

-0.93959780 -0.32195390 -0.11620010 0.00000000
-0.33661030 0.80760700 0.48421600 0.00000000
-0.06205103 0.49408220 -0.86719810 0.00000000
-0.25192310 1.18097000 0.03811529 1.00000000

0.96505180 -0.20595180 0.16204700 0.00000000
-0.02500555 0.54316900 0.83925130 0.00000000
-0.26086420 -0.81397280 0.51903620 0.00000000
-0.33208370 1.23312400 0.26781210 1.00000000

0.80870620 -0.58141960 0.08913982 0.00000000
0.55549300 0.70506170 -0.44081260 0.00000000
0.19344790 0.40600440 0.89316230 0.00000000
-0.16887570 1.50618700 0.23223600 1.00000000

0.83071770 -0.49377590 0.25708690 0.00000000
0.55550270 0.70505610 -0.44080930 0.00000000
0.03640005 0.50900050 0.85999630 0.00000000
-0.27441950 1.37222500 0.31599020 1.00000000

0.70847350 -0.65763100 -0.25609980 0.00000000
0.04183775 0.40138120 -0.91495520 0.00000000
0.70449640 0.63750670 0.31188170 0.00000000
-0.22827600 1.56295500 0.25563770 1.00000000

0.99603900 -0.08891741 -0.00008273 0.00000000
0.08891740 0.99603890 -0.00015041 0.00000000
0.00009573 0.00014246 1.00000000 0.00000000
-0.15914830 0.90350970 0.13216460 1.00000000

1.00000000 0.00000000 0.00000000 0.00000000
0.00000000 1.00000000 0.00000000 0.00000000
0.00000000 0.00000000 1.00000000 0.00000000
0.00000000 0.00000000 0.00000000 1.00000000

1.00000000 0.00000000 0.00000000 0.00000000
0.00000000 1.00000000 0.00000000 0.00000000
0.00000000 0.00000000 1.00000000 0.00000000
0.00000000 0.00000000 0.00000000 1.00000000

0.77154890 0.00726272 -0.63612860 0.00000000
-0.02544913 0.99948680 -0.01945559 0.00000000
0.63566080 0.03119986 0.77133770 0.00000000
-0.00936571 0.85903340 0.10076350 1.00000000

0.93770890 0.17569400 0.29972300 0.00000000
0.29063400 -0.86937060 -0.39965890 0.00000000
0.19035240 0.46187340 -0.86627910 0.00000000
0.09025457 0.82876820 0.01291625 1.00000000

0.93770890 0.17569400 0.29972300 0.00000000
0.14763070 -0.98244820 0.11402430 0.00000000
0.31449540 -0.06267340 -0.94718800 0.00000000
0.21823650 0.44593720 -0.16307530 1.00000000

0.99166890 0.05580848 -0.11609560 0.00000000
0.05094564 -0.99771240 -0.04444337 0.00000000
-0.11831050 0.03815855 -0.99224350 0.00000000
0.26532500 0.13257380 -0.12670590 1.00000000

0.99154310 0.05532288 -0.11739560 0.00000000
0.05512844 -0.99846750 -0.00490623 0.00000000
-0.11748730 -0.00160713 -0.99307340 0.00000000
0.25442220 0.03385037 -0.26729290 1.00000000

0.62584450 -0.17134920 -0.76089290 0.00000000
0.31225260 0.94902010 0.04311740 0.00000000
0.71471460 -0.26457550 0.64744330 0.00000000
-0.11424320 0.82684280 0.18152100 1.00000000

0.62584140 -0.17135840 -0.76089340 0.00000000
-0.26148640 0.87300790 -0.41168220 0.00000000
0.73481110 0.45661110 0.50155670 0.00000000
-0.25174470 0.40893850 0.16253410 1.00000000

0.44421760 -0.10540300 -0.88969710 0.00000000
0.06062179 0.99431570 -0.08752936 0.00000000
0.89386560 -0.01505294 0.44808240 0.00000000
-0.16834070 0.13048200 0.29384540 1.00000000

0.43519600 -0.10558710 -0.89412300 0.00000000
-0.03719073 0.99014350 -0.13502800 0.00000000
0.89956740 0.09201672 0.42697970 0.00000000
-0.29713340 0.02894664 0.24156880 1.00000000

0.78037020 0.00562633 -0.62529250 0.00000000
-0.00616469 0.99998010 0.00130415 0.00000000
0.62528750 0.00283701 0.78038940 0.00000000
-0.01088655 0.99546460 0.10047660 1.00000000

0.80499680 -0.01619731 -0.59305800 0.00000000
-0.04786853 0.99459490 -0.09213901 0.00000000
0.59134490 0.10256040 0.79987040 0.00000000
-0.01195014 1.16799000 0.10070160 1.00000000

0.70980170 -0.07363027 -0.70054260 0.00000000
-0.32283470 0.84991880 -0.41643210 0.00000000
0.62606640 0.52174380 0.57950350 0.00000000
-0.01448117 1.35570700 0.09213924 1.00000000

-0.33129170 0.78062670 -0.52996990 0.00000000
0.44599720 -0.36541540 -0.81704250 0.00000000
-0.83146430 -0.50704460 -0.22709830 0.00000000
0.00521009 1.43790600 0.01310199 1.00000000

-0.47384410 0.19728890 -0.85822440 0.00000000
-0.17504810 -0.97623440 -0.12776930 0.00000000
-0.86303560 0.08968796 0.49711760 0.00000000
0.10506860 1.35608900 -0.16983330 1.00000000

-0.49129690 0.14448930 -0.85892420 0.00000000
-0.84333030 -0.32546940 0.42762610 0.00000000
-0.21776610 0.93444790 0.28175420 0.00000000
0.05273514 1.06423000 -0.20803230 1.00000000

0.40411500 -0.86743820 0.29024610 0.00000000
-0.87430230 -0.45957010 -0.15617790 0.00000000
0.26886290 -0.19064930 -0.94412180 0.00000000
-0.15908750 0.98248090 -0.10062370 1.00000000

-0.24615460 0.93406350 -0.25871670 0.00000000
0.26886290 -0.19064930 -0.94412180 0.00000000
-0.93119360 -0.30195900 -0.20420610 0.00000000
-0.18984920 0.96168000 -0.15284710 1.00000000

-0.85686900 -0.51119060 0.06678209 0.00000000
-0.49665510 0.78379900 -0.37281830 0.00000000
0.13823730 -0.35262440 -0.92549830 0.00000000
-0.26123150 0.91094760 -0.18825330 1.00000000

-0.95848410 0.19008470 -0.21254860 0.00000000
0.25147600 0.91488060 -0.31583850 0.00000000
0.13442030 -0.35617710 -0.92469970 0.00000000
-0.28853070 0.95403000 -0.20874580 1.00000000

-0.77594570 -0.62887640 0.04922831 0.00000000
-0.58598760 0.68973360 -0.42530810 0.00000000
0.23351150 -0.35886330 -0.90370910 0.00000000
-0.27411180 0.91718720 -0.14580010 1.00000000

-0.92241790 0.21243220 -0.32251900 0.00000000
0.30884210 0.90716290 -0.28578440 0.00000000
0.23186730 -0.36322030 -0.90239100 0.00000000
-0.30671990 0.95703680 -0.17009110 1.00000000

-0.78936780 -0.60729550 0.08995357 0.00000000
-0.56981100 0.67020690 -0.47554050 0.00000000
0.22850600 -0.42663290 -0.87508300 0.00000000
-0.28694330 0.92957080 -0.10671830 1.00000000

-0.91819690 0.20430950 -0.33937190 0.00000000
0.32357460 0.88104670 -0.34504670 0.00000000
0.22850600 -0.42663290 -0.87508300 0.00000000
-0.31775020 0.96580550 -0.13242840 1.00000000

-0.85686100 -0.51097480 -0.06851855 0.00000000
-0.35902540 0.68679990 -0.63198670 0.00000000
0.36998750 -0.51692500 -0.77194450 0.00000000
-0.29670950 0.94133620 -0.07450797 1.00000000

-0.92240060 -0.09248156 -0.37500030 0.00000000
0.12457190 0.84779030 -0.51549370 0.00000000
0.36559510 -0.52220640 -0.77048120 0.00000000
-0.31386330 0.97587530 -0.10589210 1.00000000

0.69137560 -0.38509010 -0.61131510 0.00000000
-0.62270310 -0.74668340 -0.23389170 0.00000000
-0.36638960 0.54237460 -0.75603510 0.00000000
-0.20405110 0.96510030 -0.19690720 1.00000000

-0.02012542 -0.78991050 -0.61289260 0.00000000
-0.98776660 0.11052400 -0.11001060 0.00000000
0.15463760 0.60318050 -0.78247110 0.00000000
-0.23992890 0.91997330 -0.21189400 1.00000000

0.02514538 -0.81876490 -0.57357820 0.00000000
-0.84333030 -0.32546940 0.42762610 0.00000000
-0.53680760 0.47296300 -0.69867300 0.00000000
-0.04394265 1.02691900 -0.15901010 1.00000000

-0.45168300 0.19492890 -0.87062360 0.00000000
-0.17506570 -0.97623380 -0.12775000 0.00000000
-0.87483420 0.09471393 0.47507320 0.00000000
0.10506860 1.35608900 -0.16983330 1.00000000

-0.53106700 0.20289730 -0.82267900 0.00000000
-0.17504810 -0.97623440 -0.12776930 0.00000000
-0.82905170 0.07615447 0.55396240 0.00000000
0.07180943 1.17060500 -0.19410950 1.00000000

-0.10465130 0.23216050 -0.96703140 0.00000000
0.54277690 -0.80144820 -0.25114690 0.00000000
-0.83333180 -0.55116510 -0.04213890 0.00000000
0.09917859 1.37478200 -0.25888240 1.00000000

0.89311050 0.27519400 -0.35583990 0.00000000
-0.44622080 0.64208810 -0.62338600 0.00000000
0.05692860 0.71553570 0.69625290 0.00000000
-0.07367549 1.50850700 0.01610248 1.00000000

0.99361820 0.10724550 0.03494594 0.00000000
-0.09000016 0.94055660 -0.32749520 0.00000000
-0.06799078 0.32226010 0.94420650 0.00000000
-0.12777460 1.58635300 -0.05947582 1.00000000

0.99361820 0.10724550 0.03494594 0.00000000
-0.09000016 0.94055660 -0.32749520 0.00000000
-0.06799078 0.32226010 0.94420650 0.00000000
-0.12461360 1.59956300 -0.18989600 1.00000000

0.97004970 -0.19985530 0.13806300 0.00000000
-0.24033710 -0.87213100 0.42617600 0.00000000
0.03523543 -0.44659360 -0.89404320 0.00000000
-0.07352303 1.60352800 -0.16352400 1.00000000

0.93882640 0.34092220 -0.04875410 0.00000000
-0.32832630 0.84328760 -0.42552100 0.00000000
-0.10395570 0.41549760 0.90363430 0.00000000
-0.17822270 1.59044200 -0.16562780 1.00000000

0.99361820 0.10724540 0.03494588 0.00000000
0.09000016 -0.94055660 0.32749520 0.00000000
0.06799072 -0.32226010 -0.94420640 0.00000000
-0.09059407 1.62156000 -0.16159920 1.00000000

0.99361820 0.10724550 0.03494594 0.00000000
-0.09000016 0.94055660 -0.32749520 0.00000000
-0.06799078 0.32226010 0.94420650 0.00000000
-0.16442030 1.61359100 -0.16419540 1.00000000

0.96864730 0.23318700 -0.08570981 0.00000000
0.24843590 -0.91111650 0.32885600 0.00000000
-0.00140667 -0.33983880 -0.94048270 0.00000000
-0.10794520 1.61373300 -0.20045960 1.00000000

0.97614560 0.21708380 -0.00380039 0.00000000
-0.20619670 0.92142450 -0.32933250 0.00000000
-0.06799078 0.32226010 0.94420650 0.00000000
-0.13968790 1.61168200 -0.20316280 1.00000000

0.97275340 0.13458670 0.18877870 0.00000000
0.11228570 -0.98587510 0.12426840 0.00000000
0.20283710 -0.09968535 -0.97412560 0.00000000
-0.06121156 1.64035500 -0.18550320 1.00000000

0.99413500 0.08888578 -0.06160274 0.00000000
-0.09958065 0.97454610 -0.20085720 0.00000000
0.04218143 0.20581360 0.97768190 0.00000000
-0.19547230 1.62671700 -0.19163290 1.00000000

0.97710680 0.21273700 -0.00224760 0.00000000
0.20144600 -0.92174570 0.33136760 0.00000000
0.06842226 -0.32423420 -0.94349930 0.00000000
-0.09061001 1.62176400 -0.16177020 1.00000000

0.99742670 0.00038282 0.07169250 0.00000000
0.02545881 0.93292120 -0.35917960 0.00000000
-0.06702092 0.36008050 0.93051090 0.00000000
-0.16441810 1.61358100 -0.16422520 1.00000000

0.98326410 0.17322920 0.05641991 0.00000000
-0.14772020 0.93931560 -0.30962110 0.00000000
-0.10663150 0.29610490 0.94918470 0.00000000
-0.12672380 1.58987500 -0.10016220 1.00000000

0.91346000 0.40305230 0.05603448 0.00000000
0.38706520 -0.90309080 0.18603190 0.00000000
0.12558460 -0.14824370 -0.98094460 0.00000000
-0.08784746 1.53612100 -0.18576350 1.00000000

0.98294450 0.17524710 0.05575463 0.00000000
-0.16182190 0.96825560 -0.19051240 0.00000000
-0.08737141 0.17824090 0.98010030 0.00000000
-0.11454520 1.54745500 -0.19732420 1.00000000

0.99693680 -0.07731216 -0.01183110 0.00000000
0.07442203 0.98422810 -0.16048820 0.00000000
0.02405223 0.15911620 0.98696680 0.00000000
-0.14163610 1.52872800 -0.18616140 1.00000000

0.99458230 0.01687923 0.10257320 0.00000000
-0.02504063 -0.91877230 0.39399330 0.00000000
0.10089160 -0.39442740 -0.91337200 0.00000000
-0.06668252 1.54729200 -0.15565630 1.00000000

0.95199690 0.30159630 -0.05236149 0.00000000
-0.29674840 0.86731140 -0.39963880 0.00000000
-0.07511583 0.39599310 0.91517600 0.00000000
-0.17477070 1.53121600 -0.15609170 1.00000000

0.98240040 0.14821710 0.11367180 0.00000000
0.07150187 -0.86061550 0.50421110 0.00000000
0.17256020 -0.48720940 -0.85606660 0.00000000
-0.09286754 1.55901800 -0.18137850 1.00000000

0.99049280 0.13523890 0.02518988 0.00000000
-0.10448960 0.85872560 -0.50166950 0.00000000
-0.08947635 0.49426800 0.86469260 0.00000000
-0.11862290 1.55786000 -0.18819880 1.00000000

0.98698830 0.14556420 -0.06830299 0.00000000
-0.15923500 0.82587810 -0.54089700 0.00000000
-0.02232522 0.54473530 0.83831100 0.00000000
-0.14628520 1.55397400 -0.18224700 1.00000000

0.99358130 0.10763080 0.03481171 0.00000000
0.08071387 -0.89015010 0.44846200 0.00000000
0.07925585 -0.44277370 -0.89312370 0.00000000
-0.10398240 1.58430200 -0.18546270 1.00000000

0.99358130 0.10763080 0.03481171 0.00000000
-0.08071385 0.89015000 -0.44846190 0.00000000
-0.07925582 0.44277370 0.89312370 0.00000000
-0.12131100 1.57244800 -0.20057640 1.00000000

0.99358130 0.10763080 0.03481171 0.00000000
-0.08071385 0.89015000 -0.44846190 0.00000000
-0.07925582 0.44277370 0.89312370 0.00000000
-0.14182070 1.58001500 -0.18672450 1.00000000

0.99361820 0.10724550 0.03494594 0.00000000
-0.09002835 0.94069020 -0.32710420 0.00000000
-0.06795356 0.32187060 0.94434190 0.00000000
-0.13482910 1.67201700 -0.12179540 1.00000000

0.39355410 -0.83907100 0.37559980 0.00000000
0.40111060 -0.21089870 -0.89142130 0.00000000
0.82717920 0.50147950 0.25356020 0.00000000
-0.09367097 1.45670000 0.07090543 1.00000000

0.83067820 -0.47081290 0.29716840 0.00000000
0.55665410 0.71238630 -0.42736670 0.00000000
-0.01048902 0.52042410 0.85384360 0.00000000
-0.18348200 1.50392700 0.27048800 1.00000000

0.86940090 -0.40931280 0.27677670 0.00000000
-0.03107065 0.51375840 0.85737220 0.00000000
-0.49312980 -0.75399980 0.43394440 0.00000000
-0.34990210 1.29094500 0.39825740 1.00000000

0.99926830 -0.01363824 0.03573629 0.00000000
-0.01572296 0.70524170 0.70879280 0.00000000
-0.03486931 -0.70883600 0.70451110 0.00000000
