MeshAnim
1
35
79
30
0.74545310 0.03277162 -0.66575190 0.00000000
-0.08392826 0.99545630 -0.04497452 0.00000000
0.66125310 0.08940181 0.74481650 0.00000000
0.01312186 0.86465350 0.00102533 1.00000000

0.97118690 0.20137500 0.12745290 0.00000000
0.23140880 -0.92469070 -0.30232030 0.00000000
0.05697456 0.32310320 -0.94464730 0.00000000
0.11096340 0.83758100 -0.08981209 1.00000000

0.97118690 0.20137500 0.12745290 0.00000000
0.15902400 -0.94591120 0.28277880 0.00000000
0.17750350 -0.25436300 -0.95067990 0.00000000
0.21286530 0.43038950 -0.22294010 1.00000000

0.99132810 0.06231830 -0.11569310 0.00000000
0.06203513 -0.99805580 -0.00605083 0.00000000
-0.11584540 -0.00117872 -0.99326680 0.00000000
0.26358780 0.12868010 -0.13274450 1.00000000

0.99116860 0.06228925 -0.11706690 0.00000000
0.06660189 -0.99722440 0.03329090 0.00000000
-0.11466840 -0.04079388 -0.99256610 0.00000000
0.25417830 0.02453077 -0.26947160 1.00000000

0.52401640 -0.29522780 -0.79890380 0.00000000
0.29523210 0.94280860 -0.15475800 0.00000000
0.79890230 -0.15476630 0.58120790 0.00000000
-0.08661766 0.82889450 0.08664428 1.00000000

0.52401450 -0.29523400 -0.79890290 0.00000000
-0.15297220 0.89012210 -0.42928110 0.00000000
0.83785940 0.34715940 0.42127420 0.00000000
-0.21662410 0.41372540 0.15479260 1.00000000

0.44429870 -0.10249560 -0.88999620 0.00000000
0.05992603 0.99460910 -0.08462720 0.00000000
0.89387230 -0.01573420 0.44804580 0.00000000
-0.16783200 0.12981020 0.29171720 1.00000000

0.43528010 -0.10270190 -0.89441800 0.00000000
-0.03788717 0.99050240 -0.13217310 0.00000000
0.89949750 0.09141927 0.42725490 0.00000000
-0.29655320 0.02833754 0.23914330 1.00000000

0.57907630 -0.14419930 -0.80241960 0.00000000
-0.03839955 0.97831730 -0.20352070 0.00000000
0.81436860 0.14866650 0.56098320 0.00000000
0.00052236 1.00030700 -0.00641113 1.00000000

0.59664370 -0.11065910 -0.79484020 0.00000000
-0.08588547 0.97595390 -0.20034370 0.00000000
0.79789730 0.18779900 0.57279280 0.00000000
-0.00610271 1.16909500 -0.04152448 1.00000000

0.60181370 -0.43103850 -0.67232890 0.00000000
-0.26368050 0.68739810 -0.67672470 0.00000000
0.75385200 0.58454220 0.30002920 0.00000000
-0.01351334 1.35424400 -0.07286392 1.00000000

-0.08079726 0.85327510 -0.51516340 0.00000000
0.76019840 -0.28152680 -0.58552650 0.00000000
-0.64464730 -0.43893530 -0.62591170 0.00000000
0.00624936 1.39874200 -0.17784310 1.00000000

0.32854100 0.57156320 -0.75191520 0.00000000
0.38816760 -0.80747680 -0.44419270 0.00000000
-0.86103810 -0.14593350 -0.48715150 0.00000000
0.17645360 1.33571000 -0.30893280 1.00000000

0.32730580 0.57141010 -0.75257000 0.00000000
-0.15741490 -0.75233650 -0.63969550 0.00000000
-0.93171430 0.32784160 -0.15629540 0.00000000
0.29250170 1.09430400 -0.44173070 1.00000000

0.58406700 0.33458380 -0.73954030 0.00000000
-0.39837160 -0.67566260 -0.62030640 0.00000000
-0.70722400 0.65691230 -0.26134310 0.00000000
0.25296320 0.90533710 -0.60240550 1.00000000

-0.50601700 -0.21217320 0.83602000 0.00000000
-0.70722400 0.65691230 -0.26134310 0.00000000
-0.49374180 -0.72349740 -0.48246290 0.00000000
0.14120990 0.83541650 -0.64792800 1.00000000

-0.48537780 -0.51732640 -0.70482760 0.00000000
-0.57619890 -0.41704580 0.70289970 0.00000000
-0.65757380 0.74729270 -0.09565797 0.00000000
0.14738250 0.85724510 -0.70124470 1.00000000

-0.29047640 -0.12967040 0.94805560 0.00000000
0.69343140 0.65420540 0.30194070 0.00000000
-0.65937570 0.74511800 -0.10011360 0.00000000
0.11571100 0.83432170 -0.66260900 1.00000000

-0.42428900 -0.69022920 -0.58614220 0.00000000
-0.56686430 -0.30231590 0.76633560 0.00000000
-0.70614710 0.65741040 -0.26299680 0.00000000
0.17931200 0.82723780 -0.69190820 1.00000000

-0.26807410 0.10189940 0.95799410 0.00000000
0.65508940 0.74840010 0.10370730 0.00000000
-0.70639510 0.65537270 -0.26737980 0.00000000
0.14742210 0.81071140 -0.64773540 1.00000000

-0.44726580 -0.84294970 -0.29898010 0.00000000
-0.43135810 -0.08953200 0.89772740 0.00000000
-0.78350720 0.53049020 -0.32356830 0.00000000
0.20706890 0.79803730 -0.67699910 1.00000000

-0.27437700 0.17185140 0.94614200 0.00000000
0.55752470 0.83008860 0.01090750 0.00000000
-0.78350720 0.53049020 -0.32356850 0.00000000
0.18374750 0.79319670 -0.62846340 1.00000000

-0.50162860 -0.86192850 -0.07381088 0.00000000
-0.41170700 0.16282230 0.89665320 0.00000000
-0.76083260 0.48017520 -0.43653790 0.00000000
0.22997020 0.77453800 -0.66304870 1.00000000

-0.11372880 0.57093190 0.81308230 0.00000000
0.63657830 0.67020570 -0.38156610 0.00000000
-0.76278030 0.47419540 -0.43966430 0.00000000
0.20988380 0.78333440 -0.61842440 1.00000000

-0.46074940 0.67380950 -0.57765980 0.00000000
-0.79565620 -0.60197090 -0.06754044 0.00000000
-0.39324420 0.42849940 0.81347880 0.00000000
0.15191790 0.90678400 -0.63958160 1.00000000

-0.91295350 -0.40270090 -0.06593835 0.00000000
0.32939420 -0.82264230 0.46342090 0.00000000
-0.24086400 0.40136210 0.88368180 0.00000000
0.10374370 0.87211010 -0.64460530 1.00000000

0.49193600 0.50193810 -0.71137690 0.00000000
-0.15741490 -0.75233650 -0.63969550 0.00000000
-0.85628220 0.42667070 -0.29108870 0.00000000
0.27445590 1.00805800 -0.51506410 1.00000000

0.04985219 0.50714040 -0.86042050 0.00000000
0.38675190 -0.80408170 -0.45152590 0.00000000
-0.92083540 -0.31025980 -0.23622280 0.00000000
0.17645360 1.33571000 -0.30893280 1.00000000

0.06200337 0.50377540 -0.86160670 0.00000000
0.38816760 -0.80747680 -0.44419270 0.00000000
-0.91950080 -0.30690640 -0.24561540 0.00000000
0.25020540 1.18228900 -0.39332950 1.00000000

0.32003170 0.35319270 -0.87911020 0.00000000
0.60917020 -0.78737970 -0.09457631 0.00000000
-0.72559710 -0.50526030 -0.46714090 0.00000000
0.20268860 1.36641900 -0.37938830 1.00000000

0.93281080 -0.07344866 -0.35280200 0.00000000
-0.26617200 0.51954970 -0.81192400 0.00000000
0.24293280 0.85127750 0.46509180 0.00000000
-0.06220106 1.47760000 -0.19553010 1.00000000

0.99704170 0.03528743 -0.06828317 0.00000000
-0.04362219 0.99123500 -0.12470100 0.00000000
0.06328428 0.12731080 0.98984190 0.00000000
-0.09447134 1.54059000 -0.29396670 1.00000000

0.99704170 0.03528743 -0.06828317 0.00000000
-0.04362219 0.99123500 -0.12470100 0.00000000
0.06328428 0.12731080 0.98984190 0.00000000
-0.10440140 1.57979900 -0.41869830 1.00000000

0.95842860 -0.28425960 -0.02471524 0.00000000
-0.26686240 -0.92367810 0.27496130 0.00000000
-0.10098920 -0.25693520 -0.96113780 0.00000000
-0.05059282 1.57510500 -0.39859740 1.00000000

0.95383250 0.28406640 -0.09751794 0.00000000
-0.29870390 0.93107610 -0.20945910 0.00000000
0.03129625 0.22891770 0.97294270 0.00000000
-0.15563550 1.56932200 -0.39021330 1.00000000

0.99704160 0.03528738 -0.06828329 0.00000000
0.04362219 -0.99123500 0.12470100 0.00000000
-0.06328443 -0.12731080 -0.98984190 0.00000000
-0.06573267 1.59340600 -0.39110380 1.00000000

0.99704170 0.03528743 -0.06828317 0.00000000
-0.04362219 0.99123500 -0.12470100 0.00000000
0.06328428 0.12731080 0.98984190 0.00000000
-0.13981330 1.59078300 -0.38603030 1.00000000

0.97004370 0.18443160 -0.15811480 0.00000000
0.20321000 -0.97269540 0.11211350 0.00000000
-0.13312030 -0.14088540 -0.98103540 0.00000000
-0.08782223 1.59474300 -0.42828880 1.00000000

0.98499800 0.15158320 -0.08247083 0.00000000
-0.16054290 0.98021140 -0.11580810 0.00000000
0.06328428 0.12731080 0.98984190 0.00000000
-0.11972830 1.59528200 -0.42738420 1.00000000

0.99548800 0.03205714 0.08930662 0.00000000
0.03965321 -0.99562390 -0.08462293 0.00000000
0.08620328 0.08778249 -0.99240300 0.00000000
-0.03761598 1.61478200 -0.41435210 1.00000000

0.98545680 0.03693241 -0.16586430 0.00000000
-0.03638812 0.99931770 0.00632031 0.00000000
0.16598430 -0.00019287 0.98612840 0.00000000
-0.17241890 1.61113400 -0.40632940 1.00000000

0.98574400 0.14695990 -0.08192387 0.00000000
0.15603200 -0.98064050 0.11831450 0.00000000
-0.06295034 -0.12941060 -0.98959100 0.00000000
-0.06574953 1.59364100 -0.39122870 1.00000000

0.99559280 -0.07683611 -0.05376935 0.00000000
0.06660839 0.98296040 -0.17132440 0.00000000
0.06601715 0.16698780 0.98374640 0.00000000
-0.13981530 1.59077900 -0.38606150 1.00000000

0.99482020 0.09604871 -0.03327861 0.00000000
-0.09894340 0.99001570 -0.10039670 0.00000000
0.02330327 0.10316920 0.99439070 0.00000000
-0.09755681 1.55223200 -0.33300280 1.00000000

0.94548300 0.32507690 0.01966843 0.00000000
0.32563660 -0.94454010 -0.04248360 0.00000000
0.00476736 0.04657231 -0.99890360 0.00000000
-0.07301657 1.51465900 -0.43156500 1.00000000

0.99460530 0.09817579 -0.03349426 0.00000000
-0.09744229 0.99497820 0.02287698 0.00000000
0.03557202 -0.01948981 0.99917720 0.00000000
-0.09973609 1.52975900 -0.43730280 1.00000000

0.97930880 -0.13575240 -0.15008490 0.00000000
0.14115810 0.98964760 0.02592070 0.00000000
0.14501230 -0.04657022 0.98833320 0.00000000
-0.12696480 1.51089400 -0.42672340 1.00000000

0.99756180 -0.06681289 -0.02016160 0.00000000
-0.06118266 -0.97623500 0.20789900 0.00000000
-0.03357285 -0.20615850 -0.97794280 0.00000000
-0.04781480 1.51812700 -0.40272030 1.00000000

0.96308900 0.24554580 -0.11030420 0.00000000
-0.26254110 0.94730860 -0.18351750 0.00000000
0.05943009 0.20570290 0.97680830 0.00000000
-0.15628930 1.50929600 -0.39287380 1.00000000

0.99804000 0.06003054 0.01767638 0.00000000
0.05144279 -0.94786630 0.31448850 0.00000000
0.03563374 -0.31296270 -0.94909680 0.00000000
-0.07553461 1.53645600 -0.42222540 1.00000000

0.99529990 0.06481908 -0.07194775 0.00000000
-0.08399686 0.94757520 -0.30829470 0.00000000
0.04819268 0.31288910 0.94856630 0.00000000
-0.10188280 1.53832800 -0.42589540 1.00000000

0.98254070 0.09412440 -0.16048150 0.00000000
-0.14531710 0.92688780 -0.34606610 0.00000000
0.11617500 0.36334480 0.92438290 0.00000000
-0.12896410 1.53505900 -0.41743130 1.00000000

0.99702360 0.03569349 -0.06833425 0.00000000
0.05194678 -0.96597660 0.25335860 0.00000000
-0.05696586 -0.25615420 -0.96495600 0.00000000
-0.08480455 1.56269000 -0.41990760 1.00000000

0.99702360 0.03569349 -0.06833425 0.00000000
-0.05194674 0.96597680 -0.25335850 0.00000000
0.05696589 0.25615410 0.96495590 0.00000000
-0.10463370 1.55526600 -0.43477100 1.00000000

0.99702360 0.03569349 -0.06833425 0.00000000
-0.05194674 0.96597680 -0.25335850 0.00000000
0.05696589 0.25615410 0.96495590 0.00000000
-0.12278330 1.56113400 -0.41727960 1.00000000

0.99704170 0.03528743 -0.06828317 0.00000000
-0.04359600 0.99128760 -0.12429110 0.00000000
0.06330231 0.12690020 0.98989360 0.00000000
-0.10085070 1.63740000 -0.33708260 1.00000000

0.30365390 -0.86213160 0.40561490 0.00000000
0.41161530 -0.26523770 -0.87190710 0.00000000
0.85928290 0.43171530 0.27432610 0.00000000
-0.06082902 1.44344000 -0.11399670 1.00000000

-0.30411770 -0.74165170 -0.59788390 0.00000000
0.51306280 0.40129740 -0.75876670 0.00000000
0.80266990 -0.53750650 0.25847230 0.00000000
-0.15298030 1.50268400 0.08126200 1.00000000

-0.30297190 -0.74229300 -0.59767000 0.00000000
0.92579630 -0.37802250 0.00018930 0.00000000
-0.22607320 -0.55326330 0.80174220 0.00000000
-0.30501420 1.38376800 0.30610140 1.00000000

-0.02700531 -0.20452960 -0.97848790 0.00000000
0.91701040 -0.39473990 0.05720243 0.00000000
-0.39794780 -0.89573900 0.19821560 0.00000000
-0.53552400 1.47789000 0.30605520 1.00000000

-0.13548020 0.26318130 0.95518650 0.00000000
-0.35794180 -0.91196310 0.20050280 0.00000000
0.92386310 -0.31473680 0.21775640 0.00000000
-0.61742640 1.55175000 0.23703280 1.00000000

0.76929100 -0.61934480 -0.15685500 0.00000000
0.25871710 0.07750559 0.96283880 0.00000000
-0.58417190 -0.78128430 0.21985940 0.00000000
-0.63281750 1.59229200 0.28006370 1.00000000

0.54433800 -0.20297180 0.81394000 0.00000000
-0.62273060 0.55233290 0.55419790 0.00000000
-0.56205240 -0.80853640 0.17425890 0.00000000
-0.64703850 1.58803200 0.22713980 1.00000000

0.79237630 -0.55254630 -0.25851960 0.00000000
0.31677630 0.01052445 0.94844190 0.00000000
-0.52133730 -0.83341580 0.18337280 0.00000000
-0.65219060 1.55326700 0.29049750 1.00000000

0.46972470 -0.13826750 0.87191780 0.00000000
-0.72720030 0.49938230 0.47095310 0.00000000
-0.50053790 -0.85527740 0.13402410 0.00000000
-0.66944720 1.55217200 0.23625480 1.00000000

0.87093170 -0.40299850 -0.28119460 0.00000000
0.32580400 0.04517306 0.94435760 0.00000000
-0.36787210 -0.91408510 0.17064090 0.00000000
-0.66878210 1.51384500 0.29451020 1.00000000

0.56644990 -0.10613200 0.81723340 0.00000000
-0.74576470 0.35596030 0.56314060 0.00000000
-0.35066980 -0.92845480 0.12248400 0.00000000
-0.68639670 1.51140400 0.24345370 1.00000000

0.90869540 -0.35813710 -0.21450040 0.00000000
0.22243200 -0.01943986 0.97475450 0.00000000
-0.35326550 -0.93346670 0.06199616 0.00000000
-0.68120940 1.48051300 0.29691240 1.00000000

0.59828110 -0.19104830 0.77817770 0.00000000
-0.73440590 0.25768290 0.62789140 0.00000000
-0.32048050 -0.94715370 0.01385975 0.00000000
-0.69153090 1.48121700 0.24828010 1.00000000

-0.94632400 -0.27840300 -0.16420300 0.00000000
-0.10453860 -0.21708870 0.97053830 0.00000000
-0.30584740 0.93560930 0.17633250 0.00000000
-0.55748930 1.56825200 0.25680460 1.00000000

-0.05571061 -0.25362960 0.96569600 0.00000000
0.95423820 0.27109160 0.12624880 0.00000000
-0.29381230 0.92853750 0.22692070 0.00000000
-0.54962310 1.58166100 0.19930160 1.00000000

-0.19574540 -0.47981890 -0.85525290 0.00000000
0.92579630 -0.37802250 0.00018930 0.00000000
-0.32339560 -0.79175320 0.51821070 0.00000000
-0.41115000 1.42710300 0.30607920 1.00000000

0.67708340 -0.73524250 0.03124684 0.00000000
0.48929390 0.41806190 -0.76538610 0.00000000
0.54968130 0.53351900 0.64281240 0.00000000
-0.15298050 1.50268400 0.08126208 1.00000000

0.41939790 -0.88847840 -0.18631110 0.00000000
0.51306280 0.40129740 -0.75876670 0.00000000
0.74891400 0.22263590 0.62414850 0.00000000
-0.25046300 1.42643600 0.22542650 1.00000000

0.65459570 -0.72110480 -0.22696300 0.00000000
0.11089170 0.38856710 -0.91472330 0.00000000
0.74780160 0.57360560 0.33431880 0.00000000
-0.20519760 1.56312100 0.09946286 1.00000000

0.99039690 -0.13825290 -0.00000003 0.00000000
0.13825290 0.99039700 0.00000002 0.00000000
0.00000003 0.00000000 1.00000000 0.00000000
-0.14984020 0.90040180 0.06816300 1.00000000

1.00000000 0.00000000 0.00000000 0.00000000
0.00000000 1.00000000 0.00000000 0.00000000
0.00000000 0.00000000 1.00000000 0.00000000
0.00000000 0.00000000 0.00000000 1.00000000

1.00000000 0.00000000 0.00000000 0.00000000
0.00000000 1.00000000 0.00000000 0.00000000
0.00000000 0.00000000 1.00000000 0.00000000
0.00000000 0.00000000 0.00000000 1.00000000

0.75001910 0.04125763 -0.66012820 0.00000000
-0.09636584 0.99421910 -0.04735004 0.00000000
0.65435850 0.09912724 0.74965910 0.00000000
0.01561272 0.86443390 -0.00124062 1.00000000

0.97249440 0.19776820 0.12305410 0.00000000
0.22642940 -0.92657860 -0.30030340 0.00000000
0.05462876 0.31990650 -0.94587310 0.00000000
0.11448300 0.83847220 -0.09128498 1.00000000

0.97249440 0.19776820 0.12305410 0.00000000
0.15615620 -0.94555320 0.28556040 0.00000000
0.17282890 -0.25849030 -0.95042800 0.00000000
0.21419220 0.43044940 -0.22352490 1.00000000

0.99125860 0.06278764 -0.11603410 0.00000000
0.06242682 -0.99802680 -0.00674574 0.00000000
-0.11622870 -0.00055687 -0.99322260 0.00000000
0.26400000 0.12885400 -0.13244200 1.00000000

0.99110700 0.06321032 -0.11709560 0.00000000
0.06756620 -0.99714890 0.03360585 0.00000000
-0.11463750 -0.04121874 -0.99255190 0.00000000
0.25457870 0.02479309 -0.26923550 1.00000000

0.52300890 -0.29989100 -0.79782650 0.00000000
0.29676720 0.94155680 -0.15937370 0.00000000
0.79899370 -0.15341490 0.58144040 0.00000000
-0.08430829 0.82753650 0.08368083 1.00000000

0.52300690 -0.29989730 -0.79782550 0.00000000
-0.15307960 0.88778220 -0.43406130 0.00000000
0.83846910 0.34914790 0.41840810 0.00000000
-0.21499070 0.41291870 0.15386160 1.00000000

0.44386780 -0.10442770 -0.88998660 0.00000000
0.05882333 0.99443970 -0.08734654 0.00000000
0.89415960 -0.01358163 0.44754250 0.00000000
-0.16616440 0.12974970 0.29231100 1.00000000

0.43501280 -0.10410410 -0.89438610 0.00000000
-0.03846144 0.99023880 -0.13396800 0.00000000
0.89960260 0.09267716 0.42676260 0.00000000
-0.29481000 0.02799982 0.24008930 1.00000000

0.58660070 -0.14291340 -0.79716710 0.00000000
-0.04594398 0.97684980 -0.20893450 0.00000000
0.80857210 0.15918620 0.56645470 0.00000000
0.00132842 0.99990150 -0.00900957 1.00000000

0.60351480 -0.11081000 -0.78961460 0.00000000
-0.09217092 0.97396240 -0.20712800 0.00000000
0.79200660 0.19778430 0.57758710 0.00000000
-0.00659827 1.16843700 -0.04505698 1.00000000

0.60992210 -0.43187090 -0.66444150 0.00000000
-0.26273130 0.68083090 -0.68369700 0.00000000
0.74764130 0.59157150 0.30178780 0.00000000
-0.01525240 1.35332100 -0.07761694 1.00000000

-0.08256581 0.84745310 -0.52441070 0.00000000
0.76599240 -0.28265500 -0.57737490 0.00000000
-0.63752540 -0.44936590 -0.62580480 0.00000000
0.00505659 1.39719900 -0.18275270 1.00000000

0.33079870 0.56403340 -0.75659690 0.00000000
0.40642120 -0.80872130 -0.42519630 0.00000000
-0.85170080 -0.16684250 -0.49675890 0.00000000
0.17655800 1.33391500 -0.31201730 1.00000000

0.32957540 0.56385100 -0.75726640 0.00000000
-0.12388450 -0.76931740 -0.62674050 0.00000000
-0.93596640 0.30037200 -0.18369560 0.00000000
0.29806330 1.09213700 -0.43913590 1.00000000

0.58892770 0.33890100 -0.73369650 0.00000000
-0.36434970 -0.69900720 -0.61533610 0.00000000
-0.72139700 0.62971070 -0.28818620 0.00000000
0.26694670 0.89890430 -0.59655680 1.00000000

-0.51671200 -0.21237100 0.82940200 0.00000000
-0.72139700 0.62971060 -0.28818610 0.00000000
-0.46108060 -0.74723730 -0.47858270 0.00000000
0.15837090 0.82472090 -0.64301200 1.00000000

-0.45437760 -0.54503150 -0.70461480 0.00000000
-0.57776670 -0.42173900 0.69880070 0.00000000
-0.67803180 0.72462220 -0.12327230 0.00000000
0.16498910 0.84574610 -0.69659770 1.00000000

-0.30620280 -0.12116640 0.94422400 0.00000000
0.66654770 0.68087140 0.30352710 0.00000000
-0.67967220 0.72231110 -0.12772150 0.00000000
0.13323150 0.82256480 -0.65818720 1.00000000

-0.39051950 -0.71374090 -0.58143690 0.00000000
-0.57328920 -0.30562690 0.76021840 0.00000000
-0.72030160 0.63021150 -0.28982660 0.00000000
0.19762080 0.81692180 -0.68604150 1.00000000

-0.29112730 0.11113100 0.95020770 0.00000000
0.62950490 0.77016690 0.10279500 0.00000000
-0.72039470 0.62808690 -0.29417410 0.00000000
0.16533250 0.80022860 -0.64222230 1.00000000

-0.41482540 -0.86179270 -0.29194870 0.00000000
-0.44716160 -0.08635558 0.89027490 0.00000000
-0.79244360 0.49985670 -0.34953800 0.00000000
0.22594120 0.78887680 -0.67001570 1.00000000

-0.29932230 0.18062370 0.93689980 0.00000000
0.53145050 0.84706480 0.00648427 0.00000000
-0.79244360 0.49985680 -0.34953800 0.00000000
0.20176540 0.78420780 -0.62188290 1.00000000

-0.47329580 -0.87830500 -0.06761585 0.00000000
-0.43524150 0.16642470 0.88479830 0.00000000
-0.76586970 0.44820050 -0.46104260 0.00000000
0.24925460 0.76636060 -0.65515590 1.00000000

-0.14823200 0.58198600 0.79957500 0.00000000
0.62359310 0.68252070 -0.38117880 0.00000000
-0.76756710 0.44210660 -0.46409370 0.00000000
0.22797540 0.77534850 -0.61112640 1.00000000

-0.46897010 0.64843240 -0.59966870 0.00000000
-0.77522540 -0.62753390 -0.07229978 0.00000000
-0.42319400 0.43097210 0.79697560 0.00000000
0.16670740 0.89652790 -0.63580890 1.00000000

-0.89858700 -0.43200720 -0.07688636 0.00000000
0.34466890 -0.80335020 0.48562590 0.00000000
-0.27156040 0.40987670 0.87077900 0.00000000
0.11973540 0.86028800 -0.64115410 1.00000000

0.49248190 0.50065930 -0.71190040 0.00000000
-0.12388450 -0.76931740 -0.62674050 0.00000000
-0.86146070 0.39685190 -0.31685090 0.00000000
0.28386130 1.00394400 -0.51098410 1.00000000

0.06439832 0.49713870 -0.86527820 0.00000000
0.40513940 -0.80543080 -0.43260120 0.00000000
-0.91198420 -0.32269940 -0.25327890 0.00000000
0.17655810 1.33391500 -0.31201730 1.00000000

0.07210445 0.49230100 -0.86743350 0.00000000
0.40642120 -0.80872130 -0.42519630 0.00000000
-0.91083650 -0.32188480 -0.25839390 0.00000000
0.25377800 1.18025800 -0.39280460 1.00000000

0.32390480 0.34623850 -0.88045730 0.00000000
0.61473410 -0.78442670 -0.08232459 0.00000000
-0.71915790 -0.51458160 -0.46692400 0.00000000
0.20338680 1.36401700 -0.38300320 1.00000000

0.93668940 -0.06756383 -0.34358140 0.00000000
-0.26289980 0.51242650 -0.81749800 0.00000000
0.23129350 0.85606910 0.46222180 0.00000000
-0.06375992 1.47548100 -0.20154510 1.00000000

0.99742130 0.04368062 -0.05694497 0.00000000
-0.05065086 0.99056390 -0.12734890 0.00000000
0.05084500 0.12990470 0.99022210 0.00000000
-0.09563353 1.53760600 -0.30065750 1.00000000

0.99742130 0.04368062 -0.05694497 0.00000000
-0.05065086 0.99056390 -0.12734890 0.00000000
0.05084500 0.12990470 0.99022210 0.00000000
-0.10446770 1.57647000 -0.42557960 1.00000000

0.96104100 -0.27609410 -0.01312643 0.00000000
-0.26210110 -0.92535560 0.27389860 0.00000000
-0.08776844 -0.25978730 -0.96166940 0.00000000
-0.05085487 1.57227900 -0.40485410 1.00000000

0.95242790 0.29201930 -0.08721358 0.00000000
-0.30422140 0.92804740 -0.21488930 0.00000000
0.01818657 0.23119890 0.97273670 0.00000000
-0.15593350 1.56561400 -0.39766000 1.00000000

0.99742130 0.04368067 -0.05694497 0.00000000
0.05065086 -0.99056390 0.12734890 0.00000000
-0.05084506 -0.12990470 -0.99022210 0.00000000
-0.06623526 1.59046500 -0.39757410 1.00000000

0.99742130 0.04368062 -0.05694497 0.00000000
-0.05065086 0.99056390 -0.12734890 0.00000000
0.05084500 0.12990470 0.99022210 0.00000000
-0.14034410 1.58721900 -0.39334290 1.00000000

0.97018240 0.19240120 -0.14740410 0.00000000
0.21020840 -0.97068490 0.11654820 0.00000000
-0.12065890 -0.14405850 -0.98218570 0.00000000
-0.08790779 1.59153600 -0.43501230 1.00000000

0.98454860 0.15983930 -0.07152253 0.00000000
-0.16756740 0.97855820 -0.11977060 0.00000000
0.05084500 0.12990470 0.99022210 0.00000000
-0.11982560 1.59180400 -0.43447400 1.00000000

0.99408920 0.04076471 0.10062350 0.00000000
0.04911919 -0.99542150 -0.08199683 0.00000000
0.09682018 0.08645478 -0.99154030 0.00000000
-0.03803751 1.61203300 -0.42054550 1.00000000

0.98694220 0.04502362 -0.15465560 0.00000000
-0.04498837 0.99898050 0.00372878 0.00000000
0.15466570 0.00327749 0.98796160 0.00000000
-0.17288740 1.60724700 -0.41405810 1.00000000

0.98532780 0.15522380 -0.07095701 0.00000000
0.16303200 -0.97902060 0.12222610 0.00000000
-0.05049610 -0.13200110 -0.98996260 0.00000000
-0.06625272 1.59069900 -0.39769970 1.00000000

0.99676350 -0.06842085 -0.04220486 0.00000000
0.06017357 0.98313680 -0.17268950 0.00000000
0.05330876 0.16959100 0.98407190 0.00000000
-0.14034570 1.58721500 -0.39337410 1.00000000

0.99428020 0.10449340 -0.02210039 0.00000000
-0.10623460 0.98892150 -0.10367660 0.00000000
0.01102212 0.10543130 0.99436570 0.00000000
-0.09837068 1.54914100 -0.33975160 1.00000000

0.94238580 0.33320020 0.02978000 0.00000000
0.33415400 -0.94180390 -0.03669859 0.00000000
0.01581886 0.04453547 -0.99888280 0.00000000
-0.07238239 1.51157500 -0.43794450 1.00000000

0.99404950 0.10661800 -0.02232319 0.00000000
-0.10618900 0.99415290 0.01959500 0.00000000
0.02428189 -0.01710797 0.99955890 0.00000000
-0.09916237 1.52643300 -0.44402060 1.00000000

0.98208820 -0.12767430 -0.13857190 0.00000000
0.13239760 0.99087170 0.02538086 0.00000000
0.13406670 -0.04327285 0.99002720 0.00000000
-0.12634850 1.50735800 -0.43371240 1.00000000

0.99826150 -0.05831123 -0.00859842 0.00000000
-0.05522504 -0.97628910 0.20930910 0.00000000
-0.02059990 -0.20847030 -0.97781200 0.00000000
-0.04754347 1.51531900 -0.40882080 1.00000000

0.96215870 0.25355290 -0.09980926 0.00000000
-0.26849830 0.94464250 -0.18857100 0.00000000
0.04647133 0.20823380 0.97697450 0.00000000
-0.15604430 1.50558000 -0.40019730 1.00000000

0.99722310 0.06861006 0.02896631 0.00000000
0.05592501 -0.94673560 0.31711860 0.00000000
0.04918092 -0.31461790 -0.94794360 0.00000000
-0.07519336 1.53336900 -0.42868180 1.00000000

0.99546950 0.07318862 -0.06069365 0.00000000
-0.08854431 0.94617870 -0.31129720 0.00000000
0.03464368 0.31526090 0.94837260 0.00000000
-0.10151270 1.53500700 -0.43265720 1.00000000

0.98347640 0.10219960 -0.14943100 0.00000000
-0.14924870 0.92488860 -0.34972270 0.00000000
0.10246550 0.36624630 0.92485930 0.00000000
-0.12866040 1.53152400 -0.42449640 1.00000000

0.99740050 0.04408640 -0.05699724 0.00000000
0.05728421 -0.96496800 0.25603790 0.00000000
-0.04371265 -0.25863730 -0.96498510 0.00000000
-0.08471280 1.55952700 -0.42652730 1.00000000

0.99740050 0.04408640 -0.05699724 0.00000000
-0.05728424 0.96496800 -0.25603790 0.00000000
0.04371259 0.25863720 0.96498510 0.00000000
-0.10430620 1.55190300 -0.44160040 1.00000000

0.99740050 0.04408640 -0.05699724 0.00000000
-0.05728424 0.96496800 -0.25603790 0.00000000
0.04371259 0.25863720 0.96498510 0.00000000
-0.12270450 1.55765100 -0.42433070 1.00000000

0.99742130 0.04368062 -0.05694497 0.00000000
-0.05062982 0.99061770 -0.12693880 0.00000000
0.05086604 0.12949450 0.99027480 0.00000000
-0.10234450 1.63426900 -0.34405410 1.00000000

0.30539390 -0.85777250 0.41347450 0.00000000
0.42064290 -0.26802980 -0.86672930 0.00000000
0.85427990 0.43861890 0.27896120 0.00000000
-0.06281565 1.44191100 -0.11976070 1.00000000

-0.29292540 -0.75057650 -0.59230870 0.00000000
0.52667130 0.39036530 -0.75513730 0.00000000
0.79800500 -0.53315110 0.28095910 0.00000000
-0.15698750 1.50178000 0.07433974 1.00000000

-0.29178360 -0.75121380 -0.59206440 0.00000000
0.92376810 -0.38183620 0.02922022 0.00000000
-0.24802220 -0.53840420 0.80536090 0.00000000
-0.31305380 1.38610400 0.29810360 1.00000000

-0.00233847 -0.21898660 -0.97572510 0.00000000
0.91416070 -0.39597600 0.08667985 0.00000000
-0.40534540 -0.89176690 0.20111500 0.00000000
-0.54305870 1.48117600 0.29082930 1.00000000

-0.15933340 0.27766300 0.94737350 0.00000000
-0.36545570 -0.90804810 0.20467330 0.00000000
0.91709080 -0.31361160 0.24615580 0.00000000
-0.62295530 1.55419100 0.21863110 1.00000000

0.77139830 -0.62339370 -0.12777080 0.00000000
0.23403200 0.09120594 0.96794140 0.00000000
-0.59175500 -0.77657080 0.21625020 0.00000000
-0.63934010 1.59540400 0.26064590 1.00000000

0.52263450 -0.19211640 0.83062900 0.00000000
-0.63530590 0.56195430 0.52971110 0.00000000
-0.56854170 -0.80454890 0.17164410 0.00000000
-0.65220430 1.59039100 0.20744150 1.00000000

0.79727600 -0.55816730 -0.22978320 0.00000000
0.29226150 0.02388358 0.95604030 0.00000000
-0.52814250 -0.82938470 0.18217250 0.00000000
-0.65908130 1.55658400 0.27115280 1.00000000

0.44672750 -0.12638440 0.88569840 0.00000000
-0.73773930 0.50801550 0.44459120 0.00000000
-0.50613780 -0.85202550 0.13370570 0.00000000
-0.67493750 1.55472300 0.21650490 1.00000000

0.87679400 -0.40915600 -0.25263420 0.00000000
0.30148500 0.05844659 0.95167820 0.00000000
-0.37461920 -0.91059080 0.17459990 0.00000000
-0.67587750 1.51726500 0.27531900 1.00000000

0.54491650 -0.09529012 0.83305850 0.00000000
-0.75906070 0.36602280 0.53838120 0.00000000
-0.35622070 -0.92571460 0.12712080 0.00000000
-0.69217710 1.51410600 0.22386660 1.00000000

0.91294800 -0.36339630 -0.18565900 0.00000000
0.19718970 -0.00546711 0.98035010 0.00000000
-0.35727050 -0.93161880 0.06666689 0.00000000
-0.68845250 1.48400100 0.27789260 1.00000000

0.57751320 -0.18085110 0.79609780 0.00000000
-0.74964010 0.26869240 0.60485060 0.00000000
-0.32329340 -0.94609610 0.01960036 0.00000000
-0.69751560 1.48400600 0.22900510 1.00000000

-0.94252920 -0.27861290 -0.18442830 0.00000000
-0.13009740 -0.20239650 0.97062410 0.00000000
-0.30775610 0.93883510 0.15451770 0.00000000
-0.56350310 1.57084700 0.23969660 1.00000000

-0.08125994 -0.23911890 0.96758450 0.00000000
0.95139900 0.27071980 0.14680330 0.00000000
-0.29704760 0.93248790 0.20549860 0.00000000
-0.55412160 1.58338100 0.18222340 1.00000000

-0.17656660 -0.49238490 -0.85228010 0.00000000
0.92376810 -0.38183620 0.02922022 0.00000000
-0.33981890 -0.78214990 0.52226910 0.00000000
-0.41895720 1.42987700 0.29475340 1.00000000

0.67664570 -0.73429440 0.05442801 0.00000000
0.50302130 0.40701580 -0.76243540 0.00000000
0.53769880 0.54327710 0.64477130 0.00000000
-0.15698770 1.50178000 0.07433981 1.00000000

0.42301850 -0.89087870 -0.16550140 0.00000000
0.52667130 0.39036530 -0.75513730 0.00000000
0.73734150 0.23227220 0.63433190 0.00000000
-0.25705580 1.42760900 0.21781460 1.00000000

0.66086350 -0.71846430 -0.21695240 0.00000000
0.11634290 0.38365330 -0.91611940 0.00000000
0.74143360 0.58018900 0.33713060 0.00000000
-0.20886070 1.56142000 0.09083793 1.00000000

0.98947790 -0.14468430 0.00000140 0.00000000
0.14468440 0.98947780 -0.00001852 0.00000000
0.00000122 0.00001850 1.00000000 0.00000000
-0.14830170 0.89819420 0.06459505 1.00000000

1.00000000 0.00000000 0.00000000 0.00000000
0.00000000 1.00000000 0.00000000 0.00000000
0.00000000 0.00000000 1.00000000 0.00000000
0.00000000 0.00000000 0.00000000 1.00000000

1.00000000 0.00000000 0.00000000 0.00000000
0.00000000 1.00000000 0.00000000 0.00000000
0.00000000 0.00000000 1.00000000 0.00000000
0.00000000 0.00000000 0.00000000 1.00000000

0.75351210 0.04990959 -0.65553680 0.00000000
-0.10859180 0.99286670 -0.04922934 0.00000000
0.64840360 0.10828080 0.75355680 0.00000000
0.01554946 0.86405920 -0.00480333 1.00000000

0.97316180 0.19504340 0.12212420 0.00000000
0.22335140 -0.92833420 -0.29717030 0.00000000
0.05541086 0.31647140 -0.94698250 0.00000000
0.11529460 0.83923680 -0.09420177 1.00000000

0.97316180 0.19504340 0.12212420 0.00000000
0.15295060 -0.94472440 0.29000410 0.00000000
0.17193700 -0.26354200 -0.94920160 0.00000000
0.21364830 0.43044090 -0.22506200 1.00000000

0.99110470 0.06383768 -0.11677460 0.00000000
0.06329778 -0.99796020 -0.00833060 0.00000000
-0.11706820 0.00086485 -0.99312360 0.00000000
0.26243370 0.12911000 -0.13256180 1.00000000

0.99094120 0.06501769 -0.11750860 0.00000000
0.06936948 -0.99703450 0.03332623 0.00000000
-0.11499330 -0.04117587 -0.99251270 0.00000000
0.25298820 0.02525073 -0.26950680 1.00000000

0.52365330 -0.30416920 -0.79578160 0.00000000
0.29573200 0.94090660 -0.16503750 0.00000000
0.79895540 -0.14891560 0.58266140 0.00000000
-0.08442249 0.82600780 0.07954707 1.00000000

0.52365140 -0.30417550 -0.79578040 0.00000000
-0.15534880 0.88433460 -0.44024890 0.00000000
0.83764910 0.35416050 0.41582960 0.00000000
-0.21464910 0.41167630 0.15222190 1.00000000

0.44302160 -0.10635050 -0.89018060 0.00000000
0.05555277 0.99428730 -0.09114088 0.00000000
0.89478810 -0.00907454 0.44639880 0.00000000
-0.16509900 0.12960710 0.29264490 1.00000000

0.43422610 -0.10495310 -0.89466890 0.00000000
-0.04165038 0.98978810 -0.13632640 0.00000000
0.89984040 0.09645982 0.42542040 0.00000000
-0.29349000 0.02725559 0.24097530 1.00000000

0.59267500 -0.14168780 -0.79288140 0.00000000
-0.05248240 0.97552020 -0.21355560 0.00000000
0.80373000 0.16818140 0.57073030 0.00000000
-0.00039241 0.99932630 -0.01283543 1.00000000

0.60895590 -0.11169940 -0.78529980 0.00000000
-0.09676884 0.97217830 -0.21331930 0.00000000
0.78727910 0.20589460 0.58120470 0.00000000
-0.00944716 1.16763200 -0.04968010 1.00000000

0.61595000 -0.43406860 -0.65741150 0.00000000
-0.26075540 0.67512950 -0.69007740 0.00000000
0.74337880 0.59647690 0.30266030 0.00000000
-0.01901547 1.35227000 -0.08336216 1.00000000

-0.08183771 0.84189050 -0.53340690 0.00000000
0.76991890 -0.28645090 -0.57023740 0.00000000
-0.63287230 -0.45734710 -0.62474480 0.00000000
0.00182544 1.39550600 -0.18865990 1.00000000

0.33553600 0.55404720 -0.76187070 0.00000000
0.42149620 -0.81158260 -0.40456700 0.00000000
-0.84247030 -0.18537880 -0.50584390 0.00000000
0.17420590 1.33137100 -0.31632650 1.00000000

0.33432480 0.55383870 -0.76255440 0.00000000
-0.09329227 -0.78569070 -0.61154440 0.00000000
-0.93782920 0.27559480 -0.21100710 0.00000000
0.30021800 1.08873800 -0.43727770 1.00000000

0.59530260 0.33937270 -0.72831370 0.00000000
-0.33239010 -0.72121730 -0.60775200 0.00000000
-0.73152690 0.60388060 -0.31653840 0.00000000
0.27678550 0.89139300 -0.59088160 1.00000000

-0.52853970 -0.20897880 0.82278390 0.00000000
-0.73152690 0.60388060 -0.31653840 0.00000000
-0.43071350 -0.76919190 -0.47204850 0.00000000
0.17123850 0.81335610 -0.63799880 1.00000000

-0.42454200 -0.57161590 -0.70215320 0.00000000
-0.58120040 -0.42258570 0.69543320 0.00000000
-0.69424070 0.70333240 -0.15281800 0.00000000
0.17844240 0.83343510 -0.69187090 1.00000000

-0.32303540 -0.10975820 0.94000050 0.00000000
0.64157380 0.70477790 0.30277250 0.00000000
-0.69572350 0.70088600 -0.15725040 0.00000000
0.14649610 0.81020720 -0.65364560 1.00000000

-0.35887940 -0.73594530 -0.57409940 0.00000000
-0.58112520 -0.30514470 0.75444020 0.00000000
-0.73041030 0.60437690 -0.31816600 0.00000000
0.21159450 0.80572800 -0.68002390 1.00000000

-0.31426630 0.12293570 0.94134090 0.00000000
0.60648140 0.78885340 0.09945229 0.00000000
-0.73035380 0.60216040 -0.32246830 0.00000000
0.17882970 0.78908230 -0.63654180 1.00000000

-0.38544100 -0.87855630 -0.28208900 0.00000000
-0.46368090 -0.07989430 0.88239260 0.00000000
-0.79776900 0.47090960 -0.37657520 0.00000000
0.24029990 0.77879670 -0.66281630 1.00000000

-0.32401730 0.19189030 0.92638580 0.00000000
0.50850530 0.86105870 -0.00050122 0.00000000
-0.79776890 0.47090960 -0.37657520 0.00000000
0.21523090 0.77447720 -0.61510960 1.00000000

-0.44824500 -0.89197980 -0.05872360 0.00000000
-0.45836380 0.17294740 0.87177520 0.00000000
-0.76744960 0.41768560 -0.48637400 0.00000000
0.26387940 0.75723170 -0.64699640 1.00000000

-0.18073240 0.59424790 0.78371220 0.00000000
0.61326940 0.69104890 -0.38255960 0.00000000
-0.76891880 0.41148590 -0.48932900 0.00000000
0.24143060 0.76655400 -0.60362230 1.00000000

-0.47307110 0.62294040 -0.62301620 0.00000000
-0.75655840 -0.64960470 -0.07505286 0.00000000
-0.45146790 0.43584300 0.77859990 0.00000000
0.17750860 0.88549610 -0.63215660 1.00000000

-0.88494290 -0.45761800 -0.08638161 0.00000000
0.35539990 -0.78349260 0.50973550 0.00000000
-0.30094350 0.42038690 0.85598340 0.00000000
0.13164100 0.84789780 -0.63770630 1.00000000

0.49532680 0.49619200 -0.71305300 0.00000000
-0.09329227 -0.78569070 -0.61154440 0.00000000
-0.86368260 0.36943670 -0.34288280 0.00000000
0.28952320 0.99866800 -0.50738390 1.00000000

0.08130848 0.48584990 -0.87025200 0.00000000
0.42036600 -0.80840090 -0.41204400 0.00000000
-0.90370420 -0.33232180 -0.26996470 0.00000000
0.17420590 1.33137100 -0.31632640 1.00000000

0.08425471 0.47925200 -0.87362370 0.00000000
0.42149620 -0.81158260 -0.40456700 0.00000000
-0.90290760 -0.33414250 -0.27038260 0.00000000
0.25429020 1.17717100 -0.39319420 1.00000000

0.32790010 0.33817890 -0.88210890 0.00000000
0.61720690 -0.78359260 -0.07098037 0.00000000
-0.71521810 -0.52116940 -0.46566640 0.00000000
0.20177020 1.36075000 -0.38802200 1.00000000

0.93973170 -0.06439261 -0.33579440 0.00000000
-0.25919470 0.50633620 -0.82246090 0.00000000
0.22298520 0.85992860 0.45912990 0.00000000
-0.06716014 1.47339300 -0.20844410 1.00000000

0.99765830 0.04899205 -0.04772800 0.00000000
-0.05474839 0.99027400 -0.12790500 0.00000000
0.04099753 0.13021850 0.99063740 0.00000000
-0.09858453 1.53478100 -0.30815820 1.00000000

0.99765830 0.04899205 -0.04772800 0.00000000
-0.05474839 0.99027400 -0.12790500 0.00000000
0.04099753 0.13021850 0.99063740 0.00000000
-0.10647050 1.57359100 -0.43316030 1.00000000

0.96257860 -0.27097010 -0.00421751 0.00000000
-0.25968770 -0.92672670 0.27155180 0.00000000
-0.07749084 -0.26029470 -0.96241490 0.00000000
-0.05303005 1.56968600 -0.41193970 1.00000000

0.95162390 0.29708600 -0.07843471 0.00000000
-0.30716230 0.92640360 -0.21777950 0.00000000
0.00796285 0.23133630 0.97284120 0.00000000
-0.15813370 1.56246200 -0.40571660 1.00000000

0.99765820 0.04899198 -0.04772809 0.00000000
0.05474839 -0.99027400 0.12790500 0.00000000
-0.04099762 -0.13021840 -0.99063730 0.00000000
-0.06857380 1.58779100 -0.40480400 1.00000000

0.99765830 0.04899205 -0.04772800 0.00000000
-0.05474839 0.99027400 -0.12790500 0.00000000
0.04099753 0.13021850 0.99063740 0.00000000
-0.14270020 1.58415000 -0.40125760 1.00000000

0.97046450 0.19756120 -0.13844910 0.00000000
0.21429080 -0.96954570 0.11857750 0.00000000
-0.11080630 -0.14474370 -0.98324530 0.00000000
-0.08990469 1.58874400 -0.44244100 1.00000000

0.98430200 0.16507970 -0.06243509 0.00000000
-0.17166440 0.97764610 -0.12140650 0.00000000
0.04099753 0.13021850 0.99063740 0.00000000
-0.12182710 1.58884200 -0.44219770 1.00000000

0.99288520 0.04606550 0.10980330 0.00000000
0.05517761 -0.99514940 -0.08144540 0.00000000
0.10551880 0.08692467 -0.99061110 0.00000000
-0.04028019 1.60950700 -0.42751580 1.00000000

0.98807550 0.05027465 -0.14553150 0.00000000
-0.05034264 0.99872690 0.00321853 0.00000000
0.14550790 0.00414626 0.98934840 0.00000000
-0.17515690 1.60400300 -0.42227460 1.00000000

0.98510040 0.16046840 -0.06186193 0.00000000
0.16710900 -0.97813250 0.12382010 0.00000000
-0.04063979 -0.13231290 -0.99037460 0.00000000
-0.06859132 1.58802500 -0.40492970 1.00000000

0.99746120 -0.06311078 -0.03298414 0.00000000
0.05652837 0.98343550 -0.17221880 0.00000000
0.04330665 0.16991690 0.98450640 0.00000000
-0.14270150 1.58414600 -0.40128890 1.00000000

0.99387110 0.10978870 -0.01291987 0.00000000
-0.11053900 0.98833660 -0.10474720 0.00000000
0.00126892 0.10553340 0.99441490 0.00000000
-0.10102160 1.54629900 -0.34727710 1.00000000

0.94028170 0.33821820 0.03845721 0.00000000
0.33949190 -0.94001170 -0.03351977 0.00000000
0.02481323 0.04457406 -0.99869790 0.00000000
-0.07392705 1.50886700 -0.44522200 1.00000000

0.99363120 0.11191210 -0.01314482 0.00000000
-0.11166070 0.99357380 0.01851892 0.00000000
0.01513296 -0.01693327 0.99974230 0.00000000
-0.10072850 1.52358200 -0.45154680 1.00000000

0.98399330 -0.12244600 -0.12947710 0.00000000
0.12687630 0.99156430 0.02650982 0.00000000
0.12513890 -0.04251319 0.99122800 0.00000000
-0.12790680 1.50436300 -0.44148850 1.00000000

0.99859480 -0.05299182 0.00063366 0.00000000
-0.05195501 -0.97655990 0.20888190 0.00000000
-0.01045012 -0.20862120 -0.97794080 0.00000000
-0.04937870 1.51274400 -0.41587040 1.00000000

0.96167550 0.25867150 -0.09093633 0.00000000
-0.27177290 0.94319000 -0.19113370 0.00000000
0.03632927 0.20852250 0.97734250 0.00000000
-0.15790120 1.50242800 -0.40824900 1.00000000

0.99653290 0.07392381 0.03817534 0.00000000
0.05803475 -0.94640990 0.31771130 0.00000000
0.05961603 -0.31439420 -0.94741870 0.00000000
-0.07693958 1.53064600 -0.43598770 1.00000000

0.99558410 0.07848901 -0.05149746 0.00000000
-0.09070301 0.94567940 -0.31219150 0.00000000
0.02419639 0.31548380 0.94862250 0.00000000
-0.10322950 1.53214400 -0.44020630 1.00000000

0.98425700 0.10743170 -0.14034460 0.00000000
-0.15093540 0.92406450 -0.35117450 0.00000000
0.09196022 0.36682890 0.92573210 0.00000000
-0.13043250 1.52851700 -0.43229650 1.00000000

0.99763570 0.04939764 -0.04778057 0.00000000
0.06005561 -0.96463740 0.25664750 0.00000000
-0.03341299 -0.25891010 -0.96532330 0.00000000
-0.08661785 1.55675300 -0.43392380 1.00000000

0.99763570 0.04939764 -0.04778057 0.00000000
-0.06005560 0.96463750 -0.25664730 0.00000000
0.03341299 0.25891000 0.96532330 0.00000000
-0.10603020 1.54902400 -0.44917670 1.00000000

0.99763570 0.04939764 -0.04778057 0.00000000
-0.06005560 0.96463750 -0.25664730 0.00000000
0.03341299 0.25891000 0.96532330 0.00000000
-0.12461760 1.55467500 -0.43207820 1.00000000

0.99765830 0.04899205 -0.04772800 0.00000000
-0.05473139 0.99032810 -0.12749480 0.00000000
0.04102015 0.12980830 0.99069030 0.00000000
-0.10540900 1.63140400 -0.35162420 1.00000000

0.30571940 -0.85454750 0.41986210 0.00000000
0.42713580 -0.27101580 -0.86261550 0.00000000
0.85093530 0.44305640 0.28215300 0.00000000
-0.06663224 1.44038800 -0.12642680 1.00000000

-0.28431830 -0.75807580 -0.58692750 0.00000000
0.53938350 0.37963660 -0.75162590 0.00000000
0.79260860 -0.53028020 0.30095590 0.00000000
-0.16225760 1.50092500 0.06675363 1.00000000

-0.28318160 -0.75871110 -0.58665630 0.00000000
0.92039750 -0.38693360 0.05613378 0.00000000
-0.26958620 -0.52406090 0.80788820 0.00000000
-0.32209070 1.38842800 0.28947690 1.00000000

0.02116862 -0.23392560 -0.97202400 0.00000000
0.90990080 -0.39836840 0.11568630 0.00000000
-0.41428550 -0.88689430 0.20441620 0.00000000
