MeshAnim
1
34
79
30
0.77101240 -0.00988551 -0.63674350 0.00000000
-0.01891703 0.99908270 -0.03841689 0.00000000
0.63653920 0.04166519 0.77011810 0.00000000
0.01237277 0.88258880 0.05137447 1.00000000

0.94507770 0.16080310 0.28455330 0.00000000
0.24530430 -0.92430140 -0.29239210 0.00000000
0.21599530 0.34613540 -0.91298230 0.00000000
0.11171420 0.85000730 -0.03595850 1.00000000

0.94507770 0.16080310 0.28455330 0.00000000
0.13748850 -0.98541920 0.10023140 0.00000000
0.29652160 -0.05560366 -0.95340630 0.00000000
0.21973500 0.44298730 -0.16471460 1.00000000

0.99132810 0.06231824 -0.11569340 0.00000000
0.06203510 -0.99805600 -0.00605070 0.00000000
-0.11584550 -0.00117882 -0.99326680 0.00000000
0.26358860 0.12867630 -0.13274460 1.00000000

0.99116870 0.06228920 -0.11706720 0.00000000
0.06660186 -0.99722440 0.03329109 0.00000000
-0.11466850 -0.04079395 -0.99256620 0.00000000
0.25417890 0.02452701 -0.26947170 1.00000000

0.56900570 -0.23259220 -0.78875430 0.00000000
0.23881670 0.96456620 -0.11215460 0.00000000
0.78689210 -0.12455110 0.60439060 0.00000000
-0.09264131 0.85262700 0.13280920 1.00000000

0.56900460 -0.23259690 -0.78875380 0.00000000
-0.09397140 0.93448950 -0.34336390 0.00000000
0.81694750 0.26949590 0.50987140 0.00000000
-0.19780510 0.42787690 0.18219690 1.00000000

0.44429870 -0.10249550 -0.88999630 0.00000000
0.05992611 0.99460910 -0.08462718 0.00000000
0.89387230 -0.01573429 0.44804560 0.00000000
-0.16783200 0.12981010 0.29171720 1.00000000

0.43528000 -0.10270190 -0.89441810 0.00000000
-0.03788706 0.99050250 -0.13217300 0.00000000
0.89949760 0.09141918 0.42725480 0.00000000
-0.29655320 0.02833748 0.23914330 1.00000000

0.78026320 -0.01236937 -0.62532900 0.00000000
-0.00303019 0.99971800 -0.02355596 0.00000000
0.62544400 0.02027470 0.78000560 0.00000000
0.01174564 1.01899700 0.04849735 1.00000000

0.80547560 -0.03618800 -0.59152310 0.00000000
-0.04353745 0.99182340 -0.11996230 0.00000000
0.59102760 0.12238010 0.79731400 0.00000000
0.01122285 1.19147800 0.04443326 1.00000000

0.83185740 -0.04862347 -0.55285540 0.00000000
-0.19325780 0.90843050 -0.37068270 0.00000000
0.52025450 0.41519880 0.74628760 0.00000000
0.00950092 1.37889000 0.03062306 1.00000000

-0.08991030 0.91199020 -0.40023760 0.00000000
0.88731410 -0.10915900 -0.44806030 0.00000000
-0.45231600 -0.39542160 -0.79940710 0.00000000
0.04841525 1.46731100 -0.03308556 1.00000000

0.57987000 0.21546340 -0.78570120 0.00000000
0.51809950 -0.84179130 0.15152730 0.00000000
-0.62874780 -0.49493750 -0.59976090 0.00000000
0.24708430 1.44287000 -0.13340600 1.00000000

0.59070350 0.19102350 -0.78395120 0.00000000
0.09474022 -0.98127220 -0.16771790 0.00000000
-0.80130740 0.02479993 -0.59773830 0.00000000
0.40197790 1.19120500 -0.08810522 1.00000000

0.56716380 0.22208820 -0.79309650 0.00000000
-0.23621620 -0.87863830 -0.41496630 0.00000000
-0.78900380 0.42269610 -0.44587090 0.00000000
0.42577410 0.94473460 -0.13023160 1.00000000

-0.51752880 -0.06614017 0.85310580 0.00000000
-0.78900380 0.42269610 -0.44587090 0.00000000
-0.33111450 -0.90385500 -0.27094230 0.00000000
0.37431730 0.92243950 -0.16123750 1.00000000

-0.40681810 -0.87186450 -0.27267480 0.00000000
-0.50205520 -0.03597986 0.86408690 0.00000000
-0.76317750 0.48842390 -0.42308670 0.00000000
0.33666820 0.85345030 -0.21363820 1.00000000

-0.43164710 0.10562740 0.89583680 0.00000000
0.47851090 0.86868170 0.12813860 0.00000000
-0.76466210 0.48397840 -0.42550780 0.00000000
0.30907230 0.85147270 -0.16614270 1.00000000

-0.32369940 -0.90278430 -0.28319490 0.00000000
-0.52383450 -0.07825361 0.84821810 0.00000000
-0.78791880 0.42291500 -0.44757880 0.00000000
0.37251310 0.83337060 -0.19577620 1.00000000

-0.45340540 0.10046320 0.88562480 0.00000000
0.41675980 0.90221210 0.11101980 0.00000000
-0.78786750 0.41942960 -0.45093660 0.00000000
0.34297380 0.82979300 -0.14723820 1.00000000

-0.34348780 -0.91684250 -0.20350980 0.00000000
-0.50240140 -0.00369872 0.86462650 0.00000000
-0.79347910 0.39923220 -0.45935250 0.00000000
0.40374690 0.81480590 -0.17285890 1.00000000

-0.45715620 0.10724790 0.88289640 0.00000000
0.40174530 0.91055570 0.09741257 0.00000000
-0.79347910 0.39923220 -0.45935250 0.00000000
0.37658440 0.81460590 -0.12611290 1.00000000

-0.34523120 -0.91495190 -0.20899360 0.00000000
-0.50320100 -0.00751763 0.86413660 0.00000000
-0.79221460 0.40349280 -0.45780940 0.00000000
0.42930670 0.80049530 -0.15253130 1.00000000

-0.41275490 0.20687890 0.88703680 0.00000000
0.44827610 0.89389510 0.00011304 0.00000000
-0.79289450 0.39768420 -0.46169850 0.00000000
0.40454560 0.80086370 -0.10941590 1.00000000

-0.59074410 0.59002510 -0.55035630 0.00000000
-0.72631230 -0.68594030 0.04423115 0.00000000
-0.35141400 0.42585990 0.83375740 0.00000000
0.32864540 0.91778480 -0.16810010 1.00000000

-0.98159860 -0.09384333 -0.16630590 0.00000000
0.01367702 -0.90322580 0.42894750 0.00000000
-0.19046550 0.41877980 0.88788840 0.00000000
0.28437450 0.87796590 -0.16642120 1.00000000

0.57545470 0.19145810 -0.79510720 0.00000000
0.09474022 -0.98127220 -0.16771790 0.00000000
-0.81232760 0.02118547 -0.58281650 0.00000000
0.41283880 1.07871400 -0.10733220 1.00000000

0.74207320 0.35428520 -0.56904260 0.00000000
0.51808300 -0.84180430 0.15151200 0.00000000
-0.42534390 -0.40724420 -0.80822940 0.00000000
0.24708430 1.44287000 -0.13340590 1.00000000

0.63376220 0.25885140 -0.72893180 0.00000000
0.51809950 -0.84179130 0.15152730 0.00000000
-0.57438530 -0.47369140 -0.66760610 0.00000000
0.34552320 1.28293000 -0.10461580 1.00000000

0.43344490 0.51770160 -0.73763870 0.00000000
0.71170850 -0.69875450 -0.07220316 0.00000000
-0.55280790 -0.49368750 -0.67132400 0.00000000
0.29078530 1.48795800 -0.20010350 1.00000000

0.95786750 0.25383230 -0.13438400 0.00000000
-0.28117250 0.73331650 -0.61902270 0.00000000
-0.05858189 0.63072690 0.77379060 0.00000000
-0.02613816 1.54241000 -0.03738299 1.00000000

0.99522640 0.08942598 0.03908297 0.00000000
-0.07682738 0.96485160 -0.25131530 0.00000000
-0.06018355 0.24711300 0.96711590 0.00000000
-0.06022705 1.63131500 -0.11243230 1.00000000

0.99522640 0.08942598 0.03908297 0.00000000
-0.07682738 0.96485160 -0.25131530 0.00000000
-0.06018355 0.24711300 0.96711590 0.00000000
-0.05727337 1.65480900 -0.24140240 1.00000000

0.96735120 -0.22452110 0.11756670 0.00000000
-0.25213180 -0.89961500 0.35654280 0.00000000
0.02571338 -0.37454450 -0.92685280 0.00000000
-0.00604697 1.65590700 -0.21501880 1.00000000

0.94370380 0.32980390 -0.02554345 0.00000000
-0.31689710 0.87922050 -0.35573530 0.00000000
-0.09486467 0.34380350 0.93423780 0.00000000
-0.11093810 1.64457900 -0.21770540 1.00000000

0.99522640 0.08942596 0.03908294 0.00000000
0.07682738 -0.96485160 0.25131530 0.00000000
0.06018344 -0.24711300 -0.96711600 0.00000000
-0.02283810 1.67398000 -0.21159340 1.00000000

0.99522640 0.08942598 0.03908297 0.00000000
-0.07682738 0.96485160 -0.25131530 0.00000000
-0.06018355 0.24711300 0.96711590 0.00000000
-0.09678379 1.66733500 -0.21449710 1.00000000

0.97178180 0.22492010 -0.07107270 0.00000000
0.23569250 -0.93795820 0.25432990 0.00000000
-0.00945938 -0.26390440 -0.96450250 0.00000000
-0.04042626 1.66952600 -0.25087810 1.00000000

0.97929120 0.20224430 0.00926459 0.00000000
-0.19330430 0.94764580 -0.25416740 0.00000000
-0.06018355 0.24711300 0.96711590 0.00000000
-0.07220445 1.66816600 -0.25359900 1.00000000

0.97525530 0.10475110 0.19469070 0.00000000
0.09779416 -0.99418740 0.04503559 0.00000000
0.19827660 -0.02488152 -0.97983040 0.00000000
0.00674989 1.69418000 -0.23405420 1.00000000

0.99516560 0.07879769 -0.05862063 0.00000000
-0.08549990 0.98879920 -0.12233650 0.00000000
0.04832423 0.12675710 0.99075590 0.00000000
-0.12771960 1.68305900 -0.24067070 1.00000000

0.98019180 0.19777410 0.01046294 0.00000000
0.18855560 -0.94805770 0.25619080 0.00000000
0.06058726 -0.24914330 -0.96656980 0.00000000
-0.02285153 1.67419700 -0.21174770 1.00000000

0.99753740 -0.02006534 0.06720352 0.00000000
0.03840423 0.95805410 -0.28400270 0.00000000
-0.05868608 0.28588440 0.95646550 0.00000000
-0.09678192 1.66732700 -0.21452760 1.00000000

0.98593540 0.15363860 0.06577790 0.00000000
-0.13450360 0.96304610 -0.23334810 0.00000000
-0.09919837 0.22121880 0.97016600 0.00000000
-0.05925000 1.63804700 -0.15271410 1.00000000

0.91960350 0.38377110 0.08395982 0.00000000
0.37398160 -0.92064880 0.11200040 0.00000000
0.12027980 -0.07159640 -0.99015490 0.00000000
-0.02145533 1.59070200 -0.24248340 1.00000000

0.98564410 0.15570760 0.06527641 0.00000000
-0.14779640 0.98262650 -0.11225670 0.00000000
-0.08162156 0.10099750 0.99153290 0.00000000
-0.04801507 1.60331300 -0.25299180 1.00000000

0.99561600 -0.09085549 -0.02222809 0.00000000
0.08875389 0.99266640 -0.08207484 0.00000000
0.02952194 0.07974219 0.99637820 0.00000000
-0.07535032 1.58416000 -0.24323620 1.00000000

0.99503830 -0.00603697 0.09930947 0.00000000
-0.03766423 -0.94672660 0.31982900 0.00000000
0.09208822 -0.32198250 -0.94225660 0.00000000
-0.00003072 1.59912900 -0.21167510 1.00000000

0.95626850 0.29069910 -0.03232151 0.00000000
-0.28488030 0.90064060 -0.32816180 0.00000000
-0.06628615 0.32301850 0.94406840 0.00000000
-0.10834980 1.58473800 -0.21292160 1.00000000

0.98487280 0.12416790 0.12086360 0.00000000
0.06008692 -0.89895360 0.43390370 0.00000000
0.16252780 -0.42007760 -0.89281560 0.00000000
-0.02611589 1.61325000 -0.23627090 1.00000000

0.99249300 0.11814980 0.03159615 0.00000000
-0.09309128 0.89735560 -0.43137850 0.00000000
-0.07932046 0.42519870 0.90161760 0.00000000
-0.05190694 1.61301800 -0.24305080 1.00000000

0.98885340 0.13592880 -0.06076410 0.00000000
-0.14844770 0.86854500 -0.47285650 0.00000000
-0.01149848 0.47660600 0.87904180 0.00000000
-0.07960598 1.60908100 -0.23730780 1.00000000

0.99519490 0.08982126 0.03898013 0.00000000
0.06867889 -0.92409380 0.37594450 0.00000000
0.06978908 -0.37146090 -0.92582190 0.00000000
-0.03686088 1.63894000 -0.23828490 1.00000000

0.99519490 0.08982126 0.03898013 0.00000000
-0.06867890 0.92409380 -0.37594450 0.00000000
-0.06978902 0.37146090 0.92582200 0.00000000
-0.05441334 1.62858200 -0.25421820 1.00000000

0.99519490 0.08982126 0.03898013 0.00000000
-0.06867890 0.92409380 -0.37594450 0.00000000
-0.06978902 0.37146090 0.92582200 0.00000000
-0.07476335 1.63532700 -0.23972060 1.00000000

0.99522640 0.08942598 0.03908297 0.00000000
-0.07685228 0.96495380 -0.25091480 0.00000000
-0.06015167 0.24671350 0.96721990 0.00000000
-0.06618313 1.72176000 -0.16771530 1.00000000

0.24889120 -0.92550870 0.28545930 0.00000000
0.78590760 0.02073754 -0.61799620 0.00000000
0.56604110 0.37815830 0.73252560 0.00000000
-0.05688582 1.47346200 0.03690102 1.00000000

0.04184642 -0.23689190 -0.97063450 0.00000000
0.51231640 0.83913570 -0.18271140 0.00000000
0.85777680 -0.48962610 0.15647830 0.00000000
-0.23285010 1.46882700 0.17526530 1.00000000

0.09932286 -0.17279200 -0.97993780 0.00000000
0.72947800 -0.65714080 0.18981040 0.00000000
-0.67675470 -0.73369560 0.06077895 0.00000000
-0.38601680 1.21795100 0.22988800 1.00000000

0.31652070 -0.01871649 -0.94840110 0.00000000
0.46622880 -0.86763920 0.17272250 0.00000000
-0.82610260 -0.49684200 -0.26589950 0.00000000
-0.56924300 1.38300700 0.18221330 1.00000000

-0.35720650 0.09674735 0.92900150 0.00000000
-0.82610260 -0.49684200 -0.26589950 0.00000000
0.43584180 -0.86243150 0.25739840 0.00000000
-0.57735760 1.48807300 0.12519760 1.00000000

0.40261340 -0.19990580 -0.89327500 0.00000000
0.23439020 -0.92081330 0.31171200 0.00000000
-0.88485240 -0.33487430 -0.32387570 0.00000000
-0.57418610 1.53503800 0.17264810 1.00000000

0.29610640 -0.95105260 0.08843266 0.00000000
-0.38828130 -0.03526407 0.92086630 0.00000000
-0.87267330 -0.30701100 -0.37971740 0.00000000
-0.58706950 1.58565200 0.15551410 1.00000000

0.57240260 -0.81915120 0.03669447 0.00000000
-0.29221670 -0.16197220 0.94253640 0.00000000
-0.76613620 -0.55023290 -0.33208270 0.00000000
-0.61250240 1.51437500 0.16206570 1.00000000

-0.24727920 -0.22815860 0.94169900 0.00000000
-0.59719070 0.80123120 0.03731012 0.00000000
-0.76303110 -0.55314770 -0.33438180 0.00000000
-0.59529320 1.52283400 0.10845900 1.00000000

0.47868600 -0.86073240 0.17320400 0.00000000
-0.42030250 -0.05144822 0.90592460 0.00000000
-0.77084730 -0.50645140 -0.38639520 0.00000000
-0.64606470 1.49256900 0.14646070 1.00000000

-0.25975060 -0.29048100 0.92095110 0.00000000
-0.67391010 0.73758630 0.04257140 0.00000000
-0.69164670 -0.60958000 -0.38734630 0.00000000
-0.62334090 1.49535100 0.09748176 1.00000000

0.49442220 -0.85860150 0.13546430 0.00000000
-0.50097820 -0.15412260 0.85162630 0.00000000
-0.71032930 -0.48892750 -0.50634220 0.00000000
-0.67280360 1.47330400 0.13285270 1.00000000

-0.36076980 -0.30973620 0.87972090 0.00000000
-0.75869390 0.64605160 -0.08367243 0.00000000
-0.54242870 -0.69762530 -0.46807060 0.00000000
-0.64748320 1.48029200 0.09063661 1.00000000

-0.80347080 0.32152000 -0.50105850 0.00000000
-0.58016050 -0.23398870 0.78016880 0.00000000
0.13359770 0.91753700 0.37453630 0.00000000
-0.52405280 1.47229200 0.16964730 1.00000000

-0.57443830 0.20043290 0.79362940 0.00000000
0.47961770 -0.70326990 0.52476540 0.00000000
0.66331580 0.68208350 0.30785390 0.00000000
-0.49176550 1.48694100 0.12910670 1.00000000

0.19360800 -0.06778047 -0.97873470 0.00000000
0.72947800 -0.65714080 0.18981040 0.00000000
-0.65603200 -0.75071430 -0.07778323 0.00000000
-0.46964600 1.29328600 0.20812590 1.00000000

0.85489020 -0.51858200 0.01535040 0.00000000
0.51230900 0.83914090 -0.18270810 0.00000000
0.08186796 0.16405940 0.98304740 0.00000000
-0.23285010 1.46882700 0.17526530 1.00000000

0.68399340 -0.52734660 -0.50404240 0.00000000
0.51231640 0.83913570 -0.18271140 0.00000000
0.51931200 -0.13325590 0.84413140 0.00000000
-0.33019030 1.30939000 0.20997850 1.00000000

0.80581820 -0.58904370 -0.06070143 0.00000000
0.42118850 0.64219080 -0.64046180 0.00000000
0.41624180 0.49052900 0.76558740 0.00000000
-0.30774330 1.52068000 0.18490450 1.00000000

0.99607160 -0.08855277 0.00000003 0.00000000
0.08855277 0.99607150 0.00000000 0.00000000
-0.00000003 0.00000000 1.00000000 0.00000000
-0.15045200 0.92814790 0.11264840 1.00000000

1.00000000 0.00000000 0.00000000 0.00000000
0.00000000 1.00000000 0.00000000 0.00000000
0.00000000 0.00000000 1.00000000 0.00000000
0.00000000 0.00000000 0.00000000 1.00000000

1.00000000 0.00000000 0.00000000 0.00000000
0.00000000 1.00000000 0.00000000 0.00000000
0.00000000 0.00000000 1.00000000 0.00000000
0.00000000 0.00000000 0.00000000 1.00000000

0.77123770 -0.00122278 -0.63654610 0.00000000
-0.02165935 0.99936870 -0.02816216 0.00000000
0.63617870 0.03550690 0.77072430 0.00000000
0.00382082 0.88258960 0.06375098 1.00000000

0.94131670 0.16546710 0.29418300 0.00000000
0.25131360 -0.92541560 -0.28363290 0.00000000
0.22530950 0.34092050 -0.91269330 0.00000000
0.10327930 0.85118040 -0.02387778 1.00000000

0.94131670 0.16546710 0.29418300 0.00000000
0.15894680 -0.98620980 0.04611400 0.00000000
0.29775640 0.00335152 -0.95463610 0.00000000
0.21394630 0.44366970 -0.14877670 1.00000000

0.99170610 0.05705800 -0.11516710 0.00000000
0.05659833 -0.99837080 -0.00726011 0.00000000
-0.11539380 0.00068162 -0.99331970 0.00000000
0.26464430 0.12910650 -0.13406810 1.00000000

0.99156090 0.05685751 -0.11650930 0.00000000
0.06098322 -0.99762090 0.03215503 0.00000000
-0.11440380 -0.03898878 -0.99266910 0.00000000
0.25473010 0.02517945 -0.27092850 1.00000000

0.59172140 -0.20911130 -0.77854880 0.00000000
0.24461660 0.96681030 -0.07376039 0.00000000
0.76813320 -0.14680030 0.62323440 0.00000000
-0.10113600 0.85150400 0.14483760 1.00000000

0.59172000 -0.20911670 -0.77854840 0.00000000
-0.12492100 0.93031730 -0.34482530 0.00000000
0.79640580 0.30129700 0.52436430 0.00000000
-0.20885370 0.42576570 0.17731830 1.00000000

0.44524640 -0.10145380 -0.88964190 0.00000000
0.06715338 0.99454560 -0.07980811 0.00000000
0.89288640 -0.02420821 0.44963080 0.00000000
-0.16900890 0.12902960 0.28730480 1.00000000

0.43623400 -0.10156520 -0.89408300 0.00000000
-0.03059483 0.99136100 -0.12754330 0.00000000
0.89931300 0.08299299 0.42935800 0.00000000
-0.29834800 0.02872491 0.23401150 1.00000000

0.78030690 -0.00332646 -0.62538810 0.00000000
-0.00388827 0.99994070 -0.01017018 0.00000000
0.62538480 0.01036754 0.78024770 0.00000000
0.00281852 1.01901800 0.06227452 1.00000000

0.80533710 -0.02612086 -0.59224140 0.00000000
-0.04508453 0.99343680 -0.10512210 0.00000000
0.59110030 0.11135970 0.79887390 0.00000000
0.00214768 1.19153700 0.06051987 1.00000000

0.83145870 -0.03889117 -0.55422380 0.00000000
-0.19415890 0.91431090 -0.35544080 0.00000000
0.52055620 0.40314180 0.75266050 0.00000000
0.00013629 1.37913200 0.04951086 1.00000000

-0.09121467 0.91956340 -0.38220840 0.00000000
0.88715060 -0.09931611 -0.45066650 0.00000000
-0.45237590 -0.38018380 -0.80673210 0.00000000
0.03894134 1.46862200 -0.01275475 1.00000000

0.57885800 0.23333320 -0.78133180 0.00000000
0.52466260 -0.84007970 0.13782440 0.00000000
-0.62422190 -0.48971620 -0.60870780 0.00000000
0.23757380 1.44638500 -0.11365870 1.00000000

0.58988440 0.20895440 -0.77998370 0.00000000
0.11075380 -0.97774640 -0.17817350 0.00000000
-0.79985640 0.01871571 -0.59990000 0.00000000
0.39442950 1.19523100 -0.07245460 1.00000000

0.57210610 0.23857260 -0.78471510 0.00000000
-0.22266150 -0.87565060 -0.42855340 0.00000000
-0.78937730 0.41990380 -0.44784420 0.00000000
0.42224800 0.94964690 -0.11720720 1.00000000

-0.52474990 -0.08289306 0.84721110 0.00000000
-0.78937730 0.41990370 -0.44784420 0.00000000
-0.31862400 -0.90377520 -0.28577840 0.00000000
0.37133180 0.92720220 -0.14898800 1.00000000

-0.39465430 -0.87258820 -0.28781660 0.00000000
-0.50971160 -0.05271281 0.85872930 0.00000000
-0.76448830 0.48560450 -0.42396500 0.00000000
0.33493480 0.85849940 -0.20263480 1.00000000

-0.44116210 0.08922295 0.89298130 0.00000000
0.46773000 0.87207250 0.14394050 0.00000000
-0.76590140 0.48117510 -0.42645750 0.00000000
0.30691800 0.85560200 -0.15543390 1.00000000

-0.31110650 -0.90246440 -0.29794490 0.00000000
-0.53087610 -0.09500930 0.84210690 0.00000000
-0.78827880 0.42015680 -0.44953860 0.00000000
0.37082890 0.83857790 -0.18469430 1.00000000

-0.46276560 0.08395689 0.88249650 0.00000000
0.40577810 0.90515170 0.12667060 0.00000000
-0.78815780 0.41671630 -0.45294080 0.00000000
0.34087650 0.83404610 -0.13649000 1.00000000

-0.33148590 -0.91777640 -0.21864080 0.00000000
-0.51041710 -0.02044713 0.85968400 0.00000000
-0.79346820 0.39657110 -0.46167080 0.00000000
0.40204800 0.82005510 -0.16172330 1.00000000

-0.46656500 0.09073546 0.87982070 0.00000000
0.39080110 0.91350920 0.11303040 0.00000000
-0.79346820 0.39657110 -0.46167080 0.00000000
0.37445230 0.81894960 -0.11524440 1.00000000

-0.33319840 -0.91583360 -0.22411600 0.00000000
-0.51117000 -0.02426773 0.85913690 0.00000000
-0.79226540 0.40082450 -0.46006070 0.00000000
0.42757150 0.80575820 -0.14134050 1.00000000

-0.42330010 0.19077970 0.88567520 0.00000000
0.43842250 0.89862700 0.01597042 0.00000000
-0.79284480 0.39506010 -0.46403100 0.00000000
0.40240480 0.80529470 -0.09846161 1.00000000

-0.59199400 0.59072440 -0.54825910 0.00000000
-0.71912680 -0.69429760 0.02841735 0.00000000
-0.36386810 0.41109080 0.83582590 0.00000000
0.32578010 0.92214240 -0.15634490 1.00000000

-0.97890750 -0.10230370 -0.17684600 0.00000000
0.01956129 -0.90855310 0.41731160 0.00000000
-0.20336640 0.40504990 0.89139020 0.00000000
0.28193490 0.88182710 -0.15560390 1.00000000

0.57738280 0.20922000 -0.78921230 0.00000000
0.11075380 -0.97774640 -0.17817350 0.00000000
-0.80892700 0.01546615 -0.58770590 0.00000000
0.40712610 1.08314500 -0.09288016 1.00000000

0.74286460 0.37270330 -0.55609770 0.00000000
0.52464570 -0.84009270 0.13780920 0.00000000
-0.41581150 -0.39412790 -0.81961210 0.00000000
0.23757380 1.44638500 -0.11365870 1.00000000

0.63472400 0.27813000 -0.72095040 0.00000000
0.52466260 -0.84007970 0.13782440 0.00000000
-0.56732270 -0.46573610 -0.67914310 0.00000000
0.33725970 1.28677000 -0.08747210 1.00000000

0.43237580 0.53257880 -0.72760630 0.00000000
0.71246380 -0.69637670 -0.08634272 0.00000000
-0.55267240 -0.48106070 -0.68053950 0.00000000
0.28118010 1.49282400 -0.17948570 1.00000000

0.95767950 0.25471360 -0.13405670 0.00000000
-0.28251890 0.74269840 -0.60710980 0.00000000
-0.05507559 0.61929000 0.78322830 0.00000000
-0.03566597 1.54373000 -0.01575074 1.00000000

0.99456440 0.09754461 0.03642434 0.00000000
-0.08567522 0.96544670 -0.24611530 0.00000000
-0.05917296 0.24165690 0.96855590 0.00000000
-0.06991811 1.63377400 -0.08935575 1.00000000

0.99456440 0.09754461 0.03642434 0.00000000
-0.08567522 0.96544670 -0.24611530 0.00000000
-0.05917296 0.24165690 0.96855590 0.00000000
-0.06757009 1.65795000 -0.21821210 1.00000000

0.96955980 -0.21702150 0.11338170 0.00000000
-0.24348120 -0.90350190 0.35270640 0.00000000
0.02589574 -0.36957620 -0.92883980 0.00000000
-0.01627114 1.65934200 -0.19198380 1.00000000

0.94083260 0.33781030 -0.02680525 0.00000000
-0.32535230 0.87834550 -0.35022130 0.00000000
-0.09476411 0.33822060 0.93628330 0.00000000
-0.12107210 1.64715100 -0.19440000 1.00000000

0.99456440 0.09754457 0.03642425 0.00000000
0.08567522 -0.96544670 0.24611530 0.00000000
0.05917287 -0.24165690 -0.96855590 0.00000000
-0.03320157 1.67725600 -0.18841310 1.00000000

0.99456440 0.09754461 0.03642434 0.00000000
-0.08567522 0.96544670 -0.24611530 0.00000000
-0.05917296 0.24165690 0.96855590 0.00000000
-0.10709810 1.67000700 -0.19111920 1.00000000

0.96964020 0.23339890 -0.07296020 0.00000000
0.24431900 -0.93724130 0.24877030 0.00000000
-0.01031867 -0.25904320 -0.96581050 0.00000000
-0.05087658 1.67285500 -0.22766480 1.00000000

0.97759380 0.21037660 0.00723565 0.00000000
-0.20201300 0.94728220 -0.24869090 0.00000000
-0.05917296 0.24165690 0.96855590 0.00000000
-0.08265081 1.67124300 -0.23029320 1.00000000

0.97496020 0.11190700 0.19217040 0.00000000
0.10623100 -0.99355190 0.03962296 0.00000000
0.19536540 -0.01821635 -0.98056160 0.00000000
-0.00385465 1.69781600 -0.21086250 1.00000000

0.99428210 0.08741545 -0.06133208 0.00000000
-0.09413776 0.98866150 -0.11698870 0.00000000
0.05040994 0.12209340 0.99123780 0.00000000
-0.13824700 1.68560500 -0.21711470 1.00000000

0.97853540 0.20590790 0.00840804 0.00000000
0.19727430 -0.94774410 0.25072700 0.00000000
0.05959547 -0.24368640 -0.96802120 0.00000000
-0.03321726 1.67747300 -0.18856620 1.00000000

0.99787870 -0.01206577 0.06397477 0.00000000
0.02950475 0.95978010 -0.27919810 0.00000000
-0.05803305 0.28049340 0.95810010 0.00000000
-0.10709620 1.67000000 -0.19114980 1.00000000

0.98482260 0.16154000 0.06347758 0.00000000
-0.14327700 0.96306710 -0.22797710 0.00000000
-0.09796050 0.21542210 0.97159520 0.00000000
-0.06912518 1.64071900 -0.12960540 1.00000000

0.91663040 0.39101380 0.08304855 0.00000000
0.38200630 -0.91804930 0.10609900 0.00000000
0.11772890 -0.06552851 -0.99088130 0.00000000
-0.03122191 1.59415100 -0.21973450 1.00000000

0.98451260 0.16360900 0.06298763 0.00000000
-0.15634830 0.98191670 -0.10674560 0.00000000
-0.07931316 0.09524441 0.99228930 0.00000000
-0.05791915 1.60659300 -0.23009480 1.00000000

0.99626420 -0.08241171 -0.02581269 0.00000000
0.08020464 0.99378030 -0.07725374 0.00000000
0.03201878 0.07489474 0.99667720 0.00000000
-0.08506247 1.58716300 -0.22035200 1.00000000

0.99536430 0.00177696 0.09615999 0.00000000
-0.02874556 -0.94863000 0.31507950 0.00000000
0.09178030 -0.31638290 -0.94418140 0.00000000
-0.00977063 1.60259900 -0.18895050 1.00000000

0.95370160 0.29884700 -0.03382334 0.00000000
-0.29342790 0.89989140 -0.32263850 0.00000000
-0.06598216 0.31762550 0.94591770 0.00000000
-0.11796920 1.58731000 -0.18993170 1.00000000

0.98418090 0.13178040 0.11841420 0.00000000
0.06896509 -0.90062450 0.42909120 0.00000000
0.16319270 -0.41413690 -0.89546570 0.00000000
-0.03605069 1.61662700 -0.21339180 1.00000000

0.99156770 0.12628240 0.02909371 0.00000000
-0.10194680 0.89873770 -0.42647090 0.00000000
-0.08000341 0.41990870 0.90403330 0.00000000
-0.06186030 1.61621400 -0.22009190 1.00000000

0.98748670 0.14450200 -0.06316251 0.00000000
-0.15719230 0.86967760 -0.46792270 0.00000000
-0.01268494 0.47199610 0.88150940 0.00000000
-0.08950718 1.61201600 -0.21428250 1.00000000

0.99452940 0.09794008 0.03632340 0.00000000
0.07758260 -0.92539550 0.37097710 0.00000000
0.06994715 -0.36612950 -0.92793130 0.00000000
-0.04701608 1.64223600 -0.21524010 1.00000000

0.99452940 0.09794008 0.03632340 0.00000000
-0.07758261 0.92539560 -0.37097700 0.00000000
-0.06994715 0.36612940 0.92793130 0.00000000
-0.06453197 1.63181400 -0.23117140 1.00000000

0.99452940 0.09794008 0.03632340 0.00000000
-0.07758261 0.92539560 -0.37097700 0.00000000
-0.06994715 0.36612940 0.92793130 0.00000000
-0.08489139 1.63831400 -0.21657550 1.00000000

0.99456440 0.09754461 0.03642434 0.00000000
-0.08569974 0.96554650 -0.24571430 0.00000000
-0.05913752 0.24125710 0.96865770 0.00000000
-0.07680435 1.72444700 -0.14415470 1.00000000

0.24616560 -0.93061750 0.27083930 0.00000000
0.78627490 0.02835189 -0.61722610 0.00000000
0.56672260 0.36489390 0.73870040 0.00000000
-0.06630924 1.47354100 0.05740499 1.00000000

0.04252750 -0.22155880 -0.97421930 0.00000000
0.52047430 0.83724980 -0.16768870 0.00000000
0.85281780 -0.49992470 0.15092180 0.00000000
-0.24235580 1.46720100 0.19559700 1.00000000

0.10061260 -0.15784610 -0.98232470 0.00000000
0.71264790 -0.67753920 0.18186270 0.00000000
-0.69426970 -0.71834950 0.04431981 0.00000000
-0.39796140 1.21689000 0.24572840 1.00000000

0.31986380 -0.01114828 -0.94739810 0.00000000
0.44185100 -0.88278340 0.15956740 0.00000000
-0.83812610 -0.46964850 -0.27744460 0.00000000
-0.57696040 1.38706900 0.20005000 1.00000000

-0.35834160 0.09057313 0.92918670 0.00000000
-0.83812610 -0.46964850 -0.27744460 0.00000000
0.41126210 -0.87819530 0.24420640 0.00000000
-0.58199010 1.49327200 0.14481270 1.00000000

0.40079050 -0.19551870 -0.89506410 0.00000000
0.20807890 -0.93200650 0.29676180 0.00000000
-0.89222790 -0.30518310 -0.33285580 0.00000000
-0.57774720 1.53931900 0.19307230 1.00000000

0.26988790 -0.96010350 0.07322829 0.00000000
-0.39294320 -0.04038903 0.91867550 0.00000000
-0.87906580 -0.27671390 -0.38816650 0.00000000
-0.58918440 1.59054800 0.17676010 1.00000000

0.54986650 -0.83488500 0.02478603 0.00000000
-0.30043440 -0.17000730 0.93852930 0.00000000
-0.77935000 -0.52351240 -0.34430920 0.00000000
-0.61656410 1.51988600 0.18199490 1.00000000

-0.25730130 -0.23736460 0.93672540 0.00000000
-0.57543990 0.81638670 0.04880792 0.00000000
-0.77631520 -0.52647080 -0.34664640 0.00000000
-0.59890820 1.52878600 0.12860550 1.00000000

0.45448870 -0.87622620 0.16021350 0.00000000
-0.42532800 -0.05544172 0.90333990 0.00000000
-0.78264730 -0.47870090 -0.39788090 0.00000000
-0.65063870 1.49926800 0.16589380 1.00000000

-0.27136780 -0.29896340 0.91486660 0.00000000
-0.65387490 0.75476590 0.05269280 0.00000000
-0.70626320 -0.58390900 -0.40030360 0.00000000
-0.62764320 1.50226600 0.11705470 1.00000000

0.47043440 -0.87388080 0.12257460 0.00000000
-0.50852480 -0.15495030 0.84699070 0.00000000
-0.72117590 -0.46078570 -0.51728370 0.00000000
-0.67783190 1.48097000 0.15185840 1.00000000

-0.37269780 -0.31476620 0.87293700 0.00000000
-0.74057590 0.66772780 -0.07541534 0.00000000
-0.55914610 -0.67458310 -0.48196890 0.00000000
-0.65215530 1.48798600 0.10986270 1.00000000

-0.79237220 0.35168320 -0.49846360 0.00000000
-0.58953980 -0.23141080 0.77388130 0.00000000
0.15681100 0.90706610 0.39069450 0.00000000
-0.52931830 1.47529600 0.18918370 1.00000000

-0.57211960 0.20240350 0.79480340 0.00000000
0.45821010 -0.72485480 0.51442190 0.00000000
0.68023770 0.65849730 0.32196020 0.00000000
-0.49647710 1.48975100 0.14902040 1.00000000

0.19640180 -0.05617743 -0.97891290 0.00000000
0.71264790 -0.67753920 0.18186270 0.00000000
-0.67346820 -0.73333850 -0.09303498 0.00000000
-0.47966120 1.29456300 0.22487740 1.00000000

0.85008060 -0.52657000 0.00933650 0.00000000
0.52046690 0.83725500 -0.16768540 0.00000000
0.08048096 0.14740540 0.98579650 0.00000000
-0.24235580 1.46720100 0.19559690 1.00000000

0.68063250 -0.52537980 -0.51060330 0.00000000
0.52047430 0.83724980 -0.16768870 0.00000000
0.51560260 -0.15162150 0.84330600 0.00000000
-0.34124590 1.30812300 0.22745590 1.00000000

0.80420370 -0.59025590 -0.06967694 0.00000000
0.42330130 0.65110080 -0.62998740 0.00000000
0.41722040 0.47714370 0.77347340 0.00000000
-0.31710900 1.51910400 0.20602380 1.00000000

0.99665950 -0.08166943 -0.00007349 0.00000000
0.08166942 0.99665950 -0.00015017 0.00000000
0.00008553 0.00014367 1.00000000 0.00000000
-0.15914830 0.92706850 0.12543350 1.00000000

1.00000000 0.00000000 0.00000000 0.00000000
0.00000000 1.00000000 0.00000000 0.00000000
0.00000000 0.00000000 1.00000000 0.00000000
0.00000000 0.00000000 0.00000000 1.00000000

1.00000000 0.00000000 0.00000000 0.00000000
0.00000000 1.00000000 0.00000000 0.00000000
0.00000000 0.00000000 1.00000000 0.00000000
0.00000000 0.00000000 0.00000000 1.00000000

0.77154890 0.00726272 -0.63612860 0.00000000
-0.02544913 0.99948680 -0.01945559 0.00000000
0.63566080 0.03119986 0.77133770 0.00000000
-0.00936571 0.88259210 0.09403249 1.00000000

0.93847670 0.17314830 0.29879920 0.00000000
0.25940640 -0.92460170 -0.27896180 0.00000000
0.22796870 0.33930960 -0.91263300 0.00000000
0.09025457 0.85232690 0.00618520 1.00000000

0.93847670 0.17314830 0.29879920 0.00000000
0.19114840 -0.98104350 -0.03186852 0.00000000
0.28761730 0.08702292 -0.95378360 0.00000000
0.20448530 0.44517470 -0.11665680 1.00000000

0.99169210 0.05653896 -0.11554340 0.00000000
0.05143417 -0.99758400 -0.04669627 0.00000000
-0.11790420 0.04036547 -0.99220410 0.00000000
0.26545430 0.13225930 -0.12682160 1.00000000

0.99156700 0.05605625 -0.11684440 0.00000000
0.05560039 -0.99842720 -0.00715915 0.00000000
-0.11706190 0.00060220 -0.99312440 0.00000000
0.25465810 0.03385168 -0.26763800 1.00000000

0.62212800 -0.17310670 -0.76353840 0.00000000
0.24913220 0.96832820 -0.01654403 0.00000000
0.74221960 -0.17992950 0.64555050 0.00000000
-0.11424320 0.85040150 0.17478990 1.00000000

0.62212630 -0.17311330 -0.76353820 0.00000000
-0.17134710 0.92149910 -0.34853950 0.00000000
0.76393660 0.34766570 0.54362640 0.00000000
-0.22394940 0.42399480 0.18207520 1.00000000

0.44450250 -0.10457700 -0.88965240 0.00000000
0.06360714 0.99433990 -0.08510235 0.00000000
0.89351650 -0.01876002 0.44863840 0.00000000
-0.16929640 0.13007130 0.29324630 1.00000000

0.43548330 -0.10472390 -0.89408460 0.00000000
-0.03418538 0.99056980 -0.13267590 0.00000000
0.89954750 0.08834273 0.42779650 0.00000000
-0.29835230 0.02904159 0.24064060 1.00000000

0.78037020 0.00562633 -0.62529250 0.00000000
-0.00616469 0.99998010 0.00130415 0.00000000
0.62528750 0.00283701 0.78038940 0.00000000
-0.01088655 1.01902300 0.09374554 1.00000000

0.80499680 -0.01619731 -0.59305800 0.00000000
-0.04786853 0.99459490 -0.09213901 0.00000000
0.59134490 0.10256040 0.79987040 0.00000000
-0.01195014 1.19154900 0.09397054 1.00000000

0.83065240 -0.02937849 -0.55601580 0.00000000
-0.19591240 0.91932740 -0.34125580 0.00000000
0.52118610 0.39239530 0.75788590 0.00000000
-0.01448117 1.37926500 0.08540819 1.00000000

-0.09330671 0.92612320 -0.36549960 0.00000000
0.88654520 -0.08979309 -0.45384450 0.00000000
-0.45313530 -0.36637870 -0.81267190 0.00000000
0.02410970 1.46974000 0.02444605 1.00000000

0.57681130 0.25189170 -0.77707120 0.00000000
0.53509490 -0.83527730 0.12643530 0.00000000
-0.61722180 -0.48873600 -0.61658320 0.00000000
0.22260670 1.44963500 -0.07716944 1.00000000

0.58814420 0.22763740 -0.77605930 0.00000000
0.13439420 -0.97373880 -0.18377000 0.00000000
-0.79751190 0.00378552 -0.60329170 0.00000000
0.38258130 1.19991800 -0.03937031 1.00000000

0.57612590 0.25574440 -0.77632070 0.00000000
-0.20119060 -0.87619540 -0.43795470 0.00000000
-0.79221310 0.40850560 -0.45334550 0.00000000
0.41633760 0.95533970 -0.08552856 1.00000000

-0.53243700 -0.09970930 0.84057680 0.00000000
-0.79221310 0.40850560 -0.45334550 0.00000000
-0.29817730 -0.90729360 -0.29649450 0.00000000
0.36621320 0.93219370 -0.11805640 1.00000000

-0.37476020 -0.87753670 -0.29913980 0.00000000
-0.51810460 -0.06934430 0.85250200 0.00000000
-0.76884520 0.47446940 -0.42866810 0.00000000
0.33172740 0.86325250 -0.17265170 1.00000000

-0.45265280 0.07358104 0.88864610 0.00000000
0.44942300 0.87957610 0.15609440 0.00000000
-0.77014620 0.47003450 -0.43121140 0.00000000
0.30324930 0.85944100 -0.12579300 1.00000000

-0.29055180 -0.90574160 -0.30856500 0.00000000
-0.53827450 -0.11189750 0.83530830 0.00000000
-0.79110090 0.40879290 -0.45502540 0.00000000
0.36779300 0.84386940 -0.15446740 1.00000000

-0.47403460 0.06799221 0.87787770 0.00000000
0.38704790 0.91161530 0.13839210 0.00000000
-0.79087650 0.40538330 -0.45845290 0.00000000
0.33739980 0.83837900 -0.10664020 1.00000000

-0.31151390 -0.92208170 -0.22961880 0.00000000
-0.51943450 -0.03710665 0.85370450 0.00000000
-0.79570570 0.38521270 -0.46740170 0.00000000
0.39910250 0.82575490 -0.13129450 1.00000000

-0.47793230 0.07471918 0.87521310 0.00000000
0.37206680 0.91979830 0.12465120 0.00000000
-0.79570570 0.38521270 -0.46740170 0.00000000
0.37101920 0.82374880 -0.08513894 1.00000000

-0.31320230 -0.92012700 -0.23509720 0.00000000
-0.52010850 -0.04093624 0.85311880 0.00000000
-0.79460170 0.38947500 -0.46574450 0.00000000
0.42466590 0.81177880 -0.11074010 1.00000000

-0.43664690 0.17551410 0.88234620 0.00000000
0.42103580 0.90661130 0.02801754 0.00000000
-0.79502740 0.38373310 -0.46976690 0.00000000
0.39903880 0.81048950 -0.06815172 1.00000000

-0.59701560 0.58384590 -0.55017890 0.00000000
-0.70605310 -0.70800380 0.01483056 0.00000000
-0.38087000 0.39730980 0.83491530 0.00000000
0.32085050 0.92633200 -0.12596460 1.00000000

-0.97476240 -0.11938640 -0.18864130 0.00000000
0.03222242 -0.91138510 0.41029190 0.00000000
-0.22090800 0.39385860 0.89223050 0.00000000
0.27777490 0.88518870 -0.12603600 1.00000000

0.57793590 0.22766720 -0.78368230 0.00000000
0.13439420 -0.97373880 -0.18377000 0.00000000
-0.80494010 0.00088509 -0.59335570 0.00000000
0.39798800 1.08829000 -0.06043740 1.00000000

0.74324430 0.39431570 -0.54046600 0.00000000
0.53507830 -0.83529030 0.12642000 0.00000000
-0.40159650 -0.38315250 -0.83181430 0.00000000
0.22260660 1.44963500 -0.07716941 1.00000000

0.63549360 0.29937970 -0.71170200 0.00000000
0.53509490 -0.83527730 0.12643530 0.00000000
-0.55661630 -0.46117680 -0.69100990 0.00000000
0.32427470 1.29093300 -0.05314676 1.00000000

0.43031000 0.54623680 -0.71865080 0.00000000
0.71341320 -0.69357180 -0.10000100 0.00000000
-0.55306010 -0.46966360 -0.68814330 0.00000000
0.26602870 1.49731700 -0.14222490 1.00000000

0.95718250 0.25614020 -0.13488450 0.00000000
-0.28488480 0.75073060 -0.59602370 0.00000000
-0.05140370 0.60892990 0.79155660 0.00000000
-0.05060108 1.54478500 0.02270166 1.00000000

0.99354070 0.10790860 0.03510615 0.00000000
-0.09619547 0.96502890 -0.24385530 0.00000000
-0.06019253 0.23890310 0.96917600 0.00000000
-0.08514003 1.63580300 -0.04955926 1.00000000

0.99354070 0.10790860 0.03510615 0.00000000
-0.09619547 0.96502890 -0.24385530 0.00000000
-0.06019253 0.23890310 0.96917600 0.00000000
-0.08324767 1.66028300 -0.17836550 1.00000000

0.97196200 -0.20707030 0.11140870 0.00000000
-0.23342620 -0.90677920 0.35108970 0.00000000
0.02832279 -0.36725150 -0.92969060 0.00000000
-0.03192519 1.66215700 -0.15221330 1.00000000

0.93718950 0.34773420 -0.02751100 0.00000000
-0.33510700 0.87564270 -0.34778330 0.00000000
-0.09684625 0.33515800 0.93717130 0.00000000
-0.13659600 1.64887100 -0.15449480 1.00000000

0.99354070 0.10790860 0.03510603 0.00000000
0.09619547 -0.96502890 0.24385530 0.00000000
0.06019241 -0.23890320 -0.96917620 0.00000000
-0.04903723 1.67988400 -0.14857710 1.00000000

0.99354070 0.10790860 0.03510615 0.00000000
-0.09619547 0.96502890 -0.24385530 0.00000000
-0.06019253 0.23890310 0.96917600 0.00000000
-0.12285770 1.67186600 -0.15118520 1.00000000

0.96701980 0.24373250 -0.07394025 0.00000000
0.25453830 -0.93516470 0.24632790 0.00000000
-0.00910816 -0.25702460 -0.96636200 0.00000000
-0.06672645 1.67538400 -0.18781110 1.00000000

0.97534010 0.22061970 0.00619236 0.00000000
-0.21233990 0.94564920 -0.24629150 0.00000000
-0.06019253 0.23890310 0.96917600 0.00000000
-0.09848608 1.67344400 -0.19039400 1.00000000

0.97403050 0.12172370 0.19091360 0.00000000
0.11672230 -0.99246510 0.03727007 0.00000000
0.19401160 -0.01401828 -0.98089920 0.00000000
-0.01994306 1.70080100 -0.17102630 1.00000000

0.99321200 0.09799094 -0.06267169 0.00000000
-0.10469940 0.98787150 -0.11466490 0.00000000
0.05067551 0.12044830 0.99142550 0.00000000
-0.15420930 1.68719200 -0.17709820 1.00000000

0.97633060 0.21615860 0.00735357 0.00000000
0.20760960 -0.94616510 0.24833390 0.00000000
0.06063712 -0.24092940 -0.96864660 0.00000000
-0.04905548 1.68010200 -0.14872970 1.00000000

0.99804920 -0.00172082 0.06241000 0.00000000
0.01898569 0.96064540 -0.27712790 0.00000000
-0.05947691 0.27777210 0.95880410 0.00000000
-0.12285580 1.67185800 -0.15121590 1.00000000

0.98316970 0.17173890 0.06231540 0.00000000
-0.15374070 0.96200480 -0.22563360 0.00000000
-0.09869766 0.21225570 0.97221710 0.00000000
-0.08448308 1.64284400 -0.08979467 1.00000000

0.91260180 0.40044030 0.08249715 0.00000000
0.39179300 -0.91421470 0.10348720 0.00000000
0.11686030 -0.06212080 -0.99120370 0.00000000
-0.04623380 1.59687400 -0.18008450 1.00000000

0.98283700 0.17380550 0.06183031 0.00000000
-0.16681950 0.98045100 -0.10434090 0.00000000
-0.07875669 0.09223554 0.99261770 0.00000000
-0.07307641 1.60905700 -0.19037620 1.00000000

0.99703310 -0.07188334 -0.02752969 0.00000000
0.06964158 0.99473460 -0.07518753 0.00000000
0.03278941 0.07304719 0.99678930 0.00000000
-0.09999896 1.58932200 -0.18063440 1.00000000

0.99543990 0.01202435 0.09462953 0.00000000
-0.01828763 -0.94956640 0.31303250 0.00000000
0.09362096 -0.31333560 -0.94501650 0.00000000
-0.02482434 1.60547900 -0.14931510 1.00000000

0.95045600 0.30892380 -0.03463465 0.00000000
-0.30336760 0.89746220 -0.32020230 0.00000000
-0.06783473 0.31484530 0.94671580 0.00000000
-0.13285770 1.58905600 -0.15016310 1.00000000

0.98292650 0.14185420 0.11718720 0.00000000
0.07909176 -0.90078660 0.42699910 0.00000000
0.16613230 -0.41044010 -0.89662650 0.00000000
-0.05128849 1.61928300 -0.17368480 1.00000000

0.99023090 0.13662940 0.02784353 0.00000000
-0.11204780 0.89854780 -0.42433210 0.00000000
-0.08299491 0.41706690 0.90507850 0.00000000
-0.07710283 1.61861500 -0.18034610 1.00000000

0.98581430 0.15500680 -0.06436577 0.00000000
-0.16704970 0.86899920 -0.46576270 0.00000000
-0.01626253 0.46990780 0.88256560 0.00000000
-0.10469490 1.61411300 -0.17450330 1.00000000

0.99350130 0.10830400 0.03500634 0.00000000
0.08787802 -0.92533850 0.36881730 0.00000000
0.07233694 -0.36334430 -0.92884250 0.00000000
-0.06252517 1.64478000 -0.17545980 1.00000000

0.99350130 0.10830400 0.03500634 0.00000000
-0.08787799 0.92533840 -0.36881720 0.00000000
-0.07233694 0.36334420 0.92884250 0.00000000
-0.07995547 1.63421000 -0.19138700 1.00000000

0.99350130 0.10830400 0.03500634 0.00000000
-0.08787799 0.92533840 -0.36881720 0.00000000
-0.07233694 0.36334420 0.92884250 0.00000000
-0.10035920 1.64046300 -0.17674550 1.00000000

0.99354070 0.10790860 0.03510615 0.00000000
-0.09622045 0.96512810 -0.24345390 0.00000000
-0.06015262 0.23850350 0.96927710 0.00000000
-0.09306397 1.72651800 -0.10414760 1.00000000

0.24446820 -0.93503270 0.25680640 0.00000000
0.78575380 0.03584245 -0.61750010 0.00000000
0.56817810 0.35274560 0.74346770 0.00000000
-0.08103881 1.47345500 0.09483255 1.00000000

0.04071227 -0.20767770 -0.97735000 0.00000000
0.52514040 0.83661440 -0.15589760 0.00000000
0.85004130 -0.50689930 0.14312030 0.00000000
-0.25696870 1.46543800 0.23308600 1.00000000

0.09915465 -0.14418570 -0.98457060 0.00000000
0.69698810 -0.69611600 0.17213540 0.00000000
-0.71019460 -0.70330180 0.03147262 0.00000000
-0.41396930 1.21531700 0.27969220 1.00000000

0.32030020 -0.00375632 -0.94730890 0.00000000
0.41937150 -0.89610360 0.14534940 0.00000000
-0.84943260 -0.44382950 -0.28544660 0.00000000
-0.58903500 1.39016200 0.23645700 1.00000000

