MeshAnim
1
34
79
30
0.74545310 0.03277162 -0.66575190 0.00000000
-0.08392826 0.99545630 -0.04497452 0.00000000
0.66125310 0.08940181 0.74481650 0.00000000
0.01312186 0.86465350 0.00102533 1.00000000

0.97118690 0.20137500 0.12745290 0.00000000
0.23140880 -0.92469070 -0.30232030 0.00000000
0.05697456 0.32310320 -0.94464730 0.00000000
0.11096340 0.83758100 -0.08981209 1.00000000

0.97118690 0.20137500 0.12745290 0.00000000
0.15902400 -0.94591120 0.28277880 0.00000000
0.17750350 -0.25436300 -0.95067990 0.00000000
0.21286530 0.43038950 -0.22294010 1.00000000

0.99132810 0.06231830 -0.11569310 0.00000000
0.06203513 -0.99805580 -0.00605083 0.00000000
-0.11584540 -0.00117872 -0.99326680 0.00000000
0.26358780 0.12868010 -0.13274450 1.00000000

0.99116860 0.06228925 -0.11706690 0.00000000
0.06660189 -0.99722440 0.03329090 0.00000000
-0.11466840 -0.04079388 -0.99256610 0.00000000
0.25417830 0.02453077 -0.26947160 1.00000000

0.52401640 -0.29522780 -0.79890380 0.00000000
0.29523210 0.94280860 -0.15475800 0.00000000
0.79890230 -0.15476630 0.58120790 0.00000000
-0.08661766 0.82889450 0.08664428 1.00000000

0.52401450 -0.29523400 -0.79890290 0.00000000
-0.15297220 0.89012210 -0.42928110 0.00000000
0.83785940 0.34715940 0.42127420 0.00000000
-0.21662410 0.41372540 0.15479260 1.00000000

0.44429870 -0.10249560 -0.88999620 0.00000000
0.05992603 0.99460910 -0.08462720 0.00000000
0.89387230 -0.01573420 0.44804580 0.00000000
-0.16783200 0.12981020 0.29171720 1.00000000

0.43528010 -0.10270190 -0.89441800 0.00000000
-0.03788717 0.99050240 -0.13217310 0.00000000
0.89949750 0.09141927 0.42725490 0.00000000
-0.29655320 0.02833754 0.23914330 1.00000000

0.57907630 -0.14419930 -0.80241960 0.00000000
-0.03839955 0.97831730 -0.20352070 0.00000000
0.81436860 0.14866650 0.56098320 0.00000000
0.00052236 1.00030700 -0.00641113 1.00000000

0.59664370 -0.11065910 -0.79484020 0.00000000
-0.08588547 0.97595390 -0.20034370 0.00000000
0.79789730 0.18779900 0.57279280 0.00000000
-0.00610271 1.16909500 -0.04152448 1.00000000

0.60181370 -0.43103850 -0.67232890 0.00000000
-0.26368050 0.68739810 -0.67672470 0.00000000
0.75385200 0.58454220 0.30002920 0.00000000
-0.01351334 1.35424400 -0.07286392 1.00000000

-0.08079726 0.85327510 -0.51516340 0.00000000
0.76019840 -0.28152680 -0.58552650 0.00000000
-0.64464730 -0.43893530 -0.62591170 0.00000000
0.00624936 1.39874200 -0.17784310 1.00000000

0.32854100 0.57156320 -0.75191520 0.00000000
0.38816760 -0.80747680 -0.44419270 0.00000000
-0.86103810 -0.14593350 -0.48715150 0.00000000
0.17645360 1.33571000 -0.30893280 1.00000000

0.32730580 0.57141010 -0.75257000 0.00000000
-0.15741490 -0.75233650 -0.63969550 0.00000000
-0.93171430 0.32784160 -0.15629540 0.00000000
0.29250170 1.09430400 -0.44173070 1.00000000

0.58406700 0.33458380 -0.73954030 0.00000000
-0.39837160 -0.67566260 -0.62030640 0.00000000
-0.70722400 0.65691230 -0.26134310 0.00000000
0.25296320 0.90533710 -0.60240550 1.00000000

-0.50601700 -0.21217320 0.83602000 0.00000000
-0.70722400 0.65691230 -0.26134310 0.00000000
-0.49374180 -0.72349740 -0.48246290 0.00000000
0.14120990 0.83541650 -0.64792800 1.00000000

-0.48537780 -0.51732640 -0.70482760 0.00000000
-0.57619890 -0.41704580 0.70289970 0.00000000
-0.65757380 0.74729270 -0.09565797 0.00000000
0.14738250 0.85724510 -0.70124470 1.00000000

-0.29047640 -0.12967040 0.94805560 0.00000000
0.69343140 0.65420540 0.30194070 0.00000000
-0.65937570 0.74511800 -0.10011360 0.00000000
0.11571100 0.83432170 -0.66260900 1.00000000

-0.42428900 -0.69022920 -0.58614220 0.00000000
-0.56686430 -0.30231590 0.76633560 0.00000000
-0.70614710 0.65741040 -0.26299680 0.00000000
0.17931200 0.82723780 -0.69190820 1.00000000

-0.26807410 0.10189940 0.95799410 0.00000000
0.65508940 0.74840010 0.10370730 0.00000000
-0.70639510 0.65537270 -0.26737980 0.00000000
0.14742210 0.81071140 -0.64773540 1.00000000

-0.44726580 -0.84294970 -0.29898010 0.00000000
-0.43135810 -0.08953200 0.89772740 0.00000000
-0.78350720 0.53049020 -0.32356830 0.00000000
0.20706890 0.79803730 -0.67699910 1.00000000

-0.27437700 0.17185140 0.94614200 0.00000000
0.55752470 0.83008860 0.01090750 0.00000000
-0.78350720 0.53049020 -0.32356850 0.00000000
0.18374750 0.79319670 -0.62846340 1.00000000

-0.50162860 -0.86192850 -0.07381088 0.00000000
-0.41170700 0.16282230 0.89665320 0.00000000
-0.76083260 0.48017520 -0.43653790 0.00000000
0.22997020 0.77453800 -0.66304870 1.00000000

-0.11372880 0.57093190 0.81308230 0.00000000
0.63657830 0.67020570 -0.38156610 0.00000000
-0.76278030 0.47419540 -0.43966430 0.00000000
0.20988380 0.78333440 -0.61842440 1.00000000

-0.46074940 0.67380950 -0.57765980 0.00000000
-0.79565620 -0.60197090 -0.06754044 0.00000000
-0.39324420 0.42849940 0.81347880 0.00000000
0.15191790 0.90678400 -0.63958160 1.00000000

-0.91295350 -0.40270090 -0.06593835 0.00000000
0.32939420 -0.82264230 0.46342090 0.00000000
-0.24086400 0.40136210 0.88368180 0.00000000
0.10374370 0.87211010 -0.64460530 1.00000000

0.49193600 0.50193810 -0.71137690 0.00000000
-0.15741490 -0.75233650 -0.63969550 0.00000000
-0.85628220 0.42667070 -0.29108870 0.00000000
0.27445590 1.00805800 -0.51506410 1.00000000

-0.02414447 0.47290230 -0.88078420 0.00000000
0.38814510 -0.80748950 -0.44418970 0.00000000
-0.92128210 -0.35259670 -0.16405820 0.00000000
0.17645360 1.33571000 -0.30893280 1.00000000

0.06200337 0.50377540 -0.86160670 0.00000000
0.38816760 -0.80747680 -0.44419270 0.00000000
-0.91950080 -0.30690640 -0.24561540 0.00000000
0.25020540 1.18228900 -0.39332950 1.00000000

0.32003170 0.35319270 -0.87911020 0.00000000
0.60917020 -0.78737970 -0.09457631 0.00000000
-0.72559710 -0.50526030 -0.46714090 0.00000000
0.20268860 1.36641900 -0.37938830 1.00000000

0.93281080 -0.07344866 -0.35280200 0.00000000
-0.26617200 0.51954970 -0.81192400 0.00000000
0.24293280 0.85127750 0.46509180 0.00000000
-0.06220106 1.47760000 -0.19553010 1.00000000

0.99704170 0.03528743 -0.06828317 0.00000000
-0.04362219 0.99123500 -0.12470100 0.00000000
0.06328428 0.12731080 0.98984190 0.00000000
-0.09447134 1.54059000 -0.29396670 1.00000000

0.99704170 0.03528743 -0.06828317 0.00000000
-0.04362219 0.99123500 -0.12470100 0.00000000
0.06328428 0.12731080 0.98984190 0.00000000
-0.10440140 1.57979900 -0.41869830 1.00000000

0.95842860 -0.28425960 -0.02471524 0.00000000
-0.26686240 -0.92367810 0.27496130 0.00000000
-0.10098920 -0.25693520 -0.96113780 0.00000000
-0.05059282 1.57510500 -0.39859740 1.00000000

0.95383250 0.28406640 -0.09751794 0.00000000
-0.29870390 0.93107610 -0.20945910 0.00000000
0.03129625 0.22891770 0.97294270 0.00000000
-0.15563550 1.56932200 -0.39021330 1.00000000

0.99704160 0.03528738 -0.06828329 0.00000000
0.04362219 -0.99123500 0.12470100 0.00000000
-0.06328443 -0.12731080 -0.98984190 0.00000000
-0.06573267 1.59340600 -0.39110380 1.00000000

0.99704170 0.03528743 -0.06828317 0.00000000
-0.04362219 0.99123500 -0.12470100 0.00000000
0.06328428 0.12731080 0.98984190 0.00000000
-0.13981330 1.59078300 -0.38603030 1.00000000

0.97004370 0.18443160 -0.15811480 0.00000000
0.20321000 -0.97269540 0.11211350 0.00000000
-0.13312030 -0.14088540 -0.98103540 0.00000000
-0.08782223 1.59474300 -0.42828880 1.00000000

0.98499800 0.15158320 -0.08247083 0.00000000
-0.16054290 0.98021140 -0.11580810 0.00000000
0.06328428 0.12731080 0.98984190 0.00000000
-0.11972830 1.59528200 -0.42738420 1.00000000

0.99548800 0.03205714 0.08930662 0.00000000
0.03965321 -0.99562390 -0.08462293 0.00000000
0.08620328 0.08778249 -0.99240300 0.00000000
-0.03761598 1.61478200 -0.41435210 1.00000000

0.98545680 0.03693241 -0.16586430 0.00000000
-0.03638812 0.99931770 0.00632031 0.00000000
0.16598430 -0.00019287 0.98612840 0.00000000
-0.17241890 1.61113400 -0.40632940 1.00000000

0.98574400 0.14695990 -0.08192387 0.00000000
0.15603200 -0.98064050 0.11831450 0.00000000
-0.06295034 -0.12941060 -0.98959100 0.00000000
-0.06574953 1.59364100 -0.39122870 1.00000000

0.99559280 -0.07683611 -0.05376935 0.00000000
0.06660839 0.98296040 -0.17132440 0.00000000
0.06601715 0.16698780 0.98374640 0.00000000
-0.13981530 1.59077900 -0.38606150 1.00000000

0.99482020 0.09604871 -0.03327861 0.00000000
-0.09894340 0.99001570 -0.10039670 0.00000000
0.02330327 0.10316920 0.99439070 0.00000000
-0.09755681 1.55223200 -0.33300280 1.00000000

0.94548300 0.32507690 0.01966843 0.00000000
0.32563660 -0.94454010 -0.04248360 0.00000000
0.00476736 0.04657231 -0.99890360 0.00000000
-0.07301657 1.51465900 -0.43156500 1.00000000

0.99460530 0.09817579 -0.03349426 0.00000000
-0.09744229 0.99497820 0.02287698 0.00000000
0.03557202 -0.01948981 0.99917720 0.00000000
-0.09973609 1.52975900 -0.43730280 1.00000000

0.97930880 -0.13575240 -0.15008490 0.00000000
0.14115810 0.98964760 0.02592070 0.00000000
0.14501230 -0.04657022 0.98833320 0.00000000
-0.12696480 1.51089400 -0.42672340 1.00000000

0.99756180 -0.06681289 -0.02016160 0.00000000
-0.06118266 -0.97623500 0.20789900 0.00000000
-0.03357285 -0.20615850 -0.97794280 0.00000000
-0.04781480 1.51812700 -0.40272030 1.00000000

0.96308900 0.24554580 -0.11030420 0.00000000
-0.26254110 0.94730860 -0.18351750 0.00000000
0.05943009 0.20570290 0.97680830 0.00000000
-0.15628930 1.50929600 -0.39287380 1.00000000

0.99804000 0.06003054 0.01767638 0.00000000
0.05144279 -0.94786630 0.31448850 0.00000000
0.03563374 -0.31296270 -0.94909680 0.00000000
-0.07553461 1.53645600 -0.42222540 1.00000000

0.99529990 0.06481908 -0.07194775 0.00000000
-0.08399686 0.94757520 -0.30829470 0.00000000
0.04819268 0.31288910 0.94856630 0.00000000
-0.10188280 1.53832800 -0.42589540 1.00000000

0.98254070 0.09412440 -0.16048150 0.00000000
-0.14531710 0.92688780 -0.34606610 0.00000000
0.11617500 0.36334480 0.92438290 0.00000000
-0.12896410 1.53505900 -0.41743130 1.00000000

0.99702360 0.03569349 -0.06833425 0.00000000
0.05194678 -0.96597660 0.25335860 0.00000000
-0.05696586 -0.25615420 -0.96495600 0.00000000
-0.08480455 1.56269000 -0.41990760 1.00000000

0.99702360 0.03569349 -0.06833425 0.00000000
-0.05194674 0.96597680 -0.25335850 0.00000000
0.05696589 0.25615410 0.96495590 0.00000000
-0.10463370 1.55526600 -0.43477100 1.00000000

0.99702360 0.03569349 -0.06833425 0.00000000
-0.05194674 0.96597680 -0.25335850 0.00000000
0.05696589 0.25615410 0.96495590 0.00000000
-0.12278330 1.56113400 -0.41727960 1.00000000

0.99704170 0.03528743 -0.06828317 0.00000000
-0.04359600 0.99128760 -0.12429110 0.00000000
0.06330231 0.12690020 0.98989360 0.00000000
-0.10085070 1.63740000 -0.33708260 1.00000000

0.30365390 -0.86213160 0.40561490 0.00000000
0.41161530 -0.26523770 -0.87190710 0.00000000
0.85928290 0.43171530 0.27432610 0.00000000
-0.06082902 1.44344000 -0.11399670 1.00000000

-0.30411770 -0.74165170 -0.59788390 0.00000000
0.51306280 0.40129740 -0.75876670 0.00000000
0.80266990 -0.53750650 0.25847230 0.00000000
-0.15298030 1.50268400 0.08126200 1.00000000

-0.30297190 -0.74229300 -0.59767000 0.00000000
0.92579630 -0.37802250 0.00018930 0.00000000
-0.22607320 -0.55326330 0.80174220 0.00000000
-0.30501420 1.38376800 0.30610140 1.00000000

-0.02700531 -0.20452960 -0.97848790 0.00000000
0.91701040 -0.39473990 0.05720243 0.00000000
-0.39794780 -0.89573900 0.19821560 0.00000000
-0.53552400 1.47789000 0.30605520 1.00000000

-0.13548020 0.26318130 0.95518650 0.00000000
-0.35794180 -0.91196310 0.20050280 0.00000000
0.92386310 -0.31473680 0.21775640 0.00000000
-0.61742640 1.55175000 0.23703280 1.00000000

0.76929100 -0.61934480 -0.15685500 0.00000000
0.25871710 0.07750559 0.96283880 0.00000000
-0.58417190 -0.78128430 0.21985940 0.00000000
-0.63281750 1.59229200 0.28006370 1.00000000

0.54433800 -0.20297180 0.81394000 0.00000000
-0.62273060 0.55233290 0.55419790 0.00000000
-0.56205240 -0.80853640 0.17425890 0.00000000
-0.64703850 1.58803200 0.22713980 1.00000000

0.79237630 -0.55254630 -0.25851960 0.00000000
0.31677630 0.01052445 0.94844190 0.00000000
-0.52133730 -0.83341580 0.18337280 0.00000000
-0.65219060 1.55326700 0.29049750 1.00000000

0.46972470 -0.13826750 0.87191780 0.00000000
-0.72720030 0.49938230 0.47095310 0.00000000
-0.50053790 -0.85527740 0.13402410 0.00000000
-0.66944720 1.55217200 0.23625480 1.00000000

0.87093170 -0.40299850 -0.28119460 0.00000000
0.32580400 0.04517306 0.94435760 0.00000000
-0.36787210 -0.91408510 0.17064090 0.00000000
-0.66878210 1.51384500 0.29451020 1.00000000

0.56644990 -0.10613200 0.81723340 0.00000000
-0.74576470 0.35596030 0.56314060 0.00000000
-0.35066980 -0.92845480 0.12248400 0.00000000
-0.68639670 1.51140400 0.24345370 1.00000000

0.90869540 -0.35813710 -0.21450040 0.00000000
0.22243200 -0.01943986 0.97475450 0.00000000
-0.35326550 -0.93346670 0.06199616 0.00000000
-0.68120940 1.48051300 0.29691240 1.00000000

0.59828110 -0.19104830 0.77817770 0.00000000
-0.73440590 0.25768290 0.62789140 0.00000000
-0.32048050 -0.94715370 0.01385975 0.00000000
-0.69153090 1.48121700 0.24828010 1.00000000

-0.94632400 -0.27840300 -0.16420300 0.00000000
-0.10453860 -0.21708870 0.97053830 0.00000000
-0.30584740 0.93560930 0.17633250 0.00000000
-0.55748930 1.56825200 0.25680460 1.00000000

-0.05571061 -0.25362960 0.96569600 0.00000000
0.95423820 0.27109160 0.12624880 0.00000000
-0.29381230 0.92853750 0.22692070 0.00000000
-0.54962310 1.58166100 0.19930160 1.00000000

-0.19574540 -0.47981890 -0.85525290 0.00000000
0.92579630 -0.37802250 0.00018930 0.00000000
-0.32339560 -0.79175320 0.51821070 0.00000000
-0.41115000 1.42710300 0.30607920 1.00000000

0.75063280 -0.63851420 0.16985290 0.00000000
0.51305750 0.40130550 -0.75876610 0.00000000
0.41632000 0.65669910 0.62882760 0.00000000
-0.15298030 1.50268400 0.08126199 1.00000000

0.41939790 -0.88847840 -0.18631110 0.00000000
0.51306280 0.40129740 -0.75876670 0.00000000
0.74891400 0.22263590 0.62414850 0.00000000
-0.25046300 1.42643600 0.22542650 1.00000000

0.65459570 -0.72110480 -0.22696300 0.00000000
0.11089170 0.38856710 -0.91472330 0.00000000
0.74780160 0.57360560 0.33431880 0.00000000
-0.20519760 1.56312100 0.09946286 1.00000000

0.99039690 -0.13825290 -0.00000003 0.00000000
0.13825290 0.99039700 0.00000002 0.00000000
0.00000003 0.00000000 1.00000000 0.00000000
-0.14984020 0.90040180 0.06816300 1.00000000

1.00000000 0.00000000 0.00000000 0.00000000
0.00000000 1.00000000 0.00000000 0.00000000
0.00000000 0.00000000 1.00000000 0.00000000
0.00000000 0.00000000 0.00000000 1.00000000

1.00000000 0.00000000 0.00000000 0.00000000
0.00000000 1.00000000 0.00000000 0.00000000
0.00000000 0.00000000 1.00000000 0.00000000
0.00000000 0.00000000 0.00000000 1.00000000

0.74550410 0.04152104 -0.66520650 0.00000000
-0.08654557 0.99563830 -0.03484654 0.00000000
0.66085820 0.08354890 0.74584590 0.00000000
0.00456991 0.86465410 0.01340185 1.00000000

0.96735610 0.21048010 0.14113990 0.00000000
0.24501500 -0.91904680 -0.30874060 0.00000000
0.06473038 0.33324340 -0.94061630 0.00000000
0.10250170 0.83876700 -0.07768355 1.00000000

0.96735610 0.21048010 0.14113990 0.00000000
0.17254020 -0.95493510 0.24151320 0.00000000
0.18561320 -0.20927690 -0.96007870 0.00000000
0.21039510 0.43406090 -0.21363880 1.00000000

0.99134320 0.06083719 -0.11635180 0.00000000
0.05946842 -0.99811450 -0.01520280 0.00000000
-0.11705740 0.00815188 -0.99309170 0.00000000
0.26542880 0.12947310 -0.13660530 1.00000000

0.99119620 0.06064679 -0.11769510 0.00000000
0.06391707 -0.99766150 0.02420972 0.00000000
-0.11595180 -0.03151935 -0.99275470 0.00000000
0.25558580 0.02659625 -0.27426200 1.00000000

0.54738880 -0.27206470 -0.79142050 0.00000000
0.30029830 0.94655650 -0.11769310 0.00000000
0.78114440 -0.17323830 0.59983510 0.00000000
-0.09509289 0.82776150 0.09862824 1.00000000

0.54738660 -0.27207170 -0.79141960 0.00000000
-0.18182290 0.88442610 -0.42980330 0.00000000
0.81688950 0.37916680 0.43465420 0.00000000
-0.22733030 0.41094200 0.15045480 1.00000000

0.44587690 -0.10197300 -0.88926670 0.00000000
0.06801248 0.99447700 -0.07993621 0.00000000
0.89250660 -0.02483952 0.45034980 0.00000000
-0.16933590 0.12884350 0.28754600 1.00000000

0.43686800 -0.10207800 -0.89371500 0.00000000
-0.02970003 0.99136170 -0.12774910 0.00000000
0.89903520 0.08235279 0.43006240 0.00000000
-0.29871250 0.02863234 0.23416760 1.00000000

0.57893300 -0.13317600 -0.80442570 0.00000000
-0.03908218 0.98090510 -0.19051970 0.00000000
0.81443790 0.14173690 0.56267360 0.00000000
-0.00838598 1.00034200 0.00734535 1.00000000

0.59620650 -0.09829251 -0.79679120 0.00000000
-0.08680519 0.97876580 -0.18569380 0.00000000
0.79812440 0.17987750 0.57501440 0.00000000
-0.01512882 1.16957700 -0.02552496 1.00000000

0.60066680 -0.42059540 -0.67992570 0.00000000
-0.26383180 0.69852240 -0.66517610 0.00000000
0.75471350 0.57893510 0.30861280 0.00000000
-0.02270953 1.35516700 -0.05409168 1.00000000

-0.07970656 0.86309090 -0.49871940 0.00000000
0.75932530 -0.27156700 -0.59133450 0.00000000
-0.64581130 -0.42582350 -0.63372120 0.00000000
-0.00302590 1.40134600 -0.15835740 1.00000000

0.32780050 0.58698770 -0.74026500 0.00000000
0.39170830 -0.79747990 -0.45890150 0.00000000
-0.85971620 -0.13953980 -0.49134240 0.00000000
0.16698280 1.34054400 -0.29074750 1.00000000

0.32656680 0.58684280 -0.74092480 0.00000000
-0.14437570 -0.74373230 -0.65270080 0.00000000
-0.93408240 0.32012200 -0.15815260 0.00000000
0.28408940 1.10212700 -0.42794270 1.00000000

0.59151580 0.34842070 -0.72712590 0.00000000
-0.38781390 -0.66770250 -0.63543220 0.00000000
-0.70690170 0.65785770 -0.25983420 0.00000000
0.24782600 0.91532090 -0.59188410 1.00000000

-0.51518610 -0.22718220 0.82642090 0.00000000
-0.70690170 0.65785770 -0.25983420 0.00000000
-0.48463770 -0.71806130 -0.49951460 0.00000000
0.13694440 0.84563710 -0.63983650 1.00000000

-0.47448780 -0.50845250 -0.71856650 0.00000000
-0.58283820 -0.43027380 0.68932150 0.00000000
-0.65966770 0.74588260 -0.09218597 0.00000000
0.14366730 0.86831110 -0.69273230 1.00000000

-0.30138920 -0.14550270 0.94233400 0.00000000
0.68680950 0.65240840 0.32040060 0.00000000
-0.66140580 0.74376920 -0.09669623 0.00000000
0.11163090 0.84466060 -0.65484300 1.00000000

-0.41407910 -0.68290410 -0.60181470 0.00000000
-0.57478280 -0.31649710 0.75462190 0.00000000
-0.70580690 0.65838580 -0.26146670 0.00000000
0.17561350 0.83829910 -0.68346870 1.00000000

-0.28013530 0.08597919 0.95610240 0.00000000
0.65046020 0.74948450 0.12318460 0.00000000
-0.70599270 0.65641490 -0.26588310 0.00000000
0.14326330 0.82095860 -0.63994780 1.00000000

-0.43986450 -0.84013000 -0.31733510 0.00000000
-0.44182590 -0.10519120 0.89091240 0.00000000
-0.78186290 0.53208740 -0.32492130 0.00000000
0.20331660 0.80899020 -0.66867230 1.00000000

-0.28660360 0.15607820 0.94525030 0.00000000
0.55366890 0.83217970 0.03046653 0.00000000
-0.78186310 0.53208740 -0.32492140 0.00000000
0.17942940 0.80330300 -0.62050520 1.00000000

-0.49687260 -0.86280850 -0.09316464 0.00000000
-0.42328100 0.14723070 0.89395550 0.00000000
-0.75759570 0.48361670 -0.43836530 0.00000000
0.22615080 0.78537590 -0.65480610 1.00000000

-0.12612080 0.55784080 0.82030940 0.00000000
0.63818940 0.67870340 -0.36342280 0.00000000
-0.75947900 0.47767750 -0.44160680 0.00000000
0.20548520 0.79339810 -0.61030040 1.00000000

-0.45668180 0.68067480 -0.57282100 0.00000000
-0.79210340 -0.60422820 -0.08649111 0.00000000
-0.40498680 0.41423460 0.81510450 0.00000000
0.14723430 0.91691210 -0.63026460 1.00000000

-0.91029290 -0.40550570 -0.08325958 0.00000000
0.32738380 -0.82828490 0.45471350 0.00000000
-0.25335140 0.38666470 0.88673760 0.00000000
0.09927856 0.88211580 -0.63640820 1.00000000

0.49484710 0.51694090 -0.69849690 0.00000000
-0.14437570 -0.74373230 -0.65270080 0.00000000
-0.85690270 0.42383310 -0.29340010 0.00000000
0.26753850 1.01686700 -0.50276710 1.00000000

-0.02026987 0.49114840 -0.87084010 0.00000000
0.39168600 -0.79749290 -0.45889810 0.00000000
-0.91987590 -0.35039750 -0.17621100 0.00000000
0.16698290 1.34054400 -0.29074750 1.00000000

0.06392670 0.52114090 -0.85107300 0.00000000
0.39170830 -0.79747990 -0.45890150 0.00000000
-0.91786610 -0.30403630 -0.25511570 0.00000000
0.24140740 1.18902300 -0.37793880 1.00000000

0.32003130 0.36937890 -0.87243300 0.00000000
0.60777680 -0.78644930 -0.11002570 0.00000000
-0.72676540 -0.49503280 -0.47618820 0.00000000
0.19317940 1.37255500 -0.36056380 1.00000000

0.93133420 -0.07134023 -0.35710950 0.00000000
-0.26722750 0.53231230 -0.80326410 0.00000000
0.24739880 0.84353670 0.47669650 0.00000000
-0.07142577 1.48054100 -0.17468370 1.00000000

0.99647870 0.04456491 -0.07102278 0.00000000
-0.05282736 0.99148050 -0.11906180 0.00000000
0.06511170 0.12239450 0.99034350 0.00000000
-0.10382400 1.54507800 -0.27207040 1.00000000

0.99647870 0.04456491 -0.07102278 0.00000000
-0.05282736 0.99148050 -0.11906180 0.00000000
0.06511170 0.12239450 0.99034350 0.00000000
-0.11447670 1.58488600 -0.39655240 1.00000000

0.96084560 -0.27555020 -0.02911761 0.00000000
-0.25779550 -0.92753030 0.27060910 0.00000000
-0.10157390 -0.25250720 -0.96224930 0.00000000
-0.06056844 1.58056200 -0.37663640 1.00000000

0.95096680 0.29310600 -0.09874713 0.00000000
-0.30761550 0.92951640 -0.20340090 0.00000000
0.03216913 0.22380380 0.97410330 0.00000000
-0.16552980 1.57379400 -0.36797520 1.00000000

0.99647870 0.04456492 -0.07102296 0.00000000
0.05282736 -0.99148050 0.11906180 0.00000000
-0.06511185 -0.12239450 -0.99034350 0.00000000
-0.07584826 1.59868500 -0.36899680 1.00000000

0.99647870 0.04456491 -0.07102278 0.00000000
-0.05282736 0.99148050 -0.11906180 0.00000000
0.06511170 0.12239450 0.99034350 0.00000000
-0.14988700 1.59537300 -0.36371960 1.00000000

0.96788360 0.19395670 -0.15994420 0.00000000
0.21220520 -0.97144730 0.10610740 0.00000000
-0.13479750 -0.13664060 -0.98140680 0.00000000
-0.09806014 1.60003100 -0.40610860 1.00000000

0.98335670 0.16082520 -0.08452836 0.00000000
-0.16961800 0.97936450 -0.10988580 0.00000000
0.06511170 0.12239450 0.99034350 0.00000000
-0.12996690 1.60028000 -0.40510690 1.00000000

0.99542590 0.04044944 0.08655068 0.00000000
0.04827069 -0.99474670 -0.09027082 0.00000000
0.08244443 0.09403577 -0.99214950 0.00000000
-0.04799295 1.62043900 -0.39220850 1.00000000

0.98458730 0.04664604 -0.16855860 0.00000000
-0.04527323 0.99890280 0.01198053 0.00000000
0.16893260 -0.00416469 0.98561890 0.00000000
-0.18273340 1.61554300 -0.38380920 1.00000000

0.98414540 0.15620580 -0.08400944 0.00000000
0.16511870 -0.97984750 0.11240310 0.00000000
-0.06475842 -0.12449250 -0.99010520 0.00000000
-0.07586757 1.59892000 -0.36912030 1.00000000

0.99607250 -0.06764565 -0.05712810 0.00000000
0.05733248 0.98444840 -0.16605490 0.00000000
0.06747279 0.16212740 0.98446020 0.00000000
-0.14988910 1.59536900 -0.36375090 1.00000000

0.99382070 0.10510950 -0.03567466 0.00000000
-0.10806240 0.98963280 -0.09460160 0.00000000
0.02536148 0.09787214 0.99487580 0.00000000
-0.10713010 1.55690800 -0.31103190 1.00000000

0.94260320 0.33339160 0.01868933 0.00000000
0.33391230 -0.94134570 -0.04869074 0.00000000
0.00135994 0.05213667 -0.99863920 0.00000000
-0.08255126 1.52010100 -0.40987320 1.00000000

0.99358620 0.10723570 -0.03587794 0.00000000
-0.10623640 0.99392680 0.02869273 0.00000000
0.03873703 -0.02469699 0.99894420 0.00000000
-0.10942140 1.53499300 -0.41544830 1.00000000

0.98002590 -0.12617140 -0.15372120 0.00000000
0.13241000 0.99071010 0.03100384 0.00000000
0.14838140 -0.05073880 0.98762790 0.00000000
-0.13644910 1.51582800 -0.40489370 1.00000000

0.99805270 -0.05779130 -0.02347112 0.00000000
-0.05185737 -0.97787720 0.20265010 0.00000000
-0.03466338 -0.20103840 -0.97897010 0.00000000
-0.05729511 1.52363400 -0.38108400 1.00000000

0.96052780 0.25474100 -0.11177450 0.00000000
-0.27152140 0.94592730 -0.17747640 0.00000000
0.06052011 0.20082000 0.97775700 0.00000000
-0.16565670 1.51378100 -0.37096740 1.00000000

0.99751390 0.06884027 0.01506978 0.00000000
0.06082965 -0.94909390 0.30906350 0.00000000
0.03557840 -0.30737850 -0.95092210 0.00000000
-0.08523551 1.54182300 -0.40040530 1.00000000

0.99446280 0.07409966 -0.07451814 0.00000000
-0.09336114 0.94847810 -0.30277560 0.00000000
0.04824340 0.30805620 0.95014440 0.00000000
-0.11161010 1.54347900 -0.40398720 1.00000000

0.98117780 0.10377920 -0.16284950 0.00000000
-0.15460750 0.92745330 -0.34048050 0.00000000
0.11570070 0.35924970 0.92604170 0.00000000
-0.13863580 1.53992200 -0.39546160 1.00000000

0.99645700 0.04497112 -0.07107148 0.00000000
0.06131191 -0.96686070 0.24783260 0.00000000
-0.05757117 -0.25131200 -0.96619270 0.00000000
-0.09473184 1.56796000 -0.39791440 1.00000000

0.99645700 0.04497112 -0.07107148 0.00000000
-0.06131191 0.96686080 -0.24783260 0.00000000
0.05757117 0.25131190 0.96619260 0.00000000
-0.11453850 1.56044100 -0.41276040 1.00000000

0.99645700 0.04497112 -0.07107148 0.00000000
-0.06131191 0.96686080 -0.24783260 0.00000000
0.05757117 0.25131190 0.96619260 0.00000000
-0.13268710 1.56605000 -0.39518320 1.00000000

0.99647870 0.04456491 -0.07102278 0.00000000
-0.05280042 0.99153110 -0.11865160 0.00000000
0.06513366 0.12198400 0.99039260 0.00000000
-0.11119500 1.64206400 -0.31462870 1.00000000

0.30049570 -0.86877420 0.39361630 0.00000000
0.41159990 -0.25416420 -0.87520640 0.00000000
0.86039980 0.42500800 0.28121220 0.00000000
-0.06999201 1.44506100 -0.09371705 1.00000000

-0.30441230 -0.73232320 -0.60912750 0.00000000
0.52096890 0.40735780 -0.75010070 0.00000000
0.79744890 -0.54567620 0.25751300 0.00000000
-0.16213980 1.50182400 0.10227790 1.00000000

-0.30327220 -0.73297420 -0.60891320 0.00000000
0.91980770 -0.39212340 0.01390070 0.00000000
-0.24895770 -0.55586720 0.79311520 0.00000000
-0.31651630 1.38111300 0.32454920 1.00000000

-0.01296923 -0.19858160 -0.97999880 0.00000000
0.90846220 -0.41181900 0.07142654 0.00000000
-0.41776620 -0.88936540 0.18574470 0.00000000
-0.54553510 1.47874600 0.32108920 1.00000000

-0.14796880 0.26033450 0.95411310 0.00000000
-0.37811110 -0.90633360 0.18865830 0.00000000
0.91385870 -0.33284510 0.23254450 0.00000000
-0.62480930 1.55447700 0.25103440 1.00000000

0.76057680 -0.63248620 -0.14657580 0.00000000
0.24256940 0.06741364 0.96778910 0.00000000
-0.60223200 -0.77163260 0.20469490 0.00000000
-0.64023610 1.59505700 0.29401750 1.00000000

0.52567820 -0.21743190 0.82242690 0.00000000
-0.62250050 0.56059730 0.54609890 0.00000000
-0.57978960 -0.79903350 0.15934220 0.00000000
-0.65356960 1.59135100 0.24082140 1.00000000

0.78671910 -0.56556150 -0.24741360 0.00000000
0.29964780 -0.00054149 0.95404980 0.00000000
-0.53970760 -0.82470620 0.16904330 0.00000000
-0.66050470 1.55633700 0.30387090 1.00000000

0.45121840 -0.15169060 0.87942730 0.00000000
-0.72639130 0.51003520 0.46067330 0.00000000
-0.51841860 -0.84667250 0.11995040 0.00000000
-0.67679100 1.55585900 0.24932010 1.00000000

0.86839020 -0.41735770 -0.26778980 0.00000000
0.30937910 0.03395763 0.95033250 0.00000000
-0.38753480 -0.90810780 0.15861020 0.00000000
-0.67788310 1.51720500 0.30735240 1.00000000

0.54949080 -0.12103430 0.82668670 0.00000000
-0.74924120 0.36647000 0.55166790 0.00000000
-0.36972660 -0.92252390 0.11068800 0.00000000
-0.69460980 1.51537000 0.25597270 1.00000000

0.90574980 -0.37356700 -0.20016300 0.00000000
0.20431030 -0.02891395 0.97847910 0.00000000
-0.37131500 -0.92715260 0.05013476 0.00000000
-0.69095850 1.48409400 0.30933420 1.00000000

0.58047010 -0.20630300 0.78771450 0.00000000
-0.74085550 0.26764390 0.61603580 0.00000000
-0.33791680 -0.94117250 0.00251851 0.00000000
-0.70038100 1.48525600 0.26052860 1.00000000

-0.94811250 -0.26006970 -0.18288480 0.00000000
-0.12608370 -0.22050030 0.96720360 0.00000000
-0.29186640 0.94007670 0.17626830 0.00000000
-0.56494960 1.56976700 0.27198110 1.00000000

-0.07785106 -0.25790420 0.96302920 0.00000000
0.95657980 0.25282440 0.14503730 0.00000000
-0.28088290 0.93250520 0.22702310 0.00000000
-0.55579750 1.58334700 0.21470890 1.00000000

-0.18788290 -0.47126720 -0.86174680 0.00000000
0.91980770 -0.39212340 0.01390070 0.00000000
-0.34446180 -0.79002950 0.50714850 0.00000000
-0.42196580 1.42606500 0.32295520 1.00000000

0.74542380 -0.64525860 0.16728770 0.00000000
0.52096350 0.40736580 -0.75010000 0.00000000
0.41586130 0.64629300 0.63981640 0.00000000
-0.16213990 1.50182400 0.10227790 1.00000000

0.41520890 -0.88874040 -0.19427310 0.00000000
0.52096890 0.40735780 -0.75010070 0.00000000
0.74578360 0.21023830 0.63214480 0.00000000
-0.26112470 1.42442500 0.24479580 1.00000000

0.65249620 -0.71991750 -0.23657490 0.00000000
0.11301710 0.40114800 -0.90901460 0.00000000
0.74931690 0.56639150 0.34311060 0.00000000
-0.21381850 1.56191800 0.12090430 1.00000000

0.99141220 -0.13077410 -0.00006336 0.00000000
0.13077410 0.99141220 -0.00023425 0.00000000
0.00009355 0.00022394 1.00000000 0.00000000
-0.15850000 0.89928640 0.08086172 1.00000000

1.00000000 0.00000000 0.00000000 0.00000000
0.00000000 1.00000000 0.00000000 0.00000000
0.00000000 0.00000000 1.00000000 0.00000000
0.00000000 0.00000000 0.00000000 1.00000000

1.00000000 0.00000000 0.00000000 0.00000000
0.00000000 1.00000000 0.00000000 0.00000000
0.00000000 0.00000000 1.00000000 0.00000000
0.00000000 0.00000000 0.00000000 1.00000000

0.74557730 0.04980827 -0.66455530 0.00000000
-0.09002507 0.99559000 -0.02638160 0.00000000
0.66031060 0.07949615 0.74677330 0.00000000
-0.00861662 0.86465670 0.04368335 1.00000000

0.96325790 0.22258040 0.15030710 0.00000000
0.26046740 -0.91067390 -0.32067100 0.00000000
0.06550574 0.34803890 -0.93518870 0.00000000
0.08943595 0.83989120 -0.04758378 1.00000000

0.96325790 0.22258040 0.15030710 0.00000000
0.19047910 -0.96069790 0.20193310 0.00000000
0.18934620 -0.16588330 -0.96779680 0.00000000
0.20413390 0.43887210 -0.18879260 1.00000000

0.99174880 0.05451126 -0.11602990 0.00000000
0.05022060 -0.99795320 -0.03958879 0.00000000
-0.11795060 0.03343500 -0.99245660 0.00000000
0.26488940 0.13244610 -0.12438370 1.00000000

0.99162300 0.05401947 -0.11732760 0.00000000
0.05438961 -0.99851980 -0.00004702 0.00000000
-0.11715660 -0.00633481 -0.99309340 0.00000000
0.25396040 0.03305054 -0.26449410 1.00000000

0.57973470 -0.23587510 -0.77991710 0.00000000
0.30539100 0.95030940 -0.06040207 0.00000000
0.75540980 -0.20316250 0.62296150 0.00000000
-0.10817800 0.82668910 0.12855540 1.00000000

0.57973210 -0.23588310 -0.77991660 0.00000000
-0.22542410 0.87338700 -0.43171640 0.00000000
0.78300370 0.42609180 0.45315670 0.00000000
-0.24265810 0.40821700 0.15515370 1.00000000

0.44523570 -0.10442520 -0.88930340 0.00000000
0.06772812 0.99425850 -0.08284090 0.00000000
0.89284830 -0.02334710 0.44975190 0.00000000
-0.17075650 0.12963960 0.29285510 1.00000000

0.43622170 -0.10452600 -0.89374770 0.00000000
-0.03001674 0.99098720 -0.13054910 0.00000000
0.89933850 0.08377582 0.42915270 0.00000000
-0.30015030 0.02924663 0.23986130 1.00000000

0.57895030 -0.12305030 -0.80602430 0.00000000
-0.04096334 0.98290890 -0.17947710 0.00000000
0.81433320 0.13692580 0.56401490 0.00000000
-0.02204626 1.00034600 0.03878009 1.00000000

0.59555800 -0.08697295 -0.79859020 0.00000000
-0.08875001 0.98091230 -0.17301570 0.00000000
0.79839470 0.17391570 0.57647140 0.00000000
-0.02911366 1.16992600 0.00781495 1.00000000

0.59886640 -0.41133780 -0.68713930 0.00000000
-0.26436260 0.70837970 -0.65445440 0.00000000
0.75595740 0.57358460 0.31548250 0.00000000
-0.03705629 1.35585400 -0.01835731 1.00000000

-0.07883559 0.87164870 -0.48374950 0.00000000
0.75771130 -0.26294480 -0.59727200 0.00000000
-0.64781080 -0.41362880 -0.63972850 0.00000000
-0.01752606 1.40351900 -0.12198110 1.00000000

0.32603270 0.60216670 -0.72876460 0.00000000
0.39814280 -0.78664860 -0.47187540 0.00000000
-0.85742940 -0.13630560 -0.49622140 0.00000000
0.15212130 1.34464700 -0.25570060 1.00000000

0.32480170 0.60202570 -0.72943040 0.00000000
-0.12478500 -0.73722550 -0.66402370 0.00000000
-0.93751420 0.30669800 -0.16432830 0.00000000
0.27115160 1.10946800 -0.39677450 1.00000000

0.59944680 0.36351360 -0.71310700 0.00000000
-0.37055650 -0.66366030 -0.64980240 0.00000000
-0.70947270 0.65376830 -0.26312640 0.00000000
0.23980890 0.92429630 -0.56355990 1.00000000

-0.52599330 -0.24274760 0.81511030 0.00000000
-0.70947280 0.65376820 -0.26312640 0.00000000
-0.46901970 -0.71670110 -0.51610070 0.00000000
0.13044630 0.85408340 -0.61415600 1.00000000

-0.45754330 -0.50428220 -0.73236190 0.00000000
-0.58930810 -0.44479530 0.67444290 0.00000000
-0.66586060 0.74017350 -0.09366423 0.00000000
0.13778060 0.87748350 -0.66665290 1.00000000

-0.31495140 -0.16033400 0.93546710 0.00000000
0.67471800 0.65536470 0.33948900 0.00000000
-0.66750390 0.73809900 -0.09822756 0.00000000
0.10538880 0.85303490 -0.62958130 1.00000000

-0.39719830 -0.67954880 -0.61680420 0.00000000
-0.58349220 -0.33176580 0.74126140 0.00000000
-0.70835760 0.65432800 -0.26473440 0.00000000
0.16988600 0.84768730 -0.65724350 1.00000000

-0.29634170 0.07116379 0.95242700 0.00000000
0.64052930 0.75451730 0.14292050 0.00000000
-0.70845190 0.65241060 -0.26917730 0.00000000
0.13702380 0.82947430 -0.61446880 1.00000000

-0.42590560 -0.84056870 -0.33473700 0.00000000
-0.45495750 -0.12082560 0.88227830 0.00000000
-0.78206010 0.52805840 -0.33096250 0.00000000
0.19765240 0.81848170 -0.64236230 1.00000000

-0.30336700 0.14132280 0.94233570 0.00000000
0.54438080 0.83736630 0.04967269 0.00000000
-0.78206030 0.52805850 -0.33096250 0.00000000
0.17305520 0.81194910 -0.59466200 1.00000000

-0.48626760 -0.86662640 -0.11181530 0.00000000
-0.43910290 0.13171550 0.88872940 0.00000000
-0.75546860 0.48125850 -0.44458700 0.00000000
0.22050650 0.79493140 -0.62842010 1.00000000

-0.14510550 0.54623720 0.82496640 0.00000000
0.63681750 0.68969240 -0.34465640 0.00000000
-0.75723730 0.47534150 -0.44793130 0.00000000
0.19904590 0.80218520 -0.58415940 1.00000000

-0.45450930 0.68305370 -0.57171580 0.00000000
-0.78425360 -0.61118950 -0.10673960 0.00000000
-0.42233570 0.39985620 0.81347880 0.00000000
0.13983550 0.92533520 -0.60354170 1.00000000

-0.90455030 -0.41374490 -0.10297550 0.00000000
0.32867510 -0.83049590 0.44972150 0.00000000
-0.27159090 0.37295030 0.88721290 0.00000000
0.09235090 0.89012840 -0.61088910 1.00000000

0.49669870 0.53293870 -0.68503050 0.00000000
-0.12478500 -0.73722550 -0.66402370 0.00000000
-0.85890600 0.41530120 -0.29967620 0.00000000
0.25684650 1.02495400 -0.47289690 1.00000000

-0.01518914 0.50867190 -0.86082650 0.00000000
0.39812060 -0.78666190 -0.47187210 0.00000000
-0.91720740 -0.34988010 -0.19056400 0.00000000
0.15212140 1.34464700 -0.25570060 1.00000000

0.06609604 0.53766840 -0.84056170 0.00000000
0.39814280 -0.78664860 -0.47187540 0.00000000
-0.91493930 -0.30347450 -0.26606320 0.00000000
0.22776850 1.19518400 -0.34535700 1.00000000

0.31922500 0.38359450 -0.86657420 0.00000000
0.60597220 -0.78567370 -0.12455810 0.00000000
-0.72862430 -0.48535780 -0.48325430 0.00000000
0.17817220 1.37780400 -0.32488780 1.00000000

0.92950050 -0.06987435 -0.36214150 0.00000000
-0.26894900 0.54348200 -0.79516900 0.00000000
0.25237920 0.83650760 0.48637420 0.00000000
-0.08587016 1.48301500 -0.13702210 1.00000000

0.99580440 0.05571710 -0.07258949 0.00000000
-0.06392755 0.99116730 -0.11619230 0.00000000
0.06547427 0.12034520 0.99057050 0.00000000
-0.11847710 1.54890700 -0.23342730 1.00000000

0.99580440 0.05571710 -0.07258949 0.00000000
-0.06392755 0.99116730 -0.11619230 0.00000000
0.06547427 0.12034520 0.99057050 0.00000000
-0.12978190 1.58894200 -0.35777900 1.00000000

0.96376440 -0.26488600 -0.03152138 0.00000000
-0.24711700 -0.93105890 0.26844560 0.00000000
-0.10045570 -0.25092880 -0.96277930 0.00000000
-0.07579502 1.58515500 -0.33796690 1.00000000

0.94751550 0.30381890 -0.09953985 0.00000000
-0.31816470 0.92664020 -0.20027210 0.00000000
0.03139120 0.22143110 0.97467080 0.00000000
-0.18066050 1.57721000 -0.32914640 1.00000000

0.99580440 0.05571708 -0.07258961 0.00000000
0.06392755 -0.99116730 0.11619230 0.00000000
-0.06547442 -0.12034530 -0.99057040 0.00000000
-0.09125990 1.60308800 -0.33025050 1.00000000

0.99580440 0.05571710 -0.07258949 0.00000000
-0.06392755 0.99116730 -0.11619230 0.00000000
0.06547427 0.12034520 0.99057050 0.00000000
-0.16524850 1.59894700 -0.32485690 1.00000000

0.96541540 0.20503230 -0.16104330 0.00000000
0.22305300 -0.96934690 0.10302360 0.00000000
-0.13498370 -0.13538170 -0.98155560 0.00000000
-0.11354930 1.60429300 -0.36732050 1.00000000

0.98138200 0.17186320 -0.08574682 0.00000000
-0.18056180 0.97774230 -0.10685200 0.00000000
0.06547427 0.12034520 0.99057050 0.00000000
-0.14545510 1.60418800 -0.36626400 1.00000000

0.99506940 0.05115159 0.08497342 0.00000000
0.05904528 -0.99390070 -0.09314052 0.00000000
0.07969084 0.09769855 -0.99202060 0.00000000
-0.06368551 1.62521200 -0.35344840 1.00000000

0.98372230 0.05793889 -0.17009880 0.00000000
-0.05622888 0.99830730 0.01485737 0.00000000
0.17067160 -0.00505096 0.98531500 0.00000000
-0.19834930 1.61881100 -0.34483410 1.00000000

0.98222230 0.16725130 -0.08524203 0.00000000
0.17607250 -0.97828190 0.10937570 0.00000000
-0.06509748 -0.12243990 -0.99033880 0.00000000
-0.09128198 1.60332300 -0.33037330 1.00000000

0.99665560 -0.05652942 -0.05900887 0.00000000
0.04622152 0.98547790 -0.16339190 0.00000000
0.06738824 0.16011810 0.98479500 0.00000000
-0.16525060 1.59894300 -0.32488820 1.00000000

0.99254210 0.11613010 -0.03706732 0.00000000
-0.11909660 0.98864420 -0.09164363 0.00000000
0.02600384 0.09537491 0.99510180 0.00000000
-0.12198040 1.56080800 -0.27235000 1.00000000

0.93891270 0.34368320 0.01802325 0.00000000
0.34415410 -0.93747790 -0.05189610 0.00000000
-0.00093931 0.05492864 -0.99849000 0.00000000
-0.09716934 1.52454900 -0.37133550 1.00000000

0.99228390 0.11825410 -0.03726420 0.00000000
-0.11710470 0.99261490 0.03165887 0.00000000
0.04073289 -0.02705072 0.99880400 0.00000000
-0.12421110 1.53916000 -0.37682330 1.00000000

0.98108610 -0.11495890 -0.15573800 0.00000000
0.12156630 0.99201590 0.03355587 0.00000000
0.15063710 -0.05185368 0.98722830 0.00000000
-0.15100830 1.51967000 -0.36627660 1.00000000

0.99858570 -0.04674761 -0.02532747 0.00000000
-0.04075579 -0.97894870 0.19999610 0.00000000
-0.03414387 -0.19868100 -0.97946950 0.00000000
-0.07190387 1.52828000 -0.34257950 1.00000000

0.95747520 0.26559780 -0.11269070 0.00000000
-0.28220830 0.94337480 -0.17436280 0.00000000
0.05999926 0.19875040 0.97821190 0.00000000
-0.18013290 1.51720700 -0.33230650 1.00000000

0.99672170 0.07976254 0.01356885 0.00000000
0.07179177 -0.94922460 0.30629810 0.00000000
0.03731093 -0.30431990 -0.95183900 0.00000000
-0.10007580 1.54621400 -0.36180220 1.00000000

0.99345810 0.08523754 -0.07599857 0.00000000
-0.10430370 0.94823350 -0.29995680 0.00000000
0.04649681 0.30592150 0.95092080 0.00000000
-0.12647320 1.54759000 -0.36533470 1.00000000

0.97969500 0.11501490 -0.16422370 0.00000000
-0.16538040 0.92664150 -0.33761650 0.00000000
0.11334560 0.35792070 0.92684720 0.00000000
-0.15344340 1.54371200 -0.35677330 1.00000000

0.99577830 0.05612313 -0.07263708 0.00000000
0.07236348 -0.96681450 0.24501700 0.00000000
-0.05647540 -0.24923900 -0.96679400 0.00000000
-0.10985450 1.57223700 -0.35922200 1.00000000

0.99577830 0.05612313 -0.07263708 0.00000000
-0.07236344 0.96681450 -0.24501680 0.00000000
0.05647537 0.24923890 0.96679390 0.00000000
-0.12960300 1.56454300 -0.37405540 1.00000000

0.99577830 0.05612313 -0.07263708 0.00000000
-0.07236344 0.96681450 -0.24501680 0.00000000
0.05647537 0.24923890 0.96679390 0.00000000
-0.14778170 1.56990300 -0.35643170 1.00000000

0.99580440 0.05571710 -0.07258949 0.00000000
-0.06390038 0.99121710 -0.11578210 0.00000000
0.06550083 0.11993490 0.99061880 0.00000000
-0.12698720 1.64592400 -0.27570100 1.00000000

0.29746880 -0.87484440 0.38230810 0.00000000
0.41021820 -0.24446940 -0.87861010 0.00000000
0.86210970 0.41818880 0.28615510 0.00000000
-0.08431686 1.44636300 -0.05658146 1.00000000

-0.30708440 -0.72349360 -0.61826860 0.00000000
0.52522850 0.41291760 -0.74406590 0.00000000
0.79362090 -0.55322340 0.25319890 0.00000000
-0.17615540 1.50095600 0.14017340 1.00000000

-0.30594870 -0.72415340 -0.61805920 0.00000000
0.91306450 -0.40705200 0.02494448 0.00000000
-0.26964570 -0.55669630 0.78573560 0.00000000
-0.33179420 1.37859700 0.36065650 1.00000000

-0.00237903 -0.19345410 -0.98110640 0.00000000
0.89925000 -0.42958050 0.08252409 0.00000000
-0.43742890 -0.88206360 0.17498550 0.00000000
