MeshAnim
1
35
79
30
0.77101240 -0.00988551 -0.63674350 0.00000000
-0.01891703 0.99908270 -0.03841689 0.00000000
0.63653920 0.04166519 0.77011810 0.00000000
0.01237277 0.85903010 0.05810552 1.00000000

0.94415800 0.16302230 0.28633810 0.00000000
0.27005680 -0.88075260 -0.38902950 0.00000000
0.18877250 0.44463290 -0.87559500 0.00000000
0.11171420 0.82644860 -0.02922745 1.00000000

0.94415800 0.16302230 0.28633810 0.00000000
0.10331390 -0.97167410 0.21254570 0.00000000
0.31287690 -0.17109390 -0.93425630 0.00000000
0.23063490 0.43860550 -0.20053820 1.00000000

0.99132820 0.06231824 -0.11569330 0.00000000
0.06203496 -0.99805560 -0.00605069 0.00000000
-0.11584550 -0.00117876 -0.99326660 0.00000000
0.26358810 0.12867860 -0.13274430 1.00000000

0.99116870 0.06228923 -0.11706710 0.00000000
0.06660174 -0.99722420 0.03329108 0.00000000
-0.11466850 -0.04079390 -0.99256580 0.00000000
0.25417840 0.02452946 -0.26947140 1.00000000

0.57535890 -0.23251700 -0.78415430 0.00000000
0.32070010 0.94610030 -0.04522921 0.00000000
0.75240520 -0.22545540 0.61891560 0.00000000
-0.09264131 0.82906830 0.13954030 1.00000000

0.57535620 -0.23252490 -0.78415390 0.00000000
-0.20701900 0.88611730 -0.41465580 0.00000000
0.79127010 0.40090950 0.46169610 0.00000000
-0.23386270 0.41244980 0.15945710 1.00000000

0.44429870 -0.10249550 -0.88999630 0.00000000
0.05992597 0.99460900 -0.08462721 0.00000000
0.89387240 -0.01573420 0.44804560 0.00000000
-0.16783180 0.12981180 0.29171690 1.00000000

0.43527990 -0.10270190 -0.89441810 0.00000000
-0.03788720 0.99050240 -0.13217310 0.00000000
0.89949760 0.09141923 0.42725480 0.00000000
-0.29655290 0.02833939 0.23914290 1.00000000

0.78026320 -0.01236937 -0.62532900 0.00000000
-0.00303019 0.99971800 -0.02355596 0.00000000
0.62544400 0.02027470 0.78000560 0.00000000
0.01174564 0.99543830 0.05522840 1.00000000

0.80547560 -0.03618800 -0.59152310 0.00000000
-0.04353745 0.99182340 -0.11996230 0.00000000
0.59102760 0.12238010 0.79731400 0.00000000
0.01122285 1.16791900 0.05116431 1.00000000

0.71129160 -0.09696779 -0.69617640 0.00000000
-0.32024930 0.83695890 -0.44377940 0.00000000
0.62570320 0.53860670 0.56426800 0.00000000
0.00950092 1.35533100 0.03735411 1.00000000

-0.32862630 0.76066610 -0.55981420 0.00000000
0.44790060 -0.39632170 -0.80144500 0.00000000
-0.83149840 -0.51411710 -0.21046100 0.00000000
0.02953235 1.43496200 -0.04418699 1.00000000

-0.50625400 0.16955390 -0.84555180 0.00000000
-0.23567430 -0.97035970 -0.05347650 0.00000000
-0.82955660 0.17220230 0.53120820 0.00000000
0.12981700 1.34622600 -0.22363000 1.00000000

-0.52371550 0.12548900 -0.84259970 0.00000000
-0.80313060 -0.40256510 0.43922940 0.00000000
-0.28408290 0.90674910 0.31161360 0.00000000
0.05935854 1.05612300 -0.23961810 1.00000000

0.40865090 -0.84252890 0.35092750 0.00000000
-0.87583750 -0.47016110 -0.10889010 0.00000000
0.25673540 -0.26285760 -0.93005000 0.00000000
-0.14236710 0.95500960 -0.12929510 1.00000000

-0.25035500 0.91137180 -0.32668750 0.00000000
0.25673540 -0.26285760 -0.93005000 0.00000000
-0.93349330 -0.31671470 -0.16817370 0.00000000
-0.17378630 0.93024900 -0.17935500 1.00000000

-0.85545870 -0.50444900 0.11713830 0.00000000
-0.50218040 0.75278380 -0.42559590 0.00000000
0.12651160 -0.42290440 -0.89730000 0.00000000
-0.24557650 0.87694540 -0.20981310 1.00000000

-0.96134090 0.17322550 -0.21404810 0.00000000
0.24650790 0.88780030 -0.38864480 0.00000000
0.12270880 -0.42638480 -0.89618040 0.00000000
-0.27317930 0.91832300 -0.23320640 1.00000000

-0.77466250 -0.62314470 0.10765090 0.00000000
-0.59210160 0.65496120 -0.46951250 0.00000000
0.22206700 -0.42745410 -0.87633870 0.00000000
-0.25790910 0.88643910 -0.16780260 1.00000000

-0.92672880 0.18702930 -0.32587430 0.00000000
0.30426690 0.88241630 -0.35883580 0.00000000
0.22044410 -0.43169650 -0.87466750 0.00000000
-0.29086700 0.92430110 -0.19466460 1.00000000

-0.78757350 -0.59848860 0.14676390 0.00000000
-0.57656190 0.63162050 -0.51829770 0.00000000
0.21749620 -0.49281600 -0.84251310 0.00000000
-0.27024270 0.90179850 -0.12962710 1.00000000

-0.92271970 0.17763170 -0.34210480 0.00000000
0.31825140 0.85180990 -0.41609660 0.00000000
0.21749620 -0.49281600 -0.84251310 0.00000000
-0.30141460 0.93594700 -0.15764900 1.00000000

-0.85721040 -0.51465970 -0.01776531 0.00000000
-0.36784410 0.63609010 -0.67829220 0.00000000
0.36039010 -0.57490440 -0.73457770 0.00000000
-0.27959980 0.91601180 -0.09829453 1.00000000

-0.92711440 -0.12102170 -0.35470110 0.00000000
0.11707940 0.80553590 -0.58086530 0.00000000
0.35602190 -0.58005690 -0.73265480 0.00000000
-0.29719200 0.94803130 -0.13202040 1.00000000

0.68371870 -0.43111230 -0.58878790 0.00000000
-0.62500730 -0.76243150 -0.16752370 0.00000000
-0.37668870 0.48253610 -0.79073690 0.00000000
-0.18856300 0.93026530 -0.22335850 1.00000000

-0.02737081 -0.83478780 -0.54989170 0.00000000
-0.98921440 0.10180520 -0.10531140 0.00000000
0.14389430 0.54107820 -0.82857050 0.00000000
-0.22459140 0.88412070 -0.23435470 1.00000000

0.09555538 -0.81469360 -0.57196460 0.00000000
-0.80313060 -0.40256510 0.43922940 0.00000000
-0.58809020 0.41739170 -0.69277250 0.00000000
-0.03271087 1.00997400 -0.18926570 1.00000000

-0.40300260 0.15578290 -0.90184280 0.00000000
-0.24064110 -0.96876970 -0.05980953 0.00000000
-0.88299520 0.19291710 0.42790450 0.00000000
0.12981700 1.34622600 -0.22363000 1.00000000

-0.55583610 0.17972670 -0.81163050 0.00000000
-0.23567430 -0.97035970 -0.05347650 0.00000000
-0.79718470 0.16155640 0.58171800 0.00000000
0.08503890 1.16185800 -0.23379060 1.00000000

-0.10146270 0.19593030 -0.97535460 0.00000000
0.54239320 -0.81098810 -0.21933540 0.00000000
-0.83397530 -0.55128020 -0.02398619 0.00000000
0.12416130 1.36165000 -0.31302670 1.00000000

0.89527700 0.26706030 -0.35659230 0.00000000
-0.44260590 0.62441880 -0.64358480 0.00000000
0.05078700 0.73401650 0.67723010 0.00000000
-0.04922586 1.50576700 -0.04360141 1.00000000

0.99522630 0.08942599 0.03908306 0.00000000
-0.07126928 0.93954150 -0.33493690 0.00000000
-0.06667227 0.33055260 0.94142960 0.00000000
-0.10288670 1.58147100 -0.12162850 1.00000000

0.99522630 0.08942599 0.03908306 0.00000000
-0.07126928 0.93954150 -0.33493690 0.00000000
-0.06667227 0.33055260 0.94142960 0.00000000
-0.09885531 1.59363800 -0.25212620 1.00000000

0.96556990 -0.21640930 0.14436690 0.00000000
-0.25824000 -0.86438010 0.43146230 0.00000000
0.03141543 -0.45388840 -0.89050490 0.00000000
-0.04782905 1.59687100 -0.22553090 1.00000000

0.94510530 0.32342260 -0.04662681 0.00000000
-0.31085110 0.84588430 -0.43341840 0.00000000
-0.10073630 0.42411990 0.89998580 0.00000000
-0.15273830 1.58567500 -0.22805740 1.00000000

0.99522630 0.08942599 0.03908306 0.00000000
0.07126928 -0.93954150 0.33493690 0.00000000
0.06667224 -0.33055260 -0.94142960 0.00000000
-0.06457791 1.61522500 -0.22382540 1.00000000

0.99522630 0.08942599 0.03908306 0.00000000
-0.07126928 0.93954150 -0.33493690 0.00000000
-0.06667227 0.33055260 0.94142960 0.00000000
-0.13852360 1.60858000 -0.22672890 1.00000000

0.97313700 0.21488750 -0.08263019 0.00000000
0.23020650 -0.91297690 0.33686550 0.00000000
-0.00305131 -0.34683830 -0.93792000 0.00000000
-0.08188079 1.60742200 -0.26271220 1.00000000

0.97994460 0.19926860 -0.00056681 0.00000000
-0.18778470 0.92251120 -0.33720900 0.00000000
-0.06667227 0.33055260 0.94142960 0.00000000
-0.11364200 1.60592800 -0.26555760 1.00000000

0.97411970 0.11830100 0.19260250 0.00000000
0.09370762 -0.98678830 0.13216660 0.00000000
0.20569330 -0.11069770 -0.97233570 0.00000000
-0.03474279 1.63330200 -0.24772240 1.00000000

0.99587540 0.07033254 -0.05732241 0.00000000
-0.08084102 0.97465320 -0.20860480 0.00000000
0.04119754 0.21237830 0.97631880 0.00000000
-0.16919840 1.62206100 -0.25441740 1.00000000

0.98081930 0.19491690 0.00102308 0.00000000
0.18301910 -0.92273080 0.33922260 0.00000000
0.06706405 -0.33252890 -0.94070560 0.00000000
-0.06458937 1.61542800 -0.22399800 1.00000000

0.99691000 -0.01720811 0.07664329 0.00000000
0.04418333 0.92956970 -0.36598930 0.00000000
-0.06494746 0.36824470 0.92745760 0.00000000
-0.13852150 1.60857000 -0.22675870 1.00000000

0.98597230 0.15574710 0.06001323 0.00000000
-0.12908800 0.93948450 -0.31734100 0.00000000
-0.10580660 0.30514240 0.94641060 0.00000000
-0.10157530 1.58466700 -0.16233430 1.00000000

0.92036850 0.38679160 0.05756852 0.00000000
0.36964770 -0.90854940 0.19467640 0.00000000
0.12760290 -0.15789390 -0.97917680 0.00000000
-0.06327131 1.52957100 -0.24733850 1.00000000

0.98569260 0.15776540 0.05933124 0.00000000
-0.14323570 0.96957330 -0.19852280 0.00000000
-0.08884609 0.18718410 0.97829870 0.00000000
-0.08970201 1.54130000 -0.25911590 1.00000000

0.99540860 -0.09550891 -0.00630051 0.00000000
0.09311200 0.98147470 -0.16744490 0.00000000
0.02217615 0.16608940 0.98586130 0.00000000
-0.11718310 1.52315400 -0.24794860 1.00000000

0.99421730 -0.00043037 0.10738570 0.00000000
-0.04367560 -0.91516860 0.40069850 0.00000000
0.09810361 -0.40307150 -0.90989540 0.00000000
-0.04205218 1.54058100 -0.21721060 1.00000000

0.95757440 0.28383760 -0.04987562 0.00000000
-0.27896640 0.86952480 -0.40755930 0.00000000
-0.07231259 0.40418190 0.91181580 0.00000000
-0.15041170 1.52647000 -0.21806320 1.00000000

0.98437620 0.13118720 0.11744480 0.00000000
0.05337632 -0.85794690 0.51095810 0.00000000
0.16779240 -0.49670630 -0.85154500 0.00000000
-0.06789457 1.55258700 -0.24314920 1.00000000

0.99265850 0.11739730 0.02910331 0.00000000
-0.08640485 0.85667650 -0.50856650 0.00000000
-0.08463645 0.50231810 0.86053060 0.00000000
-0.09363350 1.55184600 -0.25008860 1.00000000

0.98979450 0.12707940 -0.06448013 0.00000000
-0.14154940 0.82453470 -0.54781970 0.00000000
-0.01645055 0.55135610 0.83410790 0.00000000
-0.12139050 1.54850900 -0.24424560 1.00000000

0.99519710 0.08981086 0.03894573 0.00000000
0.06231813 -0.88806370 0.45547710 0.00000000
0.07549322 -0.45086250 -0.88939510 0.00000000
-0.07852715 1.57803800 -0.24747690 1.00000000

0.99519710 0.08981086 0.03894573 0.00000000
-0.06231815 0.88806370 -0.45547710 0.00000000
-0.07549319 0.45086240 0.88939520 0.00000000
-0.09599563 1.56638700 -0.26258780 1.00000000

0.99519710 0.08981086 0.03894573 0.00000000
-0.06231815 0.88806370 -0.45547710 0.00000000
-0.07549319 0.45086240 0.88939520 0.00000000
-0.11643080 1.57443000 -0.24889470 1.00000000

0.99522630 0.08942599 0.03908306 0.00000000
-0.07129691 0.93967840 -0.33454700 0.00000000
-0.06664282 0.33016340 0.94156810 0.00000000
-0.10807840 1.66677700 -0.18461890 1.00000000

0.39746080 -0.82596570 0.39975750 0.00000000
0.40152700 -0.23517790 -0.88513700 0.00000000
0.82510670 0.51232070 0.23817340 0.00000000
-0.06944733 1.45575000 0.01275903 1.00000000

0.83228640 -0.45635060 0.31471190 0.00000000
0.55425940 0.69508470 -0.45787990 0.00000000
-0.00979775 0.55551930 0.83144610 0.00000000
-0.15935160 1.50841200 0.21093430 1.00000000

0.87083680 -0.39567550 0.29169230 0.00000000
-0.01475927 0.57207310 0.82007000 0.00000000
-0.49135080 -0.71845240 0.49234240 0.00000000
-0.32505580 1.30060300 0.34782630 1.00000000

0.99967680 -0.01546261 0.02018094 0.00000000
-0.00149798 0.75658590 0.65389300 0.00000000
-0.02537963 -0.65371170 0.75631800 0.00000000
-0.32134970 1.15691300 0.14184640 1.00000000

-0.98422940 -0.11615200 -0.13342160 0.00000000
-0.02537963 -0.65371170 0.75631800 0.00000000
-0.17506730 0.74777660 0.64045440 0.00000000
-0.26951620 1.09000200 0.03586749 1.00000000

0.97762610 0.13861120 0.15822240 0.00000000
-0.20988240 0.69293880 0.68977200 0.00000000
-0.01402840 -0.70754710 0.70652690 0.00000000
-0.31473710 1.09909400 0.00098274 1.00000000

0.52418980 0.60005330 0.60428570 0.00000000
-0.85053750 0.33343460 0.40670260 0.00000000
0.04255345 -0.72715720 0.68515090 0.00000000
-0.30320030 1.06100500 -0.03693129 1.00000000

0.16210110 0.79137290 0.58945080 0.00000000
-0.98510430 0.09504334 0.14330600 0.00000000
0.05738512 -0.60390040 0.79499150 0.00000000
-0.31757400 1.06854300 0.03362807 1.00000000

-0.96886830 0.15660680 0.19175240 0.00000000
-0.24004400 -0.78382400 -0.57271190 0.00000000
0.06060946 -0.60091140 0.79701450 0.00000000
-0.26134430 1.06391000 0.02600334 1.00000000

0.00220963 0.76551150 0.64341860 0.00000000
-0.99428580 -0.06699032 0.08311689 0.00000000
0.10672980 -0.63992570 0.76098900 0.00000000
-0.31407550 1.04098800 0.06639931 1.00000000

-0.95323170 0.15956300 0.25668960 0.00000000
-0.27052280 -0.82917290 -0.48917280 0.00000000
0.13478610 -0.53573550 0.83355920 0.00000000
-0.26031940 1.04461000 0.06190509 1.00000000

0.04303357 0.76673190 0.64052370 0.00000000
-0.96982770 -0.12192850 0.21111100 0.00000000
0.23996360 -0.63028250 0.73835060 0.00000000
-0.31017240 1.01928800 0.09441962 1.00000000

-0.94832840 0.06309118 0.31095480 0.00000000
-0.17975710 -0.91441240 -0.36268130 0.00000000
0.26145880 -0.39983710 0.87850420 0.00000000
-0.26193000 1.02598000 0.08441726 1.00000000

0.19973780 -0.97984680 0.00233766 0.00000000
-0.92881910 -0.18857510 0.31895890 0.00000000
-0.31208980 -0.06587940 -0.94776550 0.00000000
-0.29473120 1.16344000 0.04478633 1.00000000

-0.94165290 -0.32314930 -0.09415275 0.00000000
-0.32926440 0.82636790 0.45683880 0.00000000
-0.06982231 0.46118480 -0.88455260 0.00000000
-0.24575770 1.17431400 0.02519210 1.00000000

0.96592900 -0.20378340 0.15954170 0.00000000
-0.01475927 0.57207310 0.82007000 0.00000000
-0.25838620 -0.79448430 0.54957430 0.00000000
-0.32336260 1.23501800 0.25381290 1.00000000

0.77414560 -0.62807470 -0.07887211 0.00000000
0.52942750 0.71072650 -0.46322210 0.00000000
0.34699450 0.31684430 0.88272570 0.00000000
-0.15935180 1.50841200 0.21093440 1.00000000

0.83134680 -0.48922470 0.26366990 0.00000000
0.55425940 0.69508470 -0.45787990 0.00000000
0.04073322 0.52679850 0.84901370 0.00000000
-0.26465920 1.37634500 0.29793200 1.00000000

0.70982430 -0.65973720 -0.24677230 0.00000000
0.03994042 0.38747490 -0.92101480 0.00000000
0.70324550 0.64390240 0.30138910 0.00000000
-0.21875130 1.56531600 0.23340790 1.00000000

0.99519930 -0.09786879 -0.00000003 0.00000000
0.09786879 0.99519940 -0.00000001 0.00000000
0.00000003 0.00000001 1.00000000 0.00000000
-0.15045200 0.90458920 0.11937950 1.00000000

1.00000000 0.00000000 0.00000000 0.00000000
0.00000000 1.00000000 0.00000000 0.00000000
0.00000000 0.00000000 1.00000000 0.00000000
0.00000000 0.00000000 0.00000000 1.00000000

1.00000000 0.00000000 0.00000000 0.00000000
0.00000000 1.00000000 0.00000000 0.00000000
0.00000000 0.00000000 1.00000000 0.00000000
0.00000000 0.00000000 0.00000000 1.00000000

0.77617420 -0.00160050 -0.63051650 0.00000000
-0.03116475 0.99867710 -0.04089928 0.00000000
0.62974780 0.05139485 0.77509760 0.00000000
0.01486363 0.85881070 0.05583957 1.00000000

0.94590850 0.16030260 0.28206430 0.00000000
0.26530260 -0.88260840 -0.38809400 0.00000000
0.18673990 0.44193380 -0.87739550 0.00000000
0.11530630 0.82728740 -0.03061782 1.00000000

0.94590850 0.16030260 0.28206430 0.00000000
0.09987463 -0.97106200 0.21694180 0.00000000
0.30867820 -0.17703600 -0.93454590 0.00000000
0.23213340 0.43862710 -0.20151670 1.00000000

0.99131270 0.06246591 -0.11574610 0.00000000
0.06214581 -0.99804680 -0.00637578 0.00000000
-0.11591830 -0.00087272 -0.99325850 0.00000000
0.26398960 0.12889550 -0.13232050 1.00000000

0.99116140 0.06288824 -0.11680780 0.00000000
0.06727280 -0.99715600 0.03397716 0.00000000
-0.11433890 -0.04153479 -0.99257310 0.00000000
0.25458160 0.02478915 -0.26908040 1.00000000

0.57476120 -0.23725680 -0.78317220 0.00000000
0.32282130 0.94516900 -0.04941773 0.00000000
0.75195470 -0.22442130 0.61983800 0.00000000
-0.09041739 0.82771120 0.13649940 1.00000000

0.57475850 -0.23726480 -0.78317190 0.00000000
-0.20795600 0.88327780 -0.42020810 0.00000000
0.79145880 0.40438340 0.45833080 0.00000000
-0.23257290 0.41150270 0.15826080 1.00000000

0.44283050 -0.10547760 -0.89037950 0.00000000
0.05930740 0.99432740 -0.08829515 0.00000000
0.89464180 -0.01370626 0.44657410 0.00000000
-0.16624300 0.12977050 0.29229140 1.00000000

0.43397080 -0.10515280 -0.89476940 0.00000000
-0.03803088 0.99014190 -0.13480620 0.00000000
0.90012410 0.09253078 0.42569380 0.00000000
-0.29500520 0.02804947 0.24030130 1.00000000

0.78492160 -0.00883204 -0.61953200 0.00000000
-0.01195636 0.99949630 -0.02939703 0.00000000
0.61947970 0.03048171 0.78442070 0.00000000
0.01254500 0.99519340 0.05263912 1.00000000

0.80985170 -0.03386224 -0.58565650 0.00000000
-0.05018704 0.99067330 -0.12667920 0.00000000
0.58448390 0.13198370 0.80059910 0.00000000
0.01048218 1.16763600 0.04756727 1.00000000

0.71677040 -0.09760232 -0.69044480 0.00000000
-0.32207130 0.83187420 -0.45194640 0.00000000
0.61847420 0.54631420 0.56482790 0.00000000
0.00744134 1.35493700 0.03253273 1.00000000

-0.32898750 0.75306150 -0.56979440 0.00000000
0.45527380 -0.40214680 -0.79435750 0.00000000
-0.82734110 -0.52074620 -0.21054800 0.00000000
0.02757582 1.43411000 -0.04942777 1.00000000

-0.49791270 0.16618000 -0.85115640 0.00000000
-0.21119500 -0.97515580 -0.06684413 0.00000000
-0.84111820 0.14647750 0.52063870 0.00000000
0.12951130 1.34407000 -0.22728400 1.00000000

-0.51523300 0.11920310 -0.84872010 0.00000000
-0.81411060 -0.37759270 0.44118920 0.00000000
-0.26787930 0.91826720 0.29159280 0.00000000
0.06637123 1.05253300 -0.24726840 1.00000000

0.40992390 -0.84044770 0.35441590 0.00000000
-0.87043500 -0.47657470 -0.12336980 0.00000000
0.27259120 -0.25792390 -0.92691410 0.00000000
-0.13811220 0.95769180 -0.13645320 1.00000000

-0.25254680 0.91043580 -0.32760860 0.00000000
0.27259120 -0.25792390 -0.92691410 0.00000000
-0.92839350 -0.32339220 -0.18303920 0.00000000
-0.16858900 0.93284740 -0.18705120 1.00000000

-0.85315740 -0.51141800 0.10283190 0.00000000
-0.50163020 0.75021820 -0.43074380 0.00000000
0.14314370 -0.41907590 -0.89659670 0.00000000
-0.23950090 0.87908670 -0.21873860 1.00000000

-0.95936650 0.16646050 -0.22783190 0.00000000
0.24535200 0.89090380 -0.38222090 0.00000000
0.13935160 -0.42258910 -0.89554460 0.00000000
-0.26707350 0.92032320 -0.24241500 1.00000000

-0.77130770 -0.62945460 0.09418923 0.00000000
-0.59012380 0.65184240 -0.47629400 0.00000000
0.23840870 -0.42295270 -0.87422720 0.00000000
-0.25253120 0.88835170 -0.17688810 1.00000000

-0.92320170 0.18088490 -0.33908700 0.00000000
0.30270080 0.88587270 -0.35157060 0.00000000
0.23679400 -0.42721270 -0.87259300 0.00000000
-0.28537910 0.92604250 -0.20412310 1.00000000

-0.78499110 -0.60502280 0.13318010 0.00000000
-0.57367840 0.62877700 -0.52491280 0.00000000
0.23384350 -0.48845450 -0.84067240 0.00000000
-0.26555090 0.90349460 -0.13885420 1.00000000

-0.91887840 0.17156990 -0.35528450 0.00000000
0.31777410 0.85555640 -0.40870940 0.00000000
0.23384350 -0.48845450 -0.84067240 0.00000000
-0.29656690 0.93748940 -0.16723360 1.00000000

-0.85282080 -0.52121550 -0.03211328 0.00000000
-0.36264280 0.63536620 -0.68176260 0.00000000
0.37574880 -0.56977590 -0.73086840 0.00000000
-0.27548370 0.91753600 -0.10762140 1.00000000

-0.92076100 -0.12706740 -0.36885400 0.00000000
0.11944370 0.80824860 -0.57659970 0.00000000
0.37139270 -0.57496810 -0.72902660 0.00000000
-0.29282050 0.94952510 -0.14150830 1.00000000

0.69574270 -0.42394870 -0.57983620 0.00000000
-0.61649310 -0.76670940 -0.17914590 0.00000000
-0.36861710 0.48210440 -0.79479370 0.00000000
-0.18270870 0.93288840 -0.23127000 1.00000000

-0.01268497 -0.83323270 -0.55277740 0.00000000
-0.98829930 0.09448345 -0.11974110 0.00000000
0.15200040 0.54479040 -0.82468150 0.00000000
-0.21820920 0.88650140 -0.24294260 1.00000000

0.08132079 -0.82638430 -0.55720410 0.00000000
-0.81411060 -0.37759270 0.44118920 0.00000000
-0.57498810 0.41774770 -0.70347420 0.00000000
-0.02695684 1.00924700 -0.19669140 1.00000000

-0.38885050 0.15463560 -0.90823090 0.00000000
-0.21607340 -0.97362480 -0.07326010 0.00000000
-0.89560470 0.16775730 0.41200700 0.00000000
0.12951140 1.34407000 -0.22728390 1.00000000

-0.54569820 0.17436870 -0.81963990 0.00000000
-0.21119500 -0.97515580 -0.06684413 0.00000000
-0.81093200 0.13662720 0.56896630 0.00000000
0.08938427 1.15879000 -0.23998430 1.00000000

-0.09608445 0.18530250 -0.97797290 0.00000000
0.54814350 -0.81026690 -0.20738050 0.00000000
-0.83084700 -0.55599550 -0.02371848 0.00000000
0.12433810 1.35857000 -0.31674220 1.00000000

0.89630250 0.27192170 -0.35028570 0.00000000
-0.44169200 0.61757410 -0.65077670 0.00000000
0.03936717 0.73801130 0.67363900 0.00000000
-0.05160442 1.50444400 -0.04989884 1.00000000

0.99379220 0.09867173 0.05138934 0.00000000
-0.07565289 0.93805420 -0.33812860 0.00000000
-0.08156967 0.33214170 0.93969590 0.00000000
-0.10515450 1.57931700 -0.12879800 1.00000000

0.99379220 0.09867173 0.05138934 0.00000000
-0.07565289 0.93805420 -0.33812860 0.00000000
-0.08156967 0.33214170 0.93969590 0.00000000
-0.09958918 1.59121400 -0.25926420 1.00000000

0.96561630 -0.20717460 0.15704720 0.00000000
-0.25572310 -0.86570080 0.43031160 0.00000000
0.04680616 -0.45567650 -0.88891450 0.00000000
-0.04893431 1.59497900 -0.23203670 1.00000000

0.94261220 0.33199460 -0.03552276 0.00000000
-0.31310440 0.84196480 -0.43938700 0.00000000
-0.11596510 0.42529390 0.89759530 0.00000000
-0.15369630 1.58281300 -0.23585610 1.00000000

0.99379210 0.09867171 0.05138934 0.00000000
0.07565289 -0.93805420 0.33812860 0.00000000
0.08156961 -0.33214180 -0.93969580 0.00000000
-0.06587096 1.61318200 -0.23058750 1.00000000

0.99379220 0.09867173 0.05138934 0.00000000
-0.07565289 0.93805420 -0.33812860 0.00000000
-0.08156967 0.33214170 0.93969590 0.00000000
-0.13971010 1.60585000 -0.23440550 1.00000000

0.97209000 0.22363760 -0.07090184 0.00000000
0.23430290 -0.91002370 0.34199260 0.00000000
0.01195994 -0.34906010 -0.93702420 0.00000000
-0.08260968 1.60512900 -0.26966970 1.00000000

0.97800510 0.20827540 0.01127893 0.00000000
-0.19196930 0.91994740 -0.34182540 0.00000000
-0.08156967 0.33214170 0.93969590 0.00000000
-0.11431750 1.60333500 -0.27291110 1.00000000

0.97048690 0.12771290 0.20455920 0.00000000
0.10107930 -0.98557010 0.13577420 0.00000000
0.21894740 -0.11109050 -0.96939230 0.00000000
-0.03590384 1.63147600 -0.25415160 1.00000000

0.99583200 0.07935799 -0.04495260 0.00000000
-0.08713888 0.97337390 -0.21201410 0.00000000
0.02693090 0.21504760 0.97623210 0.00000000
-0.17015550 1.61898200 -0.26251110 1.00000000

0.97889940 0.20393560 0.01289052 0.00000000
0.18718100 -0.92020590 0.34377940 0.00000000
0.08197069 -0.33411270 -0.93896200 0.00000000
-0.06588203 1.61338400 -0.23076070 1.00000000

0.99598000 -0.00785356 0.08923155 0.00000000
0.04026878 0.92907230 -0.36770010 0.00000000
-0.08001471 0.36981520 0.92565350 0.00000000
-0.13970750 1.60583900 -0.23443510 1.00000000

0.98366700 0.16495390 0.07203764 0.00000000
-0.13368610 0.93750670 -0.32126200 0.00000000
-0.12052910 0.30638440 0.94424660 0.00000000
-0.10335920 1.58242900 -0.16949180 1.00000000

0.91598310 0.39537870 0.06819597 0.00000000
0.37547980 -0.90464850 0.20155970 0.00000000
0.14138580 -0.15901910 -0.97709940 0.00000000
-0.06348234 1.52748800 -0.25387050 1.00000000

0.98337750 0.16696800 0.07134715 0.00000000
-0.14960670 0.96774380 -0.20270610 0.00000000
-0.10289100 0.18866260 0.97663710 0.00000000
-0.08986884 1.53894600 -0.26600870 1.00000000

0.99624290 -0.08635999 0.00646883 0.00000000
0.08621135 0.98189260 -0.16868430 0.00000000
0.00821587 0.16860840 0.98564900 0.00000000
-0.11732110 1.52057400 -0.25514360 1.00000000

0.99274580 0.00897107 0.11989590 0.00000000
-0.04033105 -0.91458520 0.40237720 0.00000000
0.11326460 -0.40429390 -0.90758910 0.00000000
-0.04274676 1.53876400 -0.22350510 1.00000000

0.95548380 0.29251850 -0.03851637 0.00000000
-0.28176660 0.86595840 -0.41318700 0.00000000
-0.08751130 0.40564610 0.90983130 0.00000000
-0.15095300 1.52365500 -0.22568720 1.00000000

0.98157210 0.14051580 0.12950480 0.00000000
0.05479363 -0.85621350 0.51370840 0.00000000
0.18306780 -0.49714570 -0.84813460 0.00000000
-0.06836899 1.55047100 -0.24979670 1.00000000

0.99109390 0.12659460 0.04130909 0.00000000
-0.08783668 0.85464480 -0.51172970 0.00000000
-0.10008670 0.50354380 0.85815300 0.00000000
-0.09401049 1.54947700 -0.25705780 1.00000000

0.98932190 0.13602940 -0.05232656 0.00000000
-0.14218450 0.82190450 -0.55159440 0.00000000
-0.03202549 0.55314460 0.83246960 0.00000000
-0.12180710 1.54589800 -0.25155650 1.00000000

0.99376120 0.09905603 0.05125087 0.00000000
0.06471044 -0.88637730 0.45841900 0.00000000
0.09083676 -0.45224260 -0.88725730 0.00000000
-0.07917912 1.57581200 -0.25432080 1.00000000

0.99376120 0.09905603 0.05125087 0.00000000
-0.06471041 0.88637730 -0.45841890 0.00000000
-0.09083673 0.45224250 0.88725740 0.00000000
-0.09634803 1.56396500 -0.26962160 1.00000000

0.99376120 0.09905603 0.05125087 0.00000000
-0.06471041 0.88637730 -0.45841890 0.00000000
-0.09083673 0.45224250 0.88725740 0.00000000
-0.11702710 1.57185200 -0.25620680 1.00000000

0.99379220 0.09867173 0.05138934 0.00000000
-0.07568669 0.93819170 -0.33773940 0.00000000
-0.08153838 0.33175330 0.93983580 0.00000000
-0.11033340 1.66442400 -0.19205940 1.00000000

0.39922150 -0.82130220 0.40753530 0.00000000
0.40946750 -0.23799130 -0.88073640 0.00000000
0.82034050 0.51848140 0.24128540 0.00000000
-0.07192674 1.45470400 0.00667094 1.00000000

0.82964730 -0.45307810 0.32619890 0.00000000
0.55786030 0.69564570 -0.45262410 0.00000000
-0.02184466 0.55749180 0.82989510 0.00000000
-0.16360890 1.50799700 0.20386090 1.00000000

0.86830100 -0.39234270 0.30351360 0.00000000
-0.03076145 0.56810790 0.82237900 0.00000000
-0.49508290 -0.72340910 0.48121960 0.00000000
-0.33038970 1.30001900 0.33918160 1.00000000

0.99935350 -0.00715337 0.03523517 0.00000000
-0.01773977 0.75430650 0.65628270 0.00000000
-0.03127277 -0.65648340 0.75369200 0.00000000
-0.32266420 1.15732500 0.13262180 1.00000000

-0.98109080 -0.12393930 -0.14866210 0.00000000
-0.03127277 -0.65648340 0.75369200 0.00000000
-0.19100610 0.74408920 0.64019380 0.00000000
-0.26867580 1.09121400 0.02721857 1.00000000

0.97392480 0.14625730 0.17343410 0.00000000
-0.22609760 0.68879320 0.68879880 0.00000000
-0.01871830 -0.71005120 0.70390120 0.00000000
-0.31344040 1.10004500 -0.00831550 1.00000000

0.50993760 0.60235530 0.61411060 0.00000000
-0.85935640 0.32490260 0.39489820 0.00000000
0.03834295 -0.72911350 0.68331810 0.00000000
-0.30101230 1.06218500 -0.04617610 1.00000000

0.14651360 0.79068360 0.59443520 0.00000000
-0.98792000 0.08629399 0.12871450 0.00000000
0.05047634 -0.60611280 0.79377540 0.00000000
-0.31651160 1.06936100 0.02418238 1.00000000

-0.97293620 0.14782550 0.17760320 0.00000000
-0.22476110 -0.78384540 -0.57885150 0.00000000
0.05364436 -0.60310370 0.79585710 0.00000000
-0.26013630 1.06522500 0.01739318 1.00000000

-0.01394990 0.76329880 0.64589540 0.00000000
-0.99482620 -0.07560415 0.06786036 0.00000000
0.10063010 -0.64160670 0.76040420 0.00000000
-0.31327570 1.04172500 0.05691193 1.00000000

-0.95830640 0.15069060 0.24277870 0.00000000
-0.25611310 -0.82973330 -0.49593240 0.00000000
0.12670920 -0.53743380 0.83373250 0.00000000
-0.25949040 1.04581200 0.05324254 1.00000000

0.02690119 0.76487100 0.64362160 0.00000000
-0.97183920 -0.13077260 0.19602810 0.00000000
0.23410430 -0.63077010 0.73981370 0.00000000
-0.30961280 1.01996200 0.08491643 1.00000000

-0.95340930 0.05407827 0.29679390 0.00000000
-0.16655030 -0.91464130 -0.36836480 0.00000000
0.25153940 -0.40063330 0.88103410 0.00000000
-0.26128320 1.02709200 0.07566641 1.00000000

0.20793360 -0.97814060 0.00213009 0.00000000
-0.93190180 -0.19744160 0.30426310 0.00000000
-0.29719180 -0.06525175 -0.95258560 0.00000000
-0.29464070 1.16440700 0.03599699 1.00000000

-0.93736750 -0.33070530 -0.10943580 0.00000000
-0.34307330 0.82201250 0.45452870 0.00000000
-0.06035739 0.46360510 -0.88398370 0.00000000
-0.24547060 1.17575800 0.01718106 1.00000000

0.96481170 -0.19807900 0.17292430 0.00000000
-0.03076145 0.56810790 0.82237900 0.00000000
-0.26113580 -0.79876030 0.54202400 0.00000000
-0.32686190 1.23488900 0.24490360 1.00000000

0.77890180 -0.62403960 -0.06234410 0.00000000
0.53303250 0.71111330 -0.45846920 0.00000000
0.33043670 0.32387110 0.88652100 0.00000000
-0.16360910 1.50799700 0.20386090 1.00000000

0.82953380 -0.48432020 0.27804220 0.00000000
0.55786030 0.69564570 -0.45262410 0.00000000
0.02579618 0.53057590 0.84724490 0.00000000
-0.26960070 1.37582300 0.28986000 1.00000000

0.71543590 -0.65702930 -0.23762090 0.00000000
0.04457590 0.38233190 -0.92294920 0.00000000
0.69725480 0.64971890 0.30282160 0.00000000
-0.22327070 1.56454700 0.22532280 1.00000000

0.99455560 -0.10420710 -0.00000057 0.00000000
0.10420710 0.99455570 -0.00001923 0.00000000
0.00000256 0.00001906 1.00000000 0.00000000
-0.14900870 0.90245310 0.11569960 1.00000000

1.00000000 0.00000000 0.00000000 0.00000000
0.00000000 1.00000000 0.00000000 0.00000000
0.00000000 0.00000000 1.00000000 0.00000000
0.00000000 0.00000000 0.00000000 1.00000000

1.00000000 0.00000000 0.00000000 0.00000000
0.00000000 1.00000000 0.00000000 0.00000000
0.00000000 0.00000000 1.00000000 0.00000000
0.00000000 0.00000000 0.00000000 1.00000000

0.78029290 0.00695438 -0.62537560 0.00000000
-0.04324901 0.99814440 -0.04286291 0.00000000
0.62391700 0.06049250 0.77914580 0.00000000
0.01480037 0.85843580 0.05227686 1.00000000

0.94660290 0.15840280 0.28080520 0.00000000
0.26253070 -0.88427660 -0.38617660 0.00000000
0.18713810 0.43927590 -0.87864450 0.00000000
0.11619580 0.82801390 -0.03345999 1.00000000

0.94660290 0.15840280 0.28080520 0.00000000
0.09593756 -0.96991910 0.22372490 0.00000000
0.30779700 -0.18483890 -0.93332510 0.00000000
0.23180230 0.43861900 -0.20351450 1.00000000

0.99128090 0.06278635 -0.11584580 0.00000000
0.06238486 -0.99802700 -0.00709181 0.00000000
-0.11606250 -0.00019710 -0.99324180 0.00000000
0.26240270 0.12925180 -0.13215480 1.00000000

0.99111910 0.06396566 -0.11658130 0.00000000
0.06841524 -0.99705790 0.03457008 0.00000000
-0.11402700 -0.04223903 -0.99257930 0.00000000
0.25299980 0.02524006 -0.26898690 1.00000000

0.57578740 -0.24152610 -0.78111080 0.00000000
0.32261790 0.94496610 -0.05437727 0.00000000
0.75125670 -0.22069050 0.62202010 0.00000000
-0.09061956 0.82617020 0.13229470 1.00000000

0.57578460 -0.24153410 -0.78111030 0.00000000
-0.21110490 0.87905380 -0.42743310 0.00000000
0.78987770 0.41100550 0.45515670 0.00000000
-0.23268540 0.41005110 0.15624000 1.00000000

0.43999990 -0.10950260 -0.89129640 0.00000000
0.05713270 0.99394010 -0.09390883 0.00000000
0.89617850 -0.00960233 0.44358980 0.00000000
-0.16535120 0.12966610 0.29257510 1.00000000

0.43119290 -0.10810030 -0.89576050 0.00000000
-0.04022130 0.98950680 -0.13877490 0.00000000
0.90136290 0.09586734 0.42232050 0.00000000
-0.29409740 0.02742314 0.24157880 1.00000000

0.78852490 -0.00562694 -0.61497710 0.00000000
-0.01967326 0.99921560 -0.03436774 0.00000000
0.61468800 0.03919842 0.78779570 0.00000000
0.01081549 0.99477380 0.04882098 1.00000000

0.81315400 -0.03258652 -0.58113570 0.00000000
-0.05506048 0.98964760 -0.13253670 0.00000000
0.57943840 0.13977040 0.80294170 0.00000000
0.00742128 1.16716800 0.04289155 1.00000000

0.72086800 -0.09958190 -0.68588110 0.00000000
-0.32232500 0.82792030 -0.45897110 0.00000000
0.61356010 0.55193430 0.56472340 0.00000000
0.00341110 1.35436200 0.02678360 1.00000000

-0.32792010 0.74693940 -0.57840270 0.00000000
0.45977780 -0.40866760 -0.78841320 0.00000000
-0.82527120 -0.52447330 -0.20941570 0.00000000
0.02373421 1.43308100 -0.05556634 1.00000000

-0.48855410 0.16443540 -0.85689880 0.00000000
-0.19070500 -0.97846060 -0.07903376 0.00000000
-0.85143790 0.12480260 0.50938980 0.00000000
0.12667820 1.34158100 -0.23209160 1.00000000

-0.50581180 0.11472040 -0.85498180 0.00000000
-0.82599910 -0.35021340 0.44167430 0.00000000
-0.24875710 0.92961810 0.27190120 0.00000000
0.06966391 1.04905600 -0.25572040 1.00000000

0.40875800 -0.84069010 0.35518660 0.00000000
-0.86703410 -0.47920710 -0.13642850 0.00000000
0.28490200 -0.25219260 -0.92478640 0.00000000
-0.13780570 0.96109160 -0.14478320 1.00000000

-0.25198920 0.91113170 -0.32610000 0.00000000
0.28490200 -0.25219260 -0.92478640 0.00000000
-0.92484190 -0.32594240 -0.19603330 0.00000000
-0.16756560 0.93638990 -0.19587530 1.00000000

-0.85239450 -0.51513230 0.08979008 0.00000000
-0.49917800 0.75050550 -0.43308590 0.00000000
0.15570870 -0.41398110 -0.89686930 0.00000000
-0.23787850 0.88252480 -0.22869980 1.00000000

-0.95713320 0.16401150 -0.23873950 0.00000000
0.24661170 0.89374640 -0.37470020 0.00000000
0.15191750 -0.41751380 -0.89588140 0.00000000
-0.26531640 0.92377720 -0.25250490 1.00000000

-0.76999540 -0.63281550 0.08155856 0.00000000
-0.58673130 0.65203050 -0.48021190 0.00000000
0.25070700 -0.41761370 -0.87335310 0.00000000
-0.25145560 0.89152860 -0.18696620 1.00000000

-0.91966410 0.17913570 -0.34946900 0.00000000
0.30359980 0.88877520 -0.34337460 0.00000000
0.24908870 -0.42188790 -0.87176020 0.00000000
-0.28411100 0.92923330 -0.21441220 1.00000000

-0.78424840 -0.60863330 0.12050090 0.00000000
-0.56960380 0.62927370 -0.52874070 0.00000000
0.24598100 -0.48330150 -0.84018650 0.00000000
-0.26499760 0.90642920 -0.14901900 1.00000000

-0.91510740 0.16991940 -0.36565870 0.00000000
0.31948700 0.85880580 -0.40047590 0.00000000
0.24598100 -0.48330150 -0.84018650 0.00000000
-0.29579320 0.94045090 -0.17760550 1.00000000

-0.85036850 -0.52424390 -0.04518822 0.00000000
-0.35669040 0.63745090 -0.68295590 0.00000000
0.38684090 -0.56464580 -0.72906080 0.00000000
-0.27536570 0.92027460 -0.11784040 1.00000000

-0.91568420 -0.12865010 -0.38075130 0.00000000
0.12340920 0.81160630 -0.57102140 0.00000000
0.38248210 -0.56986350 -0.72729850 0.00000000
-0.29240810 0.95236980 -0.15177600 1.00000000

0.70440260 -0.41838640 -0.57338480 0.00000000
-0.61132300 -0.76809950 -0.19054420 0.00000000
-0.36069540 0.48474320 -0.79682070 0.00000000
-0.18114300 0.93660220 -0.24026330 1.00000000

-0.00273615 -0.83045910 -0.55707320 0.00000000
-0.98711240 0.09137887 -0.13137470 0.00000000
0.16000590 0.54953430 -0.82000660 0.00000000
-0.21632050 0.89014220 -0.25260330 1.00000000

0.06324710 -0.83620230 -0.54476200 0.00000000
-0.82599910 -0.35021340 0.44167430 0.00000000
-0.56011200 0.42203830 -0.71285230 0.00000000
-0.02502710 1.00890800 -0.20508770 1.00000000

-0.37706640 0.15537850 -0.91305990 0.00000000
-0.19550800 -0.97696660 -0.08551467 0.00000000
-0.90531630 0.14626580 0.39875890 0.00000000
0.12667820 1.34158100 -0.23209160 1.00000000

-0.53580800 0.17121410 -0.82679830 0.00000000
-0.19070500 -0.97846060 -0.07903376 0.00000000
-0.82252130 0.11532760 0.55691840 0.00000000
0.09044424 1.15567300 -0.24710800 1.00000000

-0.09194967 0.17584450 -0.98011420 0.00000000
0.55078460 -0.81102200 -0.19717940 0.00000000
-0.82956720 -0.55796240 -0.02227905 0.00000000
0.12186770 1.35524900 -0.32159330 1.00000000

0.89740930 0.27439010 -0.34549470 0.00000000
-0.44007980 0.61244270 -0.65669140 0.00000000
0.03140610 0.74136630 0.67036530 0.00000000
-0.05567360 1.50314600 -0.05691677 1.00000000

0.99257590 0.10457850 0.06210092 0.00000000
-0.07756022 0.93753150 -0.33914480 0.00000000
-0.09368885 0.33181040 0.93868220 0.00000000
-0.10902820 1.57739800 -0.13653300 1.00000000

0.99257590 0.10457850 0.06210092 0.00000000
-0.07756022 0.93753150 -0.33914480 0.00000000
-0.09368885 0.33181040 0.93868220 0.00000000
-0.10212410 1.58930500 -0.26693430 1.00000000

0.96507540 -0.20141190 0.16751920 0.00000000
-0.25521610 -0.86713110 0.42772520 0.00000000
0.05911240 -0.45554060 -0.88825050 0.00000000
-0.05178963 1.59337500 -0.23916190 1.00000000

0.94095420 0.33757870 -0.02541354 0.00000000
-0.31332930 0.84001690 -0.44294050 0.00000000
-0.12817950 0.42474960 0.89619090 0.00000000
-0.15643020 1.58058600 -0.24411020 1.00000000

0.99257590 0.10457850 0.06210092 0.00000000
0.07756022 -0.93753150 0.33914480 0.00000000
0.09368882 -0.33181040 -0.93868230 0.00000000
-0.06884871 1.61147800 -0.23790000 1.00000000

0.99257590 0.10457850 0.06210092 0.00000000
-0.07756022 0.93753150 -0.33914480 0.00000000
-0.09368885 0.33181040 0.93868220 0.00000000
-0.14259750 1.60370700 -0.24251380 1.00000000

0.97145530 0.22939250 -0.06044695 0.00000000
0.23599000 -0.90855890 0.34471620 0.00000000
0.02415588 -0.34914120 -0.93675880 0.00000000
-0.08511604 1.60331800 -0.27715900 1.00000000

0.97657290 0.21407970 0.02179670 0.00000000
-0.19372040 0.91873380 -0.34409390 0.00000000
-0.09368885 0.33181040 0.93868220 0.00000000
-0.11677580 1.60133600 -0.28074230 1.00000000

0.96744490 0.13350660 0.21500300 0.00000000
0.10545330 -0.98492990 0.13708810 0.00000000
0.23006500 -0.10995240 -0.96694410 0.00000000
-0.03873774 1.62994500 -0.26114320 1.00000000

0.99577140 0.08526096 -0.03420898 0.00000000
-0.09061771 0.97280350 -0.21317010 0.00000000
0.01510337 0.21536860 0.97641610 0.00000000
-0.17281480 1.61665400 -0.27094990 1.00000000

0.97747550 0.20974560 0.02341869 0.00000000
0.18891280 -0.91902040 0.34599620 0.00000000
0.09409365 -0.33377870 -0.93794370 0.00000000
-0.06885914 1.61168000 -0.23807350 1.00000000

0.99498670 -0.00192557 0.09998918 0.00000000
0.03872550 0.92923280 -0.36746010 0.00000000
-0.09220567 0.36949000 0.92464870 0.00000000
-0.14259450 1.60369600 -0.24254340 1.00000000

0.98183500 0.17080290 0.08262306 0.00000000
-0.13576790 0.93664230 -0.32290610 0.00000000
-0.13254160 0.30582290 0.94281760 0.00000000
-0.10681170 1.58051300 -0.17720580 1.00000000

0.91283020 0.40082110 0.07799670 0.00000000
0.37864190 -0.90236930 0.20581560 0.00000000
0.15287720 -0.15834200 -0.97547750 0.00000000
-0.06570014 1.52579500 -0.26113600 1.00000000

0.98154090 0.17281510 0.08192888 0.00000000
-0.15314790 0.96680430 -0.20453630 0.00000000
-0.11455630 0.18821350 0.97542440 0.00000000
-0.09202147 1.53709500 -0.27356120 1.00000000

0.99660990 -0.08044302 0.01725280 0.00000000
0.08220062 0.98235860 -0.16797190 0.00000000
-0.00343633 0.16882060 0.98564080 0.00000000
-0.11948000 1.51856200 -0.26298890 1.00000000

0.99132170 0.01488478 0.13061300 0.00000000
-0.03924847 -0.91474060 0.40213110 0.00000000
0.12546260 -0.40376770 -0.90621810 0.00000000
-0.04536117 1.53719900 -0.23055100 1.00000000

0.95409140 0.29817920 -0.02825874 0.00000000
-0.28241940 0.86420070 -0.41640910 0.00000000
-0.09974346 0.40527320 0.90873820 0.00000000
-0.15344590 1.52144800 -0.23389840 1.00000000

0.97926430 0.14636250 0.14007000 0.00000000
0.05431947 -0.85578610 0.51446990 0.00000000
0.19516910 -0.49619350 -0.84599130 0.00000000
-0.07076685 1.54874900 -0.25712050 1.00000000

0.98982100 0.13248320 0.05198553 0.00000000
-0.08737220 0.85402170 -0.51284790 0.00000000
-0.11234070 0.50308570 0.85690400 0.00000000
-0.09632201 1.54760200 -0.26465800 1.00000000

0.98900500 0.14189150 -0.04166597 0.00000000
-0.14109090 0.82095270 -0.55329010 0.00000000
-0.04430133 0.55308530 0.83194600 0.00000000
-0.12415470 1.54385900 -0.25945650 1.00000000

0.99254410 0.10496250 0.06196204 0.00000000
0.06501204 -0.88590000 0.45929800 0.00000000
0.10310140 -0.45184520 -0.88611870 0.00000000
-0.08167761 1.57402600 -0.26176700 1.00000000

0.99254410 0.10496250 0.06196204 0.00000000
-0.06501205 0.88590010 -0.45929790 0.00000000
-0.10310140 0.45184520 0.88611870 0.00000000
-0.09860960 1.56207400 -0.27724970 1.00000000

0.99254410 0.10496250 0.06196204 0.00000000
-0.06501205 0.88590010 -0.45929790 0.00000000
-0.10310140 0.45184520 0.88611870 0.00000000
-0.11947890 1.56984100 -0.26406100 1.00000000

0.99257590 0.10457850 0.06210092 0.00000000
-0.07759897 0.93766870 -0.33875600 0.00000000
-0.09365672 0.33142220 0.93882260 0.00000000
-0.11402820 1.66246100 -0.19986650 1.00000000

0.40001630 -0.81800960 0.41333680 0.00000000
0.41475140 -0.24060330 -0.87754850 0.00000000
0.81729330 0.52246570 0.24302530 0.00000000
-0.07614218 1.45369800 -0.00014447 1.00000000

0.82707730 -0.45286650 0.33294900 0.00000000
0.56137880 0.69527650 -0.44882590 0.00000000
-0.02823356 0.55812420 0.82927690 0.00000000
-0.16900740 1.50757500 0.19633170 1.00000000

0.86590840 -0.39215010 0.31051740 0.00000000
-0.04131058 0.56259720 0.82569850 0.00000000
-0.49849400 -0.72780700 0.47095770 0.00000000
-0.33684000 1.29970800 0.33051680 1.00000000

0.99884800 -0.00196076 0.04794750 0.00000000
-0.03022602 0.75034460 0.66035570 0.00000000
-0.03727230 -0.66104420 0.74942090 0.00000000
