MeshAnim
1
35
79
30
0.74545310 0.03277162 -0.66575190 0.00000000
-0.08392826 0.99545630 -0.04497452 0.00000000
0.66125310 0.08940181 0.74481650 0.00000000
0.01312186 0.86465350 0.00102533 1.00000000

0.97118690 0.20137500 0.12745290 0.00000000
0.23140880 -0.92469070 -0.30232030 0.00000000
0.05697456 0.32310320 -0.94464730 0.00000000
0.11096340 0.83758100 -0.08981209 1.00000000

0.97118690 0.20137500 0.12745290 0.00000000
0.15902400 -0.94591120 0.28277880 0.00000000
0.17750350 -0.25436300 -0.95067990 0.00000000
0.21286530 0.43038950 -0.22294010 1.00000000

0.99132810 0.06231830 -0.11569310 0.00000000
0.06203513 -0.99805580 -0.00605083 0.00000000
-0.11584540 -0.00117872 -0.99326680 0.00000000
0.26358780 0.12868010 -0.13274450 1.00000000

0.99116860 0.06228925 -0.11706690 0.00000000
0.06660189 -0.99722440 0.03329090 0.00000000
-0.11466840 -0.04079388 -0.99256610 0.00000000
0.25417830 0.02453077 -0.26947160 1.00000000

0.52401640 -0.29522780 -0.79890380 0.00000000
0.29523210 0.94280860 -0.15475800 0.00000000
0.79890230 -0.15476630 0.58120790 0.00000000
-0.08661766 0.82889450 0.08664428 1.00000000

0.52401450 -0.29523400 -0.79890290 0.00000000
-0.15297220 0.89012210 -0.42928110 0.00000000
0.83785940 0.34715940 0.42127420 0.00000000
-0.21662410 0.41372540 0.15479260 1.00000000

0.44429870 -0.10249560 -0.88999620 0.00000000
0.05992603 0.99460910 -0.08462720 0.00000000
0.89387230 -0.01573420 0.44804580 0.00000000
-0.16783200 0.12981020 0.29171720 1.00000000

0.43528010 -0.10270190 -0.89441800 0.00000000
-0.03788717 0.99050240 -0.13217310 0.00000000
0.89949750 0.09141927 0.42725490 0.00000000
-0.29655320 0.02833754 0.23914330 1.00000000

0.57907630 -0.14419930 -0.80241960 0.00000000
-0.03839955 0.97831730 -0.20352070 0.00000000
0.81436860 0.14866650 0.56098320 0.00000000
0.00052236 1.00030700 -0.00641113 1.00000000

0.59664370 -0.11065910 -0.79484020 0.00000000
-0.08588547 0.97595390 -0.20034370 0.00000000
0.79789730 0.18779900 0.57279280 0.00000000
-0.00610271 1.16909500 -0.04152448 1.00000000

0.60181370 -0.43103850 -0.67232890 0.00000000
-0.26368050 0.68739810 -0.67672470 0.00000000
0.75385200 0.58454220 0.30002920 0.00000000
-0.01351334 1.35424400 -0.07286392 1.00000000

-0.08079726 0.85327510 -0.51516340 0.00000000
0.76019840 -0.28152680 -0.58552650 0.00000000
-0.64464730 -0.43893530 -0.62591170 0.00000000
0.00624936 1.39874200 -0.17784310 1.00000000

0.32854100 0.57156320 -0.75191520 0.00000000
0.38816760 -0.80747680 -0.44419270 0.00000000
-0.86103810 -0.14593350 -0.48715150 0.00000000
0.17645360 1.33571000 -0.30893280 1.00000000

0.32730580 0.57141010 -0.75257000 0.00000000
-0.15741490 -0.75233650 -0.63969550 0.00000000
-0.93171430 0.32784160 -0.15629540 0.00000000
0.29250170 1.09430400 -0.44173070 1.00000000

0.58406700 0.33458380 -0.73954030 0.00000000
-0.39837160 -0.67566260 -0.62030640 0.00000000
-0.70722400 0.65691230 -0.26134310 0.00000000
0.25296320 0.90533710 -0.60240550 1.00000000

-0.50601700 -0.21217320 0.83602000 0.00000000
-0.70722400 0.65691230 -0.26134310 0.00000000
-0.49374180 -0.72349740 -0.48246290 0.00000000
0.14120990 0.83541650 -0.64792800 1.00000000

-0.48537780 -0.51732640 -0.70482760 0.00000000
-0.57619890 -0.41704580 0.70289970 0.00000000
-0.65757380 0.74729270 -0.09565797 0.00000000
0.14738250 0.85724510 -0.70124470 1.00000000

-0.29047640 -0.12967040 0.94805560 0.00000000
0.69343140 0.65420540 0.30194070 0.00000000
-0.65937570 0.74511800 -0.10011360 0.00000000
0.11571100 0.83432170 -0.66260900 1.00000000

-0.42428900 -0.69022920 -0.58614220 0.00000000
-0.56686430 -0.30231590 0.76633560 0.00000000
-0.70614710 0.65741040 -0.26299680 0.00000000
0.17931200 0.82723780 -0.69190820 1.00000000

-0.26807410 0.10189940 0.95799410 0.00000000
0.65508940 0.74840010 0.10370730 0.00000000
-0.70639510 0.65537270 -0.26737980 0.00000000
0.14742210 0.81071140 -0.64773540 1.00000000

-0.44726580 -0.84294970 -0.29898010 0.00000000
-0.43135810 -0.08953200 0.89772740 0.00000000
-0.78350720 0.53049020 -0.32356830 0.00000000
0.20706890 0.79803730 -0.67699910 1.00000000

-0.27437700 0.17185140 0.94614200 0.00000000
0.55752470 0.83008860 0.01090750 0.00000000
-0.78350720 0.53049020 -0.32356850 0.00000000
0.18374750 0.79319670 -0.62846340 1.00000000

-0.50162860 -0.86192850 -0.07381088 0.00000000
-0.41170700 0.16282230 0.89665320 0.00000000
-0.76083260 0.48017520 -0.43653790 0.00000000
0.22997020 0.77453800 -0.66304870 1.00000000

-0.11372880 0.57093190 0.81308230 0.00000000
0.63657830 0.67020570 -0.38156610 0.00000000
-0.76278030 0.47419540 -0.43966430 0.00000000
0.20988380 0.78333440 -0.61842440 1.00000000

-0.46074940 0.67380950 -0.57765980 0.00000000
-0.79565620 -0.60197090 -0.06754044 0.00000000
-0.39324420 0.42849940 0.81347880 0.00000000
0.15191790 0.90678400 -0.63958160 1.00000000

-0.91295350 -0.40270090 -0.06593835 0.00000000
0.32939420 -0.82264230 0.46342090 0.00000000
-0.24086400 0.40136210 0.88368180 0.00000000
0.10374370 0.87211010 -0.64460530 1.00000000

0.49193600 0.50193810 -0.71137690 0.00000000
-0.15741490 -0.75233650 -0.63969550 0.00000000
-0.85628220 0.42667070 -0.29108870 0.00000000
0.27445590 1.00805800 -0.51506410 1.00000000

0.04985219 0.50714040 -0.86042050 0.00000000
0.38675190 -0.80408170 -0.45152590 0.00000000
-0.92083540 -0.31025980 -0.23622280 0.00000000
0.17645360 1.33571000 -0.30893280 1.00000000

0.06200337 0.50377540 -0.86160670 0.00000000
0.38816760 -0.80747680 -0.44419270 0.00000000
-0.91950080 -0.30690640 -0.24561540 0.00000000
0.25020540 1.18228900 -0.39332950 1.00000000

0.32003170 0.35319270 -0.87911020 0.00000000
0.60917020 -0.78737970 -0.09457631 0.00000000
-0.72559710 -0.50526030 -0.46714090 0.00000000
0.20268860 1.36641900 -0.37938830 1.00000000

0.93281080 -0.07344866 -0.35280200 0.00000000
-0.26617200 0.51954970 -0.81192400 0.00000000
0.24293280 0.85127750 0.46509180 0.00000000
-0.06220106 1.47760000 -0.19553010 1.00000000

0.99704170 0.03528743 -0.06828317 0.00000000
-0.04362219 0.99123500 -0.12470100 0.00000000
0.06328428 0.12731080 0.98984190 0.00000000
-0.09447134 1.54059000 -0.29396670 1.00000000

0.99704170 0.03528743 -0.06828317 0.00000000
-0.04362219 0.99123500 -0.12470100 0.00000000
0.06328428 0.12731080 0.98984190 0.00000000
-0.10440140 1.57979900 -0.41869830 1.00000000

0.95842860 -0.28425960 -0.02471524 0.00000000
-0.26686240 -0.92367810 0.27496130 0.00000000
-0.10098920 -0.25693520 -0.96113780 0.00000000
-0.05059282 1.57510500 -0.39859740 1.00000000

0.95383250 0.28406640 -0.09751794 0.00000000
-0.29870390 0.93107610 -0.20945910 0.00000000
0.03129625 0.22891770 0.97294270 0.00000000
-0.15563550 1.56932200 -0.39021330 1.00000000

0.99704160 0.03528738 -0.06828329 0.00000000
0.04362219 -0.99123500 0.12470100 0.00000000
-0.06328443 -0.12731080 -0.98984190 0.00000000
-0.06573267 1.59340600 -0.39110380 1.00000000

0.99704170 0.03528743 -0.06828317 0.00000000
-0.04362219 0.99123500 -0.12470100 0.00000000
0.06328428 0.12731080 0.98984190 0.00000000
-0.13981330 1.59078300 -0.38603030 1.00000000

0.97004370 0.18443160 -0.15811480 0.00000000
0.20321000 -0.97269540 0.11211350 0.00000000
-0.13312030 -0.14088540 -0.98103540 0.00000000
-0.08782223 1.59474300 -0.42828880 1.00000000

0.98499800 0.15158320 -0.08247083 0.00000000
-0.16054290 0.98021140 -0.11580810 0.00000000
0.06328428 0.12731080 0.98984190 0.00000000
-0.11972830 1.59528200 -0.42738420 1.00000000

0.99548800 0.03205714 0.08930662 0.00000000
0.03965321 -0.99562390 -0.08462293 0.00000000
0.08620328 0.08778249 -0.99240300 0.00000000
-0.03761598 1.61478200 -0.41435210 1.00000000

0.98545680 0.03693241 -0.16586430 0.00000000
-0.03638812 0.99931770 0.00632031 0.00000000
0.16598430 -0.00019287 0.98612840 0.00000000
-0.17241890 1.61113400 -0.40632940 1.00000000

0.98574400 0.14695990 -0.08192387 0.00000000
0.15603200 -0.98064050 0.11831450 0.00000000
-0.06295034 -0.12941060 -0.98959100 0.00000000
-0.06574953 1.59364100 -0.39122870 1.00000000

0.99559280 -0.07683611 -0.05376935 0.00000000
0.06660839 0.98296040 -0.17132440 0.00000000
0.06601715 0.16698780 0.98374640 0.00000000
-0.13981530 1.59077900 -0.38606150 1.00000000

0.99482020 0.09604871 -0.03327861 0.00000000
-0.09894340 0.99001570 -0.10039670 0.00000000
0.02330327 0.10316920 0.99439070 0.00000000
-0.09755681 1.55223200 -0.33300280 1.00000000

0.94548300 0.32507690 0.01966843 0.00000000
0.32563660 -0.94454010 -0.04248360 0.00000000
0.00476736 0.04657231 -0.99890360 0.00000000
-0.07301657 1.51465900 -0.43156500 1.00000000

0.99460530 0.09817579 -0.03349426 0.00000000
-0.09744229 0.99497820 0.02287698 0.00000000
0.03557202 -0.01948981 0.99917720 0.00000000
-0.09973609 1.52975900 -0.43730280 1.00000000

0.97930880 -0.13575240 -0.15008490 0.00000000
0.14115810 0.98964760 0.02592070 0.00000000
0.14501230 -0.04657022 0.98833320 0.00000000
-0.12696480 1.51089400 -0.42672340 1.00000000

0.99756180 -0.06681289 -0.02016160 0.00000000
-0.06118266 -0.97623500 0.20789900 0.00000000
-0.03357285 -0.20615850 -0.97794280 0.00000000
-0.04781480 1.51812700 -0.40272030 1.00000000

0.96308900 0.24554580 -0.11030420 0.00000000
-0.26254110 0.94730860 -0.18351750 0.00000000
0.05943009 0.20570290 0.97680830 0.00000000
-0.15628930 1.50929600 -0.39287380 1.00000000

0.99804000 0.06003054 0.01767638 0.00000000
0.05144279 -0.94786630 0.31448850 0.00000000
0.03563374 -0.31296270 -0.94909680 0.00000000
-0.07553461 1.53645600 -0.42222540 1.00000000

0.99529990 0.06481908 -0.07194775 0.00000000
-0.08399686 0.94757520 -0.30829470 0.00000000
0.04819268 0.31288910 0.94856630 0.00000000
-0.10188280 1.53832800 -0.42589540 1.00000000

0.98254070 0.09412440 -0.16048150 0.00000000
-0.14531710 0.92688780 -0.34606610 0.00000000
0.11617500 0.36334480 0.92438290 0.00000000
-0.12896410 1.53505900 -0.41743130 1.00000000

0.99702360 0.03569349 -0.06833425 0.00000000
0.05194678 -0.96597660 0.25335860 0.00000000
-0.05696586 -0.25615420 -0.96495600 0.00000000
-0.08480455 1.56269000 -0.41990760 1.00000000

0.99702360 0.03569349 -0.06833425 0.00000000
-0.05194674 0.96597680 -0.25335850 0.00000000
0.05696589 0.25615410 0.96495590 0.00000000
-0.10463370 1.55526600 -0.43477100 1.00000000

0.99702360 0.03569349 -0.06833425 0.00000000
-0.05194674 0.96597680 -0.25335850 0.00000000
0.05696589 0.25615410 0.96495590 0.00000000
-0.12278330 1.56113400 -0.41727960 1.00000000

0.99704170 0.03528743 -0.06828317 0.00000000
-0.04359600 0.99128760 -0.12429110 0.00000000
0.06330231 0.12690020 0.98989360 0.00000000
-0.10085070 1.63740000 -0.33708260 1.00000000

0.30365390 -0.86213160 0.40561490 0.00000000
0.41161530 -0.26523770 -0.87190710 0.00000000
0.85928290 0.43171530 0.27432610 0.00000000
-0.06082902 1.44344000 -0.11399670 1.00000000

-0.30411770 -0.74165170 -0.59788390 0.00000000
0.51306280 0.40129740 -0.75876670 0.00000000
0.80266990 -0.53750650 0.25847230 0.00000000
-0.15298030 1.50268400 0.08126200 1.00000000

-0.30297190 -0.74229300 -0.59767000 0.00000000
0.92579630 -0.37802250 0.00018930 0.00000000
-0.22607320 -0.55326330 0.80174220 0.00000000
-0.30501420 1.38376800 0.30610140 1.00000000

-0.02700531 -0.20452960 -0.97848790 0.00000000
0.91701040 -0.39473990 0.05720243 0.00000000
-0.39794780 -0.89573900 0.19821560 0.00000000
-0.53552400 1.47789000 0.30605520 1.00000000

-0.13548020 0.26318130 0.95518650 0.00000000
-0.35794180 -0.91196310 0.20050280 0.00000000
0.92386310 -0.31473680 0.21775640 0.00000000
-0.61742640 1.55175000 0.23703280 1.00000000

0.76929100 -0.61934480 -0.15685500 0.00000000
0.25871710 0.07750559 0.96283880 0.00000000
-0.58417190 -0.78128430 0.21985940 0.00000000
-0.63281750 1.59229200 0.28006370 1.00000000

0.54433800 -0.20297180 0.81394000 0.00000000
-0.62273060 0.55233290 0.55419790 0.00000000
-0.56205240 -0.80853640 0.17425890 0.00000000
-0.64703850 1.58803200 0.22713980 1.00000000

0.79237630 -0.55254630 -0.25851960 0.00000000
0.31677630 0.01052445 0.94844190 0.00000000
-0.52133730 -0.83341580 0.18337280 0.00000000
-0.65219060 1.55326700 0.29049750 1.00000000

0.46972470 -0.13826750 0.87191780 0.00000000
-0.72720030 0.49938230 0.47095310 0.00000000
-0.50053790 -0.85527740 0.13402410 0.00000000
-0.66944720 1.55217200 0.23625480 1.00000000

0.87093170 -0.40299850 -0.28119460 0.00000000
0.32580400 0.04517306 0.94435760 0.00000000
-0.36787210 -0.91408510 0.17064090 0.00000000
-0.66878210 1.51384500 0.29451020 1.00000000

0.56644990 -0.10613200 0.81723340 0.00000000
-0.74576470 0.35596030 0.56314060 0.00000000
-0.35066980 -0.92845480 0.12248400 0.00000000
-0.68639670 1.51140400 0.24345370 1.00000000

0.90869540 -0.35813710 -0.21450040 0.00000000
0.22243200 -0.01943986 0.97475450 0.00000000
-0.35326550 -0.93346670 0.06199616 0.00000000
-0.68120940 1.48051300 0.29691240 1.00000000

0.59828110 -0.19104830 0.77817770 0.00000000
-0.73440590 0.25768290 0.62789140 0.00000000
-0.32048050 -0.94715370 0.01385975 0.00000000
-0.69153090 1.48121700 0.24828010 1.00000000

-0.94632400 -0.27840300 -0.16420300 0.00000000
-0.10453860 -0.21708870 0.97053830 0.00000000
-0.30584740 0.93560930 0.17633250 0.00000000
-0.55748930 1.56825200 0.25680460 1.00000000

-0.05571061 -0.25362960 0.96569600 0.00000000
0.95423820 0.27109160 0.12624880 0.00000000
-0.29381230 0.92853750 0.22692070 0.00000000
-0.54962310 1.58166100 0.19930160 1.00000000

-0.19574540 -0.47981890 -0.85525290 0.00000000
0.92579630 -0.37802250 0.00018930 0.00000000
-0.32339560 -0.79175320 0.51821070 0.00000000
-0.41115000 1.42710300 0.30607920 1.00000000

0.67708340 -0.73524250 0.03124684 0.00000000
0.48929390 0.41806190 -0.76538610 0.00000000
0.54968130 0.53351900 0.64281240 0.00000000
-0.15298050 1.50268400 0.08126208 1.00000000

0.41939790 -0.88847840 -0.18631110 0.00000000
0.51306280 0.40129740 -0.75876670 0.00000000
0.74891400 0.22263590 0.62414850 0.00000000
-0.25046300 1.42643600 0.22542650 1.00000000

0.65459570 -0.72110480 -0.22696300 0.00000000
0.11089170 0.38856710 -0.91472330 0.00000000
0.74780160 0.57360560 0.33431880 0.00000000
-0.20519760 1.56312100 0.09946286 1.00000000

0.99039690 -0.13825290 -0.00000003 0.00000000
0.13825290 0.99039700 0.00000002 0.00000000
0.00000003 0.00000000 1.00000000 0.00000000
-0.14984020 0.90040180 0.06816300 1.00000000

1.00000000 0.00000000 0.00000000 0.00000000
0.00000000 1.00000000 0.00000000 0.00000000
0.00000000 0.00000000 1.00000000 0.00000000
0.00000000 0.00000000 0.00000000 1.00000000

1.00000000 0.00000000 0.00000000 0.00000000
0.00000000 1.00000000 0.00000000 0.00000000
0.00000000 0.00000000 1.00000000 0.00000000
0.00000000 0.00000000 0.00000000 1.00000000

0.74437880 0.02871782 -0.66713990 0.00000000
-0.07919813 0.99581990 -0.04550117 0.00000000
0.66304450 0.08670633 0.74354160 0.00000000
0.01145944 0.86467880 0.00580447 1.00000000

0.97098620 0.20342160 0.12572020 0.00000000
0.23307930 -0.92262330 -0.30731130 0.00000000
0.05347875 0.32769780 -0.94326780 0.00000000
0.10900200 0.83707230 -0.08519365 1.00000000

0.97098620 0.20342160 0.12572020 0.00000000
0.16297520 -0.94764290 0.27461230 0.00000000
0.17500000 -0.24615540 -0.95330080 0.00000000
0.21163940 0.43079120 -0.22051950 1.00000000

0.99126000 0.06428143 -0.11520220 0.00000000
0.06394812 -0.99793140 -0.00659075 0.00000000
-0.11538760 -0.00083383 -0.99332020 0.00000000
0.26362230 0.12852940 -0.13292870 1.00000000

0.99117450 0.06313738 -0.11656320 0.00000000
0.06738897 -0.99718430 0.03289722 0.00000000
-0.11415790 -0.04046196 -0.99263830 0.00000000
0.25447480 0.02444029 -0.26971930 1.00000000

0.52377010 -0.28802800 -0.80168880 0.00000000
0.29698730 0.94379990 -0.14505360 0.00000000
0.79841320 -0.16211660 0.57987470 0.00000000
-0.08829433 0.82946020 0.09163059 1.00000000

0.52376810 -0.28803450 -0.80168780 0.00000000
-0.16060660 0.89083470 -0.42499300 0.00000000
0.83658390 0.35135410 0.42033050 0.00000000
-0.21907370 0.41385470 0.15550550 1.00000000

0.44379400 -0.10229220 -0.89027150 0.00000000
0.06000547 0.99462600 -0.08437014 0.00000000
0.89411760 -0.01597824 0.44754710 0.00000000
-0.16784650 0.12971220 0.29106240 1.00000000

0.43452870 -0.10310060 -0.89473760 0.00000000
-0.04000323 0.99023680 -0.13353250 0.00000000
0.89976920 0.09381606 0.42616180 0.00000000
-0.29660960 0.02827120 0.23852990 1.00000000

0.57771500 -0.14869750 -0.80258000 0.00000000
-0.03666665 0.97754600 -0.20750780 0.00000000
0.81541470 0.14930820 0.55929060 0.00000000
-0.00049787 1.00038600 -0.00170165 1.00000000

0.59564210 -0.11299580 -0.79526270 0.00000000
-0.08564445 0.97547840 -0.20274870 0.00000000
0.79867120 0.18887540 0.57135830 0.00000000
-0.00682396 1.16904200 -0.03750291 1.00000000

0.60111810 -0.43118310 -0.67285840 0.00000000
-0.26570430 0.68622510 -0.67712370 0.00000000
0.75369640 0.58581260 0.29793500 0.00000000
-0.01418094 1.35411300 -0.06930920 1.00000000

-0.08222799 0.85186290 -0.51726990 0.00000000
0.75854560 -0.28314970 -0.58688590 0.00000000
-0.64641110 -0.44063120 -0.62289390 0.00000000
0.00534116 1.39850100 -0.17438010 1.00000000

0.32224450 0.56760470 -0.75761700 0.00000000
0.38790880 -0.80920610 -0.44126220 0.00000000
-0.86353080 -0.15169200 -0.48094100 0.00000000
0.17517540 1.33510500 -0.30577420 1.00000000

0.32100570 0.56744350 -0.75826320 0.00000000
-0.15801410 -0.75732350 -0.63363440 0.00000000
-0.93380260 0.32321670 -0.15344100 0.00000000
0.29114610 1.09318300 -0.43769590 1.00000000

0.57446380 0.33439690 -0.74710800 0.00000000
-0.40354620 -0.67840240 -0.61393860 0.00000000
-0.71213920 0.65417810 -0.25477280 0.00000000
0.25145710 0.90296290 -0.59684820 1.00000000

-0.49566140 -0.21151330 0.84236710 0.00000000
-0.71213920 0.65417810 -0.25477280 0.00000000
-0.49717020 -0.72616330 -0.47487760 0.00000000
0.13938980 0.83260070 -0.64089480 1.00000000

-0.49199270 -0.52053700 -0.69784300 0.00000000
-0.56677840 -0.41692880 0.71058640 0.00000000
-0.66083730 0.74512530 -0.08990303 0.00000000
0.14487950 0.85431100 -0.69433440 1.00000000

-0.27907990 -0.12809670 0.95168600 0.00000000
0.69495630 0.65699320 0.29222550 0.00000000
-0.66268440 0.74293420 -0.09433207 0.00000000
0.11372580 0.83139420 -0.65527620 1.00000000

-0.42902270 -0.69295740 -0.57943930 0.00000000
-0.55704670 -0.30201070 0.77362050 0.00000000
-0.71108290 0.65467520 -0.25644010 0.00000000
0.17700330 0.82442090 -0.68529350 1.00000000

-0.25724610 0.10356210 0.96078060 0.00000000
0.65404080 0.75056960 0.09421390 0.00000000
-0.71137580 0.65262560 -0.26081470 0.00000000
0.14567670 0.80791450 -0.64071220 1.00000000

-0.44821800 -0.84501080 -0.29164630 0.00000000
-0.42065330 -0.08849782 0.90289490 0.00000000
-0.78876610 0.52737550 -0.31579020 0.00000000
0.20501730 0.79533960 -0.67063410 1.00000000

-0.26389190 0.17346470 0.94882620 0.00000000
0.55516640 0.83173610 0.00234696 0.00000000
-0.78876610 0.52737560 -0.31579020 0.00000000
0.18227440 0.79055510 -0.62181880 1.00000000

-0.49990990 -0.86357320 -0.06581427 0.00000000
-0.40175920 0.16390900 0.90095710 0.00000000
-0.76725480 0.47683870 -0.42888810 0.00000000
0.22814800 0.77194290 -0.65689130 1.00000000

-0.10597360 0.57267140 0.81290690 0.00000000
0.63013400 0.67108300 -0.39061360 0.00000000
-0.76922120 0.47084540 -0.43197650 0.00000000
0.20855440 0.78079460 -0.61205910 1.00000000

-0.46940000 0.67098630 -0.57396980 0.00000000
-0.79460950 -0.60445930 -0.05678731 0.00000000
-0.38504490 0.42942570 0.81690510 0.00000000
0.14998380 0.90402020 -0.63285300 1.00000000

-0.91246690 -0.40552840 -0.05432585 0.00000000
0.33716780 -0.82049290 0.46163790 0.00000000
-0.23178160 0.40291220 0.88540340 0.00000000
0.10185680 0.86919330 -0.63723010 1.00000000

0.48380300 0.50001770 -0.71827360 0.00000000
-0.15801410 -0.75732350 -0.63363440 0.00000000
-0.86079410 0.42005180 -0.28738540 0.00000000
0.27303170 1.00636500 -0.51033460 1.00000000

0.05252504 0.50485260 -0.86160610 0.00000000
0.38651460 -0.80582780 -0.44860710 0.00000000
-0.92078660 -0.30946020 -0.23745890 0.00000000
0.17517540 1.33510500 -0.30577420 1.00000000

0.06028625 0.49999990 -0.86392470 0.00000000
0.38790880 -0.80920610 -0.44126220 0.00000000
-0.91972410 -0.30852190 -0.24273830 0.00000000
0.24887800 1.18135600 -0.38961390 1.00000000

0.31756790 0.35077470 -0.88096990 0.00000000
0.60888760 -0.78765180 -0.09412964 0.00000000
-0.72691580 -0.50651900 -0.46371530 0.00000000
0.20132240 1.36560100 -0.37653730 1.00000000

0.93241470 -0.07192330 -0.35416100 0.00000000
-0.26848370 0.51812920 -0.81207070 0.00000000
0.24190780 0.85227300 0.46380100 0.00000000
-0.06323401 1.47725500 -0.19204460 1.00000000

0.99700980 0.03550116 -0.06863958 0.00000000
-0.04398465 0.99101300 -0.12632760 0.00000000
0.06353781 0.12896900 0.98961110 0.00000000
-0.09578457 1.54007300 -0.29049890 1.00000000

0.99700980 0.03550116 -0.06863958 0.00000000
-0.04398465 0.99101300 -0.12632760 0.00000000
0.06353781 0.12896900 0.98961110 0.00000000
-0.10576470 1.57907200 -0.41529230 1.00000000

0.95851470 -0.28398590 -0.02453145 0.00000000
-0.26647720 -0.92330960 0.27656870 0.00000000
-0.10119170 -0.25855820 -0.96068140 0.00000000
-0.05194855 1.57443000 -0.39519970 1.00000000

0.95371030 0.28421730 -0.09827289 0.00000000
-0.29907190 0.93063050 -0.21090960 0.00000000
0.03151134 0.23053730 0.97255330 0.00000000
-0.15698680 1.56862500 -0.38677450 1.00000000

0.99700960 0.03550118 -0.06863970 0.00000000
0.04398465 -0.99101300 0.12632760 0.00000000
-0.06353787 -0.12896900 -0.98961110 0.00000000
-0.06709224 1.59273800 -0.38773190 1.00000000

0.99700980 0.03550116 -0.06863958 0.00000000
-0.04398465 0.99101300 -0.12632760 0.00000000
0.06353781 0.12896900 0.98961110 0.00000000
-0.14117050 1.59009900 -0.38263180 1.00000000

0.96993600 0.18448780 -0.15870970 0.00000000
0.20356260 -0.97244200 0.11366170 0.00000000
-0.13336670 -0.14255200 -0.98076110 0.00000000
-0.08919331 1.59400700 -0.42491250 1.00000000

0.98492370 0.15176940 -0.08301592 0.00000000
-0.16089910 0.97996590 -0.11738150 0.00000000
0.06353781 0.12896900 0.98961110 0.00000000
-0.12109930 1.59453600 -0.42399910 1.00000000

0.99550430 0.03253119 0.08895615 0.00000000
0.03995477 -0.99574950 -0.08298771 0.00000000
0.08587852 0.08616872 -0.99257270 0.00000000
-0.03898953 1.61408500 -0.41102390 1.00000000

0.98539530 0.03698101 -0.16621960 0.00000000
-0.03671421 0.99931500 0.00467801 0.00000000
0.16627860 0.00149299 0.98607770 0.00000000
-0.17378880 1.61040500 -0.40295480 1.00000000

0.98567130 0.14714720 -0.08246160 0.00000000
0.15638920 -0.98039220 0.11988990 0.00000000
-0.06320307 -0.13106830 -0.98935680 0.00000000
-0.06710921 1.59297200 -0.38785710 1.00000000

0.99560200 -0.07659870 -0.05393997 0.00000000
0.06623477 0.98269750 -0.17297010 0.00000000
0.06625578 0.16863680 0.98344890 0.00000000
-0.14117250 1.59009500 -0.38266300 1.00000000

0.99477860 0.09631969 -0.03373480 0.00000000
-0.09929819 0.98981570 -0.10200460 0.00000000
0.02356610 0.10482190 0.99421180 0.00000000
-0.09888552 1.55165000 -0.32955330 1.00000000

0.94538210 0.32541890 0.01884806 0.00000000
0.32593390 -0.94450250 -0.04101832 0.00000000
0.00445393 0.04492114 -0.99898080 0.00000000
-0.07436234 1.51392100 -0.42806050 1.00000000

0.99456310 0.09844628 -0.03395405 0.00000000
-0.09776203 0.99498270 0.02126007 0.00000000
0.03587645 -0.01782498 0.99919750 0.00000000
-0.10108860 1.52900300 -0.43381530 1.00000000

0.97930860 -0.13567950 -0.15015290 0.00000000
0.14084100 0.98973550 0.02424142 0.00000000
0.14532250 -0.04488748 0.98836570 0.00000000
-0.12830800 1.51014700 -0.42319660 1.00000000

0.99757780 -0.06651921 -0.02034920 0.00000000
-0.06080032 -0.97590990 0.20953190 0.00000000
-0.03379691 -0.20778720 -0.97759030 0.00000000
-0.04915310 1.51744600 -0.39922910 1.00000000

0.96297540 0.24567870 -0.11099810 0.00000000
-0.26290680 0.94691770 -0.18500590 0.00000000
0.05965397 0.20733830 0.97644900 0.00000000
-0.15762180 1.50859500 -0.38933560 1.00000000

0.99802550 0.06038687 0.01727873 0.00000000
0.05184764 -0.94732790 0.31604070 0.00000000
0.03545347 -0.31452100 -0.94858850 0.00000000
-0.07688479 1.53573300 -0.41875620 1.00000000

0.99525720 0.06502622 -0.07235250 0.00000000
-0.08439994 0.94703640 -0.30983680 0.00000000
0.04837283 0.31447380 0.94803290 0.00000000
-0.10323460 1.53759000 -0.42242140 1.00000000

0.98246180 0.09418085 -0.16093060 0.00000000
-0.14572460 0.92626660 -0.34755560 0.00000000
0.11633150 0.36491170 0.92374600 0.00000000
-0.13031240 1.53432600 -0.41394380 1.00000000

0.99699160 0.03590718 -0.06869131 0.00000000
0.05233939 -0.96553930 0.25494070 0.00000000
-0.05716968 -0.25776900 -0.96451400 0.00000000
-0.08616260 1.56196800 -0.41647910 1.00000000

0.99699160 0.03590718 -0.06869131 0.00000000
-0.05233940 0.96553930 -0.25494060 0.00000000
0.05716968 0.25776900 0.96451390 0.00000000
-0.10599380 1.55451300 -0.43132430 1.00000000

0.99699160 0.03590718 -0.06869131 0.00000000
-0.05233940 0.96553930 -0.25494060 0.00000000
0.05716968 0.25776900 0.96451390 0.00000000
-0.12414000 1.56040400 -0.41383710 1.00000000

0.99700980 0.03550116 -0.06863958 0.00000000
-0.04395839 0.99106630 -0.12591780 0.00000000
0.06355593 0.12855860 0.98966340 0.00000000
-0.10220860 1.63680900 -0.33377300 1.00000000

0.30519610 -0.86161460 0.40555600 0.00000000
0.41188160 -0.26454600 -0.87199150 0.00000000
0.85860870 0.43316940 0.27414460 0.00000000
-0.06167562 1.44320100 -0.11047030 1.00000000

-0.30696080 -0.74548010 -0.59163710 0.00000000
0.51717100 0.39119890 -0.76124750 0.00000000
0.79894260 -0.53965070 0.26545780 0.00000000
-0.15388620 1.50229000 0.08480734 1.00000000

-0.30581920 -0.74612590 -0.59141450 0.00000000
0.92800800 -0.37242560 -0.01002020 0.00000000
-0.21278150 -0.55190170 0.80630560 0.00000000
-0.30713740 1.38636600 0.31038180 1.00000000

-0.03854513 -0.20361290 -0.97829240 0.00000000
0.92078480 -0.38753830 0.04437938 0.00000000
-0.38816190 -0.89908620 0.20242140 0.00000000
-0.53819790 1.47909500 0.31287770 1.00000000

-0.12469690 0.26100410 0.95725010 0.00000000
-0.34800220 -0.91499600 0.20415030 0.00000000
0.92916390 -0.30766810 0.20492710 0.00000000
-0.62160160 1.55238300 0.24505490 1.00000000

0.77197810 -0.61305870 -0.16795560 0.00000000
0.27102120 0.07844406 0.95937170 0.00000000
-0.57497610 -0.78613330 0.22670910 0.00000000
-0.63673220 1.59275300 0.28833950 1.00000000

0.55681970 -0.19959370 0.80629670 0.00000000
-0.61956300 0.54675240 0.56320840 0.00000000
-0.55325730 -0.81315710 0.18078150 0.00000000
-0.65162960 1.58844100 0.23560620 1.00000000

0.79316590 -0.54596310 -0.26983710 0.00000000
0.32940860 0.01194094 0.94411190 0.00000000
-0.51222830 -0.83772420 0.18931630 0.00000000
-0.65565450 1.55356400 0.29898370 1.00000000

0.48248410 -0.13554830 0.86535300 0.00000000
-0.72472160 0.49307250 0.48130880 0.00000000
-0.49192240 -0.85936380 0.13966490 0.00000000
-0.67362990 1.55239500 0.24497640 1.00000000

0.87022630 -0.39577250 -0.29337810 0.00000000
0.33810680 0.04666450 0.93995020 0.00000000
-0.35831610 -0.91716220 0.17442210 0.00000000
-0.67187880 1.51400800 0.30316970 1.00000000

0.57820860 -0.10258610 0.80941390 0.00000000
-0.74091180 0.34940230 0.57355730 0.00000000
-0.34165000 -0.93134000 0.12602030 0.00000000
-0.69015870 1.51148600 0.25235140 1.00000000

0.90852800 -0.35069050 -0.22714090 0.00000000
0.23566640 -0.01879903 0.97165230 0.00000000
-0.34501930 -0.93630270 0.06556652 0.00000000
-0.68400920 1.48057600 0.30569670 1.00000000

0.61018120 -0.18720280 0.76982750 0.00000000
-0.72790750 0.25114350 0.63802620 0.00000000
-0.31277750 -0.94967470 0.01697677 0.00000000
-0.69498900 1.48125400 0.25720840 1.00000000

-0.94621920 -0.28569190 -0.15182090 0.00000000
-0.08976084 -0.21902350 0.97158240 0.00000000
-0.31082570 0.93295730 0.18160020 0.00000000
-0.56153620 1.56933700 0.26404020 1.00000000

-0.04071549 -0.25517140 0.96603840 0.00000000
0.95367990 0.27848710 0.11375430 0.00000000
-0.29805610 0.92592290 0.23201300 0.00000000
-0.55454990 1.58287300 0.20645330 1.00000000

-0.20279290 -0.48239000 -0.85215910 0.00000000
0.92800800 -0.37242560 -0.01002020 0.00000000
-0.31253220 -0.79284240 0.52318700 0.00000000
-0.41352680 1.42906000 0.31153020 1.00000000

0.67276020 -0.73878960 0.03979260 0.00000000
0.49351490 0.40803640 -0.76808180 0.00000000
0.55121400 0.53637310 0.63911440 0.00000000
-0.15388640 1.50229000 0.08480737 1.00000000

0.41471500 -0.89258190 -0.17694440 0.00000000
0.51717100 0.39119890 -0.76124750 0.00000000
0.74869610 0.22419010 0.62385340 0.00000000
-0.25214950 1.42796000 0.22944310 1.00000000

0.65576710 -0.71999800 -0.22709600 0.00000000
0.11004360 0.38874920 -0.91474850 0.00000000
0.74690030 0.57487130 0.33416000 0.00000000
-0.20550930 1.56216100 0.10229220 1.00000000

0.99099060 -0.13393170 -0.00000101 0.00000000
0.13393180 0.99099060 -0.00001013 0.00000000
0.00000229 0.00000988 1.00000000 0.00000000
-0.15120430 0.90125990 0.07321636 1.00000000

1.00000000 0.00000000 0.00000000 0.00000000
0.00000000 1.00000000 0.00000000 0.00000000
0.00000000 0.00000000 1.00000000 0.00000000
0.00000000 0.00000000 0.00000000 1.00000000

1.00000000 0.00000000 0.00000000 0.00000000
0.00000000 1.00000000 0.00000000 0.00000000
0.00000000 0.00000000 1.00000000 0.00000000
0.00000000 0.00000000 0.00000000 1.00000000

0.74294280 0.02442933 -0.66890900 0.00000000
-0.07348269 0.99627030 -0.04523069 0.00000000
0.66530930 0.08275705 0.74196690 0.00000000
0.01054679 0.86469600 0.01171481 1.00000000

0.97084550 0.20537540 0.12361190 0.00000000
0.23451020 -0.92055800 -0.31237450 0.00000000
0.04963788 0.33225570 -0.94188220 0.00000000
0.10770930 0.83652840 -0.07951770 1.00000000

0.97084550 0.20537540 0.12361190 0.00000000
0.16720520 -0.94972520 0.26469740 0.00000000
0.17175980 -0.23631180 -0.95637610 0.00000000
0.21097680 0.43115680 -0.21707310 1.00000000

0.99110140 0.06831212 -0.11424370 0.00000000
0.06787650 -0.99766400 -0.00770339 0.00000000
-0.11450310 -0.00011960 -0.99342290 0.00000000
0.26430890 0.12823090 -0.13264480 1.00000000

0.99110020 0.06565401 -0.11580170 0.00000000
0.06977060 -0.99705420 0.03185620 0.00000000
-0.11336920 -0.03965230 -0.99276140 0.00000000
0.25569180 0.02426767 -0.26956550 1.00000000

0.52368520 -0.27971990 -0.80468050 0.00000000
0.29942840 0.94472800 -0.13353500 0.00000000
0.79755660 -0.17101390 0.57849610 0.00000000
-0.08920646 0.83005300 0.09777544 1.00000000

0.52368310 -0.27972640 -0.80467950 0.00000000
-0.16821700 0.89200560 -0.41955820 0.00000000
0.83514030 0.35507640 0.42007340 0.00000000
-0.22106080 0.41403870 0.15657810 1.00000000

0.44268870 -0.10180910 -0.89087680 0.00000000
0.06021425 0.99466600 -0.08374879 0.00000000
0.89465140 -0.01656888 0.44645790 0.00000000
-0.16740620 0.12952270 0.29040150 1.00000000

0.43311390 -0.10314520 -0.89541800 0.00000000
-0.04178271 0.99006520 -0.13425810 0.00000000
0.90037040 0.09556204 0.42450130 0.00000000
-0.29626410 0.02815861 0.23795360 1.00000000

0.57567970 -0.15318770 -0.80319760 0.00000000
-0.03548989 0.97668730 -0.21171290 0.00000000
0.81690470 0.15038420 0.55682240 0.00000000
-0.00063472 1.00047200 0.00424831 1.00000000

0.59409490 -0.11542540 -0.79607050 0.00000000
-0.08589246 0.97489050 -0.20545350 0.00000000
0.79979600 0.19043530 0.56926320 0.00000000
-0.00675779 1.16897900 -0.03227849 1.00000000

0.60023750 -0.43142810 -0.67348700 0.00000000
-0.26834010 0.68461630 -0.67771230 0.00000000
0.75346430 0.58751190 0.29516290 0.00000000
-0.01414903 1.35395700 -0.06461507 1.00000000

-0.08413385 0.84991040 -0.52016720 0.00000000
0.75748870 -0.28460800 -0.58754520 0.00000000
-0.64740440 -0.44345320 -0.61985230 0.00000000
0.00506097 1.39819100 -0.16980860 1.00000000

0.31806890 0.56472180 -0.76152590 0.00000000
0.38801190 -0.81042770 -0.43892350 0.00000000
-0.86503120 -0.15587320 -0.47689060 0.00000000
0.17465860 1.33446800 -0.30135030 1.00000000

0.31682800 0.56455490 -0.76216660 0.00000000
-0.15839520 -0.76078660 -0.62937650 0.00000000
-0.93516370 0.32012760 -0.15161580 0.00000000
0.29066020 1.09218000 -0.43257290 1.00000000

0.56778300 0.33467450 -0.75207410 0.00000000
-0.40777830 -0.67929580 -0.61014280 0.00000000
-0.71507990 0.65310840 -0.24921950 0.00000000
0.25087550 0.90109070 -0.59065590 1.00000000

-0.48834720 -0.21163160 0.84659870 0.00000000
-0.71508000 0.65310840 -0.24921950 0.00000000
-0.50017770 -0.72709140 -0.47027690 0.00000000
0.13853540 0.83055800 -0.63372370 1.00000000

-0.49712430 -0.52159540 -0.69340160 0.00000000
-0.56029620 -0.41721880 0.71553940 0.00000000
-0.66252220 0.74422230 -0.08483812 0.00000000
0.14355120 0.85224250 -0.68722030 1.00000000

-0.27096930 -0.12787010 0.95405700 0.00000000
0.69652280 0.65806300 0.28602370 0.00000000
-0.66440340 0.74202610 -0.08925030 0.00000000
0.11275390 0.82930970 -0.64788990 1.00000000

-0.43294720 -0.69386230 -0.57542320 0.00000000
-0.55018710 -0.30224970 0.77842110 0.00000000
-0.71403850 0.65360580 -0.25089590 0.00000000
0.17578780 0.82239920 -0.67842960 1.00000000

-0.24935850 0.10382190 0.96282980 0.00000000
0.65383700 0.75146510 0.08830351 0.00000000
-0.71436500 0.65155300 -0.25526670 0.00000000
0.14485530 0.80588000 -0.63357870 1.00000000

-0.44954650 -0.84576370 -0.28738860 0.00000000
-0.41299550 -0.08848273 0.90642470 0.00000000
-0.79204980 0.52617030 -0.30951920 0.00000000
0.20396040 0.79336290 -0.66398670 1.00000000

-0.25619370 0.17370870 0.95088910 0.00000000
0.55409590 0.83244850 -0.00278452 0.00000000
-0.79204980 0.52617030 -0.30951920 0.00000000
0.18163180 0.78857900 -0.61498080 1.00000000

-0.49932950 -0.86425380 -0.06112240 0.00000000
-0.39444310 0.16394670 0.90417720 0.00000000
-0.77141750 0.47559150 -0.42276220 0.00000000
0.22723490 0.77000430 -0.65042300 1.00000000

-0.09992817 0.57303380 0.81341680 0.00000000
0.62599050 0.67165040 -0.39625960 0.00000000
-0.77340180 0.46959380 -0.42583050 0.00000000
0.20800460 0.77885830 -0.60543440 1.00000000

-0.47503290 0.67003160 -0.57043960 0.00000000
-0.79427680 -0.60551210 -0.04979429 0.00000000
-0.37877180 0.42943330 0.81982860 0.00000000
0.14910420 0.90199590 -0.62581360 1.00000000

-0.91236530 -0.40673120 -0.04647005 0.00000000
0.34206110 -0.81977670 0.45930470 0.00000000
-0.22490870 0.40315810 0.88706250 0.00000000
0.10098720 0.86710470 -0.62976800 1.00000000

0.47809220 0.49862160 -0.72305210 0.00000000
-0.15839520 -0.76078660 -0.62937650 0.00000000
-0.86390880 0.41542800 -0.28474680 0.00000000
0.27250210 1.00496500 -0.50472340 1.00000000

0.05267015 0.50244000 -0.86300640 0.00000000
0.38661880 -0.80706980 -0.44627810 0.00000000
-0.92073430 -0.31014900 -0.23676110 0.00000000
0.17465860 1.33446800 -0.30135030 1.00000000

0.05793300 0.49673890 -0.86596440 0.00000000
0.38801190 -0.81042770 -0.43892350 0.00000000
-0.91983200 -0.31057640 -0.23969110 0.00000000
0.24838090 1.18048700 -0.38474570 1.00000000

0.31529580 0.34785900 -0.88293980 0.00000000
0.60937470 -0.78745270 -0.09263280 0.00000000
-0.72749650 -0.50883440 -0.46025690 0.00000000
0.20065600 1.36472400 -0.37232970 1.00000000

0.93205150 -0.06934501 -0.35562770 0.00000000
-0.27154560 0.51612990 -0.81232560 0.00000000
0.23988080 0.85369850 0.46222940 0.00000000
-0.06367788 1.47680600 -0.18745290 1.00000000

0.99705920 0.03510863 -0.06811887 0.00000000
-0.04363771 0.99080550 -0.12806370 0.00000000
0.06299633 0.13065970 0.98942380 0.00000000
-0.09659969 1.53938200 -0.28593810 1.00000000

0.99705920 0.03510863 -0.06811887 0.00000000
-0.04363771 0.99080550 -0.12806370 0.00000000
0.06299633 0.13065970 0.98942380 0.00000000
-0.10649630 1.57816800 -0.41080440 1.00000000

0.95845030 -0.28429140 -0.02348197 0.00000000
-0.26689300 -0.92275730 0.27800660 0.00000000
-0.10070290 -0.26018840 -0.96029250 0.00000000
-0.05269321 1.57354500 -0.39067240 1.00000000

0.95384560 0.28378500 -0.09820688 0.00000000
-0.29869220 0.93034720 -0.21269030 0.00000000
0.03100809 0.23220740 0.97217190 0.00000000
-0.15773790 1.56778500 -0.38229860 1.00000000

0.99705910 0.03510863 -0.06811893 0.00000000
0.04363771 -0.99080550 0.12806370 0.00000000
-0.06299648 -0.13065970 -0.98942380 0.00000000
-0.06783613 1.59187100 -0.38324510 1.00000000

0.99705920 0.03510863 -0.06811887 0.00000000
-0.04363771 0.99080550 -0.12806370 0.00000000
0.06299633 0.13065970 0.98942380 0.00000000
-0.14191800 1.58926100 -0.37818360 1.00000000

0.97007910 0.18394680 -0.15846190 0.00000000
0.20322810 -0.97230020 0.11545890 0.00000000
-0.13283430 -0.14420820 -0.98059110 0.00000000
-0.08991522 1.59308100 -0.42044070 1.00000000

0.98501360 0.15135510 -0.08270302 0.00000000
-0.16056040 0.97980600 -0.11916680 0.00000000
0.06299633 0.13065970 0.98942380 0.00000000
-0.12182150 1.59362100 -0.41954680 1.00000000

0.99546090 0.03241112 0.08948073 0.00000000
0.03972853 -0.99590210 -0.08124530 0.00000000
0.08648074 0.08443150 -0.99266950 0.00000000
-0.03971391 1.61316900 -0.40655740 1.00000000

0.98550200 0.03642313 -0.16570820 0.00000000
-0.03644129 0.99933160 0.00293162 0.00000000
0.16570430 0.00314959 0.98617040 0.00000000
-0.17451890 1.60954100 -0.39856070 1.00000000

0.98575960 0.14673370 -0.08214030 0.00000000
0.15604880 -0.98022680 0.12167330 0.00000000
-0.06266248 -0.13275860 -0.98916570 0.00000000
-0.06785294 1.59210500 -0.38337080 1.00000000

0.99561190 -0.07696532 -0.05322668 0.00000000
0.06660655 0.98237930 -0.17462750 0.00000000
0.06572908 0.17031600 0.98319490 0.00000000
-0.14192000 1.58925700 -0.37821490 1.00000000

0.99482480 0.09598788 -0.03332058 0.00000000
-0.09896575 0.98966540 -0.10377100 0.00000000
0.02301553 0.10653160 0.99404290 0.00000000
-0.09967467 1.55089200 -0.32501430 1.00000000

0.94546060 0.32519110 0.01883793 0.00000000
0.32569720 -0.94466130 -0.03919765 0.00000000
0.00504875 0.04319530 -0.99905380 0.00000000
-0.07510448 1.51298700 -0.42344180 1.00000000

0.99460970 0.09811416 -0.03354353 0.00000000
-0.09749987 0.99504470 0.01948550 0.00000000
0.03528920 -0.01610994 0.99924730 0.00000000
-0.10182320 1.52806600 -0.42923830 1.00000000

0.97935840 -0.13620770 -0.14934700 0.00000000
0.14109980 0.98973720 0.02261493 0.00000000
0.14473400 -0.04322101 0.98852620 0.00000000
-0.12905390 1.50923600 -0.41860290 1.00000000

0.99757090 -0.06682840 -0.01965228 0.00000000
-0.06119145 -0.97552990 0.21118080 0.00000000
-0.03328440 -0.20946530 -0.97724960 0.00000000
-0.04991107 1.51655400 -0.39460180 1.00000000

0.96310750 0.24522200 -0.11086010 0.00000000
-0.26253770 0.94666900 -0.18679350 0.00000000
0.05914196 0.20900720 0.97612420 0.00000000
-0.15838790 1.50775100 -0.38475640 1.00000000

0.99803190 0.06014231 0.01775688 0.00000000
0.05140217 -0.94679510 0.31770570 0.00000000
0.03591964 -0.31616770 -0.94802320 0.00000000
-0.07762630 1.53481500 -0.41417670 1.00000000

0.99531690 0.06462760 -0.07188392 0.00000000
-0.08395806 0.94652320 -0.31152020 0.00000000
0.04790705 0.31609670 0.94751670 0.00000000
-0.10397350 1.53667300 -0.41786050 1.00000000

0.98258140 0.09363283 -0.16051970 0.00000000
-0.14526650 0.92570510 -0.34923890 0.00000000
0.11589370 0.36647390 0.92318220 0.00000000
-0.13105710 1.53343200 -0.40939300 1.00000000

0.99704150 0.03551450 -0.06817144 0.00000000
0.05192444 -0.96511200 0.25663750 0.00000000
-0.05667856 -0.25941790 -0.96410060 0.00000000
-0.08689824 1.56105600 -0.41195030 1.00000000

0.99704150 0.03551450 -0.06817144 0.00000000
-0.05192441 0.96511210 -0.25663740 0.00000000
0.05667856 0.25941790 0.96410060 0.00000000
-0.10672280 1.55358100 -0.42679410 1.00000000

0.99704150 0.03551450 -0.06817144 0.00000000
-0.05192441 0.96511210 -0.25663740 0.00000000
0.05667856 0.25941790 0.96410060 0.00000000
-0.12487760 1.55950700 -0.40932770 1.00000000

0.99705920 0.03510863 -0.06811887 0.00000000
-0.04361158 0.99085960 -0.12765400 0.00000000
0.06301442 0.13024950 0.98947670 0.00000000
-0.10297180 1.63604500 -0.32938280 1.00000000

0.30679560 -0.86052170 0.40666790 0.00000000
0.41158990 -0.26530340 -0.87189900 0.00000000
0.85817850 0.43487520 0.27278820 0.00000000
-0.06187796 1.44289800 -0.10582280 1.00000000

-0.30924620 -0.75121520 -0.58313180 0.00000000
0.52572360 0.37592430 -0.76308310 0.00000000
0.79245290 -0.54254670 0.27867830 0.00000000
-0.15402290 1.50215600 0.08943426 1.00000000

-0.30811140 -0.75186720 -0.58289200 0.00000000
0.92869600 -0.37061950 -0.01284149 0.00000000
-0.20637600 -0.54528610 0.81244810 0.00000000
-0.30980840 1.39076000 0.31555260 1.00000000

-0.04477188 -0.20655500 -0.97741010 0.00000000
0.92197740 -0.38525620 0.03918314 0.00000000
-0.38464680 -0.89939580 0.20768760 0.00000000
