MeshAnim
1
35
79
30
0.77101240 -0.00988551 -0.63674350 0.00000000
-0.01891703 0.99908270 -0.03841689 0.00000000
0.63653920 0.04166519 0.77011810 0.00000000
0.01237277 0.88258880 0.05137447 1.00000000

0.94507770 0.16080310 0.28455330 0.00000000
0.24530430 -0.92430140 -0.29239210 0.00000000
0.21599530 0.34613540 -0.91298230 0.00000000
0.11171420 0.85000730 -0.03595850 1.00000000

0.94507770 0.16080310 0.28455330 0.00000000
0.13748850 -0.98541920 0.10023140 0.00000000
0.29652160 -0.05560366 -0.95340630 0.00000000
0.21973500 0.44298730 -0.16471460 1.00000000

0.99132810 0.06231824 -0.11569340 0.00000000
0.06203510 -0.99805600 -0.00605070 0.00000000
-0.11584550 -0.00117882 -0.99326680 0.00000000
0.26358860 0.12867630 -0.13274460 1.00000000

0.99116870 0.06228920 -0.11706720 0.00000000
0.06660186 -0.99722440 0.03329109 0.00000000
-0.11466850 -0.04079395 -0.99256620 0.00000000
0.25417890 0.02452701 -0.26947170 1.00000000

0.56900570 -0.23259220 -0.78875430 0.00000000
0.23881670 0.96456620 -0.11215460 0.00000000
0.78689210 -0.12455110 0.60439060 0.00000000
-0.09264131 0.85262700 0.13280920 1.00000000

0.56900460 -0.23259690 -0.78875380 0.00000000
-0.09397140 0.93448950 -0.34336390 0.00000000
0.81694750 0.26949590 0.50987140 0.00000000
-0.19780510 0.42787690 0.18219690 1.00000000

0.44429870 -0.10249550 -0.88999630 0.00000000
0.05992611 0.99460910 -0.08462718 0.00000000
0.89387230 -0.01573429 0.44804560 0.00000000
-0.16783200 0.12981010 0.29171720 1.00000000

0.43528000 -0.10270190 -0.89441810 0.00000000
-0.03788706 0.99050250 -0.13217300 0.00000000
0.89949760 0.09141918 0.42725480 0.00000000
-0.29655320 0.02833748 0.23914330 1.00000000

0.78026320 -0.01236937 -0.62532900 0.00000000
-0.00303019 0.99971800 -0.02355596 0.00000000
0.62544400 0.02027470 0.78000560 0.00000000
0.01174564 1.01899700 0.04849735 1.00000000

0.80547560 -0.03618800 -0.59152310 0.00000000
-0.04353745 0.99182340 -0.11996230 0.00000000
0.59102760 0.12238010 0.79731400 0.00000000
0.01122285 1.19147800 0.04443326 1.00000000

0.83185740 -0.04862347 -0.55285540 0.00000000
-0.19325780 0.90843050 -0.37068270 0.00000000
0.52025450 0.41519880 0.74628760 0.00000000
0.00950092 1.37889000 0.03062306 1.00000000

-0.08991030 0.91199020 -0.40023760 0.00000000
0.88731410 -0.10915900 -0.44806030 0.00000000
-0.45231600 -0.39542160 -0.79940710 0.00000000
0.04841525 1.46731100 -0.03308556 1.00000000

0.57987000 0.21546340 -0.78570120 0.00000000
0.51809950 -0.84179130 0.15152730 0.00000000
-0.62874780 -0.49493750 -0.59976090 0.00000000
0.24708430 1.44287000 -0.13340600 1.00000000

0.59070350 0.19102350 -0.78395120 0.00000000
0.09474022 -0.98127220 -0.16771790 0.00000000
-0.80130740 0.02479993 -0.59773830 0.00000000
0.40197790 1.19120500 -0.08810522 1.00000000

0.56716380 0.22208820 -0.79309650 0.00000000
-0.23621620 -0.87863830 -0.41496630 0.00000000
-0.78900380 0.42269610 -0.44587090 0.00000000
0.42577410 0.94473460 -0.13023160 1.00000000

-0.51752880 -0.06614017 0.85310580 0.00000000
-0.78900380 0.42269610 -0.44587090 0.00000000
-0.33111450 -0.90385500 -0.27094230 0.00000000
0.37431730 0.92243950 -0.16123750 1.00000000

-0.40681810 -0.87186450 -0.27267480 0.00000000
-0.50205520 -0.03597986 0.86408690 0.00000000
-0.76317750 0.48842390 -0.42308670 0.00000000
0.33666820 0.85345030 -0.21363820 1.00000000

-0.43164710 0.10562740 0.89583680 0.00000000
0.47851090 0.86868170 0.12813860 0.00000000
-0.76466210 0.48397840 -0.42550780 0.00000000
0.30907230 0.85147270 -0.16614270 1.00000000

-0.32369940 -0.90278430 -0.28319490 0.00000000
-0.52383450 -0.07825361 0.84821810 0.00000000
-0.78791880 0.42291500 -0.44757880 0.00000000
0.37251310 0.83337060 -0.19577620 1.00000000

-0.45340540 0.10046320 0.88562480 0.00000000
0.41675980 0.90221210 0.11101980 0.00000000
-0.78786750 0.41942960 -0.45093660 0.00000000
0.34297380 0.82979300 -0.14723820 1.00000000

-0.34348780 -0.91684250 -0.20350980 0.00000000
-0.50240140 -0.00369872 0.86462650 0.00000000
-0.79347910 0.39923220 -0.45935250 0.00000000
0.40374690 0.81480590 -0.17285890 1.00000000

-0.45715620 0.10724790 0.88289640 0.00000000
0.40174530 0.91055570 0.09741257 0.00000000
-0.79347910 0.39923220 -0.45935250 0.00000000
0.37658440 0.81460590 -0.12611290 1.00000000

-0.34523120 -0.91495190 -0.20899360 0.00000000
-0.50320100 -0.00751763 0.86413660 0.00000000
-0.79221460 0.40349280 -0.45780940 0.00000000
0.42930670 0.80049530 -0.15253130 1.00000000

-0.41275490 0.20687890 0.88703680 0.00000000
0.44827610 0.89389510 0.00011304 0.00000000
-0.79289450 0.39768420 -0.46169850 0.00000000
0.40454560 0.80086370 -0.10941590 1.00000000

-0.59074410 0.59002510 -0.55035630 0.00000000
-0.72631230 -0.68594030 0.04423115 0.00000000
-0.35141400 0.42585990 0.83375740 0.00000000
0.32864540 0.91778480 -0.16810010 1.00000000

-0.98159860 -0.09384333 -0.16630590 0.00000000
0.01367702 -0.90322580 0.42894750 0.00000000
-0.19046550 0.41877980 0.88788840 0.00000000
0.28437450 0.87796590 -0.16642120 1.00000000

0.57545470 0.19145810 -0.79510720 0.00000000
0.09474022 -0.98127220 -0.16771790 0.00000000
-0.81232760 0.02118547 -0.58281650 0.00000000
0.41283880 1.07871400 -0.10733220 1.00000000

0.77087540 0.39378360 -0.50068510 0.00000000
0.52353450 -0.83942720 0.14585480 0.00000000
-0.36285350 -0.37456180 -0.85325310 0.00000000
0.24708430 1.44287000 -0.13340600 1.00000000

0.63376220 0.25885140 -0.72893180 0.00000000
0.51809950 -0.84179130 0.15152730 0.00000000
-0.57438530 -0.47369140 -0.66760610 0.00000000
0.34552320 1.28293000 -0.10461580 1.00000000

0.43344490 0.51770160 -0.73763870 0.00000000
0.71170850 -0.69875450 -0.07220316 0.00000000
-0.55280790 -0.49368750 -0.67132400 0.00000000
0.29078530 1.48795800 -0.20010350 1.00000000

0.95786750 0.25383230 -0.13438400 0.00000000
-0.28117250 0.73331650 -0.61902270 0.00000000
-0.05858189 0.63072690 0.77379060 0.00000000
-0.02613816 1.54241000 -0.03738299 1.00000000

0.99522640 0.08942598 0.03908297 0.00000000
-0.07682738 0.96485160 -0.25131530 0.00000000
-0.06018355 0.24711300 0.96711590 0.00000000
-0.06022705 1.63131500 -0.11243230 1.00000000

0.99522640 0.08942598 0.03908297 0.00000000
-0.07682738 0.96485160 -0.25131530 0.00000000
-0.06018355 0.24711300 0.96711590 0.00000000
-0.05727337 1.65480900 -0.24140240 1.00000000

0.96735120 -0.22452110 0.11756670 0.00000000
-0.25213180 -0.89961500 0.35654280 0.00000000
0.02571338 -0.37454450 -0.92685280 0.00000000
-0.00604697 1.65590700 -0.21501880 1.00000000

0.94370380 0.32980390 -0.02554345 0.00000000
-0.31689710 0.87922050 -0.35573530 0.00000000
-0.09486467 0.34380350 0.93423780 0.00000000
-0.11093810 1.64457900 -0.21770540 1.00000000

0.99522640 0.08942596 0.03908294 0.00000000
0.07682738 -0.96485160 0.25131530 0.00000000
0.06018344 -0.24711300 -0.96711600 0.00000000
-0.02283810 1.67398000 -0.21159340 1.00000000

0.99522640 0.08942598 0.03908297 0.00000000
-0.07682738 0.96485160 -0.25131530 0.00000000
-0.06018355 0.24711300 0.96711590 0.00000000
-0.09678379 1.66733500 -0.21449710 1.00000000

0.97178180 0.22492010 -0.07107270 0.00000000
0.23569250 -0.93795820 0.25432990 0.00000000
-0.00945938 -0.26390440 -0.96450250 0.00000000
-0.04042626 1.66952600 -0.25087810 1.00000000

0.97929120 0.20224430 0.00926459 0.00000000
-0.19330430 0.94764580 -0.25416740 0.00000000
-0.06018355 0.24711300 0.96711590 0.00000000
-0.07220445 1.66816600 -0.25359900 1.00000000

0.97525530 0.10475110 0.19469070 0.00000000
0.09779416 -0.99418740 0.04503559 0.00000000
0.19827660 -0.02488152 -0.97983040 0.00000000
0.00674989 1.69418000 -0.23405420 1.00000000

0.99516560 0.07879769 -0.05862063 0.00000000
-0.08549990 0.98879920 -0.12233650 0.00000000
0.04832423 0.12675710 0.99075590 0.00000000
-0.12771960 1.68305900 -0.24067070 1.00000000

0.98019180 0.19777410 0.01046294 0.00000000
0.18855560 -0.94805770 0.25619080 0.00000000
0.06058726 -0.24914330 -0.96656980 0.00000000
-0.02285153 1.67419700 -0.21174770 1.00000000

0.99753740 -0.02006534 0.06720352 0.00000000
0.03840423 0.95805410 -0.28400270 0.00000000
-0.05868608 0.28588440 0.95646550 0.00000000
-0.09678192 1.66732700 -0.21452760 1.00000000

0.98593540 0.15363860 0.06577790 0.00000000
-0.13450360 0.96304610 -0.23334810 0.00000000
-0.09919837 0.22121880 0.97016600 0.00000000
-0.05925000 1.63804700 -0.15271410 1.00000000

0.91960350 0.38377110 0.08395982 0.00000000
0.37398160 -0.92064880 0.11200040 0.00000000
0.12027980 -0.07159640 -0.99015490 0.00000000
-0.02145533 1.59070200 -0.24248340 1.00000000

0.98564410 0.15570760 0.06527641 0.00000000
-0.14779640 0.98262650 -0.11225670 0.00000000
-0.08162156 0.10099750 0.99153290 0.00000000
-0.04801507 1.60331300 -0.25299180 1.00000000

0.99561600 -0.09085549 -0.02222809 0.00000000
0.08875389 0.99266640 -0.08207484 0.00000000
0.02952194 0.07974219 0.99637820 0.00000000
-0.07535032 1.58416000 -0.24323620 1.00000000

0.99503830 -0.00603697 0.09930947 0.00000000
-0.03766423 -0.94672660 0.31982900 0.00000000
0.09208822 -0.32198250 -0.94225660 0.00000000
-0.00003072 1.59912900 -0.21167510 1.00000000

0.95626850 0.29069910 -0.03232151 0.00000000
-0.28488030 0.90064060 -0.32816180 0.00000000
-0.06628615 0.32301850 0.94406840 0.00000000
-0.10834980 1.58473800 -0.21292160 1.00000000

0.98487280 0.12416790 0.12086360 0.00000000
0.06008692 -0.89895360 0.43390370 0.00000000
0.16252780 -0.42007760 -0.89281560 0.00000000
-0.02611589 1.61325000 -0.23627090 1.00000000

0.99249300 0.11814980 0.03159615 0.00000000
-0.09309128 0.89735560 -0.43137850 0.00000000
-0.07932046 0.42519870 0.90161760 0.00000000
-0.05190694 1.61301800 -0.24305080 1.00000000

0.98885340 0.13592880 -0.06076410 0.00000000
-0.14844770 0.86854500 -0.47285650 0.00000000
-0.01149848 0.47660600 0.87904180 0.00000000
-0.07960598 1.60908100 -0.23730780 1.00000000

0.99519490 0.08982126 0.03898013 0.00000000
0.06867889 -0.92409380 0.37594450 0.00000000
0.06978908 -0.37146090 -0.92582190 0.00000000
-0.03686088 1.63894000 -0.23828490 1.00000000

0.99519490 0.08982126 0.03898013 0.00000000
-0.06867890 0.92409380 -0.37594450 0.00000000
-0.06978902 0.37146090 0.92582200 0.00000000
-0.05441334 1.62858200 -0.25421820 1.00000000

0.99519490 0.08982126 0.03898013 0.00000000
-0.06867890 0.92409380 -0.37594450 0.00000000
-0.06978902 0.37146090 0.92582200 0.00000000
-0.07476335 1.63532700 -0.23972060 1.00000000

0.99522640 0.08942598 0.03908297 0.00000000
-0.07685228 0.96495380 -0.25091480 0.00000000
-0.06015167 0.24671350 0.96721990 0.00000000
-0.06618313 1.72176000 -0.16771530 1.00000000

0.24889120 -0.92550870 0.28545930 0.00000000
0.78590760 0.02073754 -0.61799620 0.00000000
0.56604110 0.37815830 0.73252560 0.00000000
-0.05688582 1.47346200 0.03690102 1.00000000

0.04184642 -0.23689190 -0.97063450 0.00000000
0.51231640 0.83913570 -0.18271140 0.00000000
0.85777680 -0.48962610 0.15647830 0.00000000
-0.23285010 1.46882700 0.17526530 1.00000000

0.09932286 -0.17279200 -0.97993780 0.00000000
0.72947800 -0.65714080 0.18981040 0.00000000
-0.67675470 -0.73369560 0.06077895 0.00000000
-0.38601680 1.21795100 0.22988800 1.00000000

0.31652070 -0.01871649 -0.94840110 0.00000000
0.46622880 -0.86763920 0.17272250 0.00000000
-0.82610260 -0.49684200 -0.26589950 0.00000000
-0.56924300 1.38300700 0.18221330 1.00000000

-0.35720650 0.09674735 0.92900150 0.00000000
-0.82610260 -0.49684200 -0.26589950 0.00000000
0.43584180 -0.86243150 0.25739840 0.00000000
-0.57735760 1.48807300 0.12519760 1.00000000

0.40261340 -0.19990580 -0.89327500 0.00000000
0.23439020 -0.92081330 0.31171200 0.00000000
-0.88485240 -0.33487430 -0.32387570 0.00000000
-0.57418610 1.53503800 0.17264810 1.00000000

0.29610640 -0.95105260 0.08843266 0.00000000
-0.38828130 -0.03526407 0.92086630 0.00000000
-0.87267330 -0.30701100 -0.37971740 0.00000000
-0.58706950 1.58565200 0.15551410 1.00000000

0.57240260 -0.81915120 0.03669447 0.00000000
-0.29221670 -0.16197220 0.94253640 0.00000000
-0.76613620 -0.55023290 -0.33208270 0.00000000
-0.61250240 1.51437500 0.16206570 1.00000000

-0.24727920 -0.22815860 0.94169900 0.00000000
-0.59719070 0.80123120 0.03731012 0.00000000
-0.76303110 -0.55314770 -0.33438180 0.00000000
-0.59529320 1.52283400 0.10845900 1.00000000

0.47868600 -0.86073240 0.17320400 0.00000000
-0.42030250 -0.05144822 0.90592460 0.00000000
-0.77084730 -0.50645140 -0.38639520 0.00000000
-0.64606470 1.49256900 0.14646070 1.00000000

-0.25975060 -0.29048100 0.92095110 0.00000000
-0.67391010 0.73758630 0.04257140 0.00000000
-0.69164670 -0.60958000 -0.38734630 0.00000000
-0.62334090 1.49535100 0.09748176 1.00000000

0.49442220 -0.85860150 0.13546430 0.00000000
-0.50097820 -0.15412260 0.85162630 0.00000000
-0.71032930 -0.48892750 -0.50634220 0.00000000
-0.67280360 1.47330400 0.13285270 1.00000000

-0.36076980 -0.30973620 0.87972090 0.00000000
-0.75869390 0.64605160 -0.08367243 0.00000000
-0.54242870 -0.69762530 -0.46807060 0.00000000
-0.64748320 1.48029200 0.09063661 1.00000000

-0.80347080 0.32152000 -0.50105850 0.00000000
-0.58016050 -0.23398870 0.78016880 0.00000000
0.13359770 0.91753700 0.37453630 0.00000000
-0.52405280 1.47229200 0.16964730 1.00000000

-0.57443830 0.20043290 0.79362940 0.00000000
0.47961770 -0.70326990 0.52476540 0.00000000
0.66331580 0.68208350 0.30785390 0.00000000
-0.49176550 1.48694100 0.12910670 1.00000000

0.19360800 -0.06778047 -0.97873470 0.00000000
0.72947800 -0.65714080 0.18981040 0.00000000
-0.65603200 -0.75071430 -0.07778323 0.00000000
-0.46964600 1.29328600 0.20812590 1.00000000

0.84018470 -0.51550250 -0.16836640 0.00000000
0.48647400 0.85364900 -0.18608260 0.00000000
0.23965160 0.07443785 0.96800110 0.00000000
-0.23285030 1.46882700 0.17526540 1.00000000

0.68399340 -0.52734660 -0.50404240 0.00000000
0.51231640 0.83913570 -0.18271140 0.00000000
0.51931200 -0.13325590 0.84413140 0.00000000
-0.33019030 1.30939000 0.20997850 1.00000000

0.80581820 -0.58904370 -0.06070143 0.00000000
0.42118850 0.64219080 -0.64046180 0.00000000
0.41624180 0.49052900 0.76558740 0.00000000
-0.30774330 1.52068000 0.18490450 1.00000000

0.99607160 -0.08855277 0.00000003 0.00000000
0.08855277 0.99607150 0.00000000 0.00000000
-0.00000003 0.00000000 1.00000000 0.00000000
-0.15045200 0.92814790 0.11264840 1.00000000

1.00000000 0.00000000 0.00000000 0.00000000
0.00000000 1.00000000 0.00000000 0.00000000
0.00000000 0.00000000 1.00000000 0.00000000
0.00000000 0.00000000 0.00000000 1.00000000

1.00000000 0.00000000 0.00000000 0.00000000
0.00000000 1.00000000 0.00000000 0.00000000
0.00000000 0.00000000 1.00000000 0.00000000
0.00000000 0.00000000 0.00000000 1.00000000

0.76968100 -0.01390668 -0.63827720 0.00000000
-0.01423176 0.99914060 -0.03893083 0.00000000
0.63827000 0.03904813 0.76882170 0.00000000
0.01071035 0.88261420 0.05615361 1.00000000

0.94545070 0.16152400 0.28290130 0.00000000
0.24638140 -0.92267380 -0.29659630 0.00000000
0.21311810 0.35011870 -0.91213910 0.00000000
0.10972050 0.84951210 -0.03135968 1.00000000

0.94545070 0.16152400 0.28290130 0.00000000
0.14182660 -0.98589000 0.08891754 0.00000000
0.29327170 -0.04394418 -0.95501880 0.00000000
0.21821560 0.44320880 -0.16196710 1.00000000

0.99126420 0.06379610 -0.11543550 0.00000000
0.06349425 -0.99796250 -0.00629413 0.00000000
-0.11560200 -0.00109036 -0.99329520 0.00000000
0.26345280 0.12874760 -0.13360580 1.00000000

0.99117780 0.06265166 -0.11679600 0.00000000
0.06694394 -0.99720440 0.03319291 0.00000000
-0.11439000 -0.04071878 -0.99260130 0.00000000
0.25422870 0.02462029 -0.27036220 1.00000000

0.56869300 -0.22538820 -0.79106800 0.00000000
0.23988820 0.96536420 -0.10259420 0.00000000
0.78679220 -0.13142330 0.60306390 0.00000000
-0.09428220 0.85319760 0.13781450 1.00000000

0.56869180 -0.22539300 -0.79106740 0.00000000
-0.10055210 0.93546250 -0.33882050 0.00000000
0.81638160 0.27222790 0.50932620 0.00000000
-0.19991780 0.42809610 0.18299230 1.00000000

0.44384680 -0.10224220 -0.89025090 0.00000000
0.06005372 0.99463010 -0.08428922 0.00000000
0.89408810 -0.01605139 0.44760350 0.00000000
-0.16784570 0.12971900 0.29106340 1.00000000

0.43458180 -0.10305000 -0.89471760 0.00000000
-0.03995200 0.99024890 -0.13345830 0.00000000
0.89974590 0.09374429 0.42622720 0.00000000
-0.29660980 0.02828753 0.23851490 1.00000000

0.77916440 -0.01654559 -0.62660140 0.00000000
-0.00097429 0.99961840 -0.02760672 0.00000000
0.62681900 0.02212066 0.77885090 0.00000000
0.01072763 1.01902200 0.05320240 1.00000000

0.80464790 -0.03810994 -0.59252800 0.00000000
-0.04351997 0.99146830 -0.12286850 0.00000000
0.59215530 0.12465270 0.79612440 0.00000000
0.01055954 1.19148600 0.04843944 1.00000000

0.83121570 -0.04829307 -0.55384870 0.00000000
-0.19532800 0.90734040 -0.37226410 0.00000000
0.52050700 0.41761380 0.74476260 0.00000000
0.00885318 1.37885600 0.03407101 1.00000000

-0.09094408 0.91067640 -0.40298630 0.00000000
0.88614610 -0.11063890 -0.45000470 0.00000000
-0.45439470 -0.39803000 -0.79693050 0.00000000
0.04752968 1.46721500 -0.02986729 1.00000000

0.57433180 0.21085050 -0.79100260 0.00000000
0.52017570 -0.84010640 0.15374990 0.00000000
-0.63210800 -0.49976370 -0.59217930 0.00000000
0.24593720 1.44244300 -0.13062310 1.00000000

0.58520810 0.18643650 -0.78915980 0.00000000
0.09573331 -0.98228900 -0.16107100 0.00000000
-0.80521260 0.01871126 -0.59269170 0.00000000
0.40145150 1.19128200 -0.08465780 1.00000000

0.55701050 0.21778650 -0.80144160 0.00000000
-0.24207820 -0.88052420 -0.40752390 0.00000000
-0.79444200 0.42100680 -0.43774000 0.00000000
0.42549730 0.94455620 -0.12511480 1.00000000

-0.50651190 -0.06157641 0.86003180 0.00000000
-0.79444190 0.42100670 -0.43773990 0.00000000
-0.33512430 -0.90496550 -0.26216380 0.00000000
0.37363100 0.92214210 -0.15534300 1.00000000

-0.41082480 -0.87293390 -0.26307760 0.00000000
-0.49087960 -0.03137236 0.87066260 0.00000000
-0.76828430 0.48682920 -0.41561700 0.00000000
0.33526750 0.85291930 -0.20691100 1.00000000

-0.41998310 0.11034370 0.90079900 0.00000000
0.48064390 0.86898870 0.11764570 0.00000000
-0.76980280 0.48237280 -0.41799660 0.00000000
0.30828580 0.85119490 -0.15905410 1.00000000

-0.32786760 -0.90396020 -0.27451630 0.00000000
-0.51288730 -0.07370974 0.85528590 0.00000000
-0.79337890 0.42121650 -0.43946250 0.00000000
0.37132810 0.83290460 -0.18941380 1.00000000

-0.44187450 0.10514340 0.89089440 0.00000000
0.41869700 0.90247470 0.10115940 0.00000000
-0.79337290 0.41771430 -0.44280350 0.00000000
0.34241560 0.82958680 -0.14048140 1.00000000

-0.34663380 -0.91761080 -0.19451370 0.00000000
-0.49119970 0.00091124 0.87104650 0.00000000
-0.79910470 0.39747940 -0.45104620 0.00000000
0.40284400 0.81443280 -0.16680980 1.00000000

-0.44565620 0.11191690 0.88818100 0.00000000
0.40351310 0.91076070 0.08770594 0.00000000
-0.79910470 0.39747940 -0.45104620 0.00000000
0.37628720 0.81448210 -0.11971670 1.00000000

-0.34844680 -0.91574660 -0.19998390 0.00000000
-0.49200780 -0.00290950 0.87058600 0.00000000
-0.79781810 0.40174660 -0.44954080 0.00000000
0.42865550 0.80020610 -0.14674310 1.00000000

-0.40114560 0.21153780 0.89125420 0.00000000
0.44877400 0.89358830 -0.01010235 0.00000000
-0.79855160 0.39591930 -0.45339190 0.00000000
0.40445330 0.80080430 -0.10331400 1.00000000

-0.59744770 0.58768540 -0.54560320 0.00000000
-0.72609040 -0.68523280 0.05700013 0.00000000
-0.34036690 0.43021210 0.83610320 0.00000000
0.32787170 0.91748370 -0.16159250 1.00000000

-0.98371990 -0.09401593 -0.15315600 0.00000000
0.01867428 -0.90110170 0.43320610 0.00000000
-0.17873720 0.42329340 0.88818680 0.00000000
0.28360230 0.87770290 -0.15914500 1.00000000

0.56764780 0.18679770 -0.80179970 0.00000000
0.09573331 -0.98228900 -0.16107100 0.00000000
-0.81768670 0.01467274 -0.57547710 0.00000000
0.41242620 1.07867400 -0.10312270 1.00000000

0.77072010 0.39522110 -0.49979100 0.00000000
0.52561500 -0.83773540 0.14808420 0.00000000
-0.36016660 -0.37682910 -0.85339360 0.00000000
0.24593730 1.44244300 -0.13062300 1.00000000

0.63145540 0.25710100 -0.73154850 0.00000000
0.52017570 -0.84010640 0.15374990 0.00000000
-0.57504930 -0.47761990 -0.66422750 0.00000000
0.34477070 1.28282300 -0.10141060 1.00000000

0.43152980 0.51527710 -0.74045350 0.00000000
0.71151400 -0.69899800 -0.07176429 0.00000000
-0.55455400 -0.49587450 -0.66826560 0.00000000
0.28946500 1.48731200 -0.19758120 1.00000000

0.95712980 0.25594250 -0.13563260 0.00000000
-0.28347730 0.73143870 -0.62019180 0.00000000
-0.05952632 0.63205280 0.77263580 0.00000000
-0.02716021 1.54217500 -0.03421854 1.00000000

0.99528140 0.08957161 0.03730860 0.00000000
-0.07732980 0.96447310 -0.25261000 0.00000000
-0.05860975 0.24853310 0.96684870 0.00000000
-0.06152852 1.63085400 -0.10940960 1.00000000

0.99528140 0.08957161 0.03730860 0.00000000
-0.07732980 0.96447310 -0.25261000 0.00000000
-0.05860975 0.24853310 0.96684870 0.00000000
-0.05878983 1.65415700 -0.23841880 1.00000000

0.96756450 -0.22426190 0.11630080 0.00000000
-0.25146110 -0.89911090 0.35828410 0.00000000
0.02421781 -0.37590810 -0.92634110 0.00000000
-0.00752006 1.65529900 -0.21212150 1.00000000

0.94363050 0.32984940 -0.02758700 0.00000000
-0.31756380 0.87866690 -0.35650740 0.00000000
-0.09335396 0.34517180 0.93388520 0.00000000
-0.11241450 1.64395800 -0.21461840 1.00000000

0.99528150 0.08957159 0.03730851 0.00000000
0.07732980 -0.96447310 0.25261000 0.00000000
0.05860966 -0.24853310 -0.96684870 0.00000000
-0.02430716 1.67337500 -0.20869510 1.00000000

0.99528140 0.08957161 0.03730860 0.00000000
-0.07732980 0.96447310 -0.25261000 0.00000000
-0.05860975 0.24853310 0.96684870 0.00000000
-0.09825697 1.66671900 -0.21146690 1.00000000

0.97164260 0.22490110 -0.07300800 0.00000000
0.23619710 -0.93756140 0.25532270 0.00000000
-0.01102713 -0.26532670 -0.96409560 0.00000000
-0.04195974 1.66886200 -0.24794400 1.00000000

0.97928680 0.20234440 0.00735030 0.00000000
-0.19380970 0.94725290 -0.25524450 0.00000000
-0.05860975 0.24853310 0.96684870 0.00000000
-0.07374225 1.66749500 -0.25061050 1.00000000

0.97556570 0.10512440 0.19292630 0.00000000
0.09795877 -0.99411110 0.04633937 0.00000000
0.19666150 -0.02630837 -0.98011870 0.00000000
0.00524185 1.69354400 -0.23123450 1.00000000

0.99506030 0.07879930 -0.06037912 0.00000000
-0.08579163 0.98861000 -0.12365250 0.00000000
0.04994777 0.12822170 0.99048710 0.00000000
-0.12923730 1.68240200 -0.23761260 1.00000000

0.98018980 0.19787600 0.00855359 0.00000000
0.18906440 -0.94766220 0.25727640 0.00000000
0.05901456 -0.25056250 -0.96630030 0.00000000
-0.02432082 1.67359200 -0.20884970 1.00000000

0.99764900 -0.01987788 0.06558660 0.00000000
0.03784830 0.95763770 -0.28547760 0.00000000
-0.05713329 0.28728880 0.95613880 0.00000000
-0.09825512 1.66671100 -0.21149740 1.00000000

0.98602870 0.15382270 0.06392410 0.00000000
-0.13497620 0.96268910 -0.23454510 0.00000000
-0.09761730 0.22264000 0.97000130 0.00000000
-0.06061857 1.63752600 -0.14970290 1.00000000

0.91970590 0.38397580 0.08187616 0.00000000
0.37424960 -0.92044940 0.11273970 0.00000000
0.11865210 -0.07304540 -0.99024570 0.00000000
-0.02296783 1.59005200 -0.23946460 1.00000000

0.98573640 0.15589090 0.06341997 0.00000000
-0.14807090 0.98244670 -0.11346080 0.00000000
-0.07999426 0.10245190 0.99151650 0.00000000
-0.04954595 1.60264500 -0.24994760 1.00000000

0.99558620 -0.09080002 -0.02373725 0.00000000
0.08852804 0.99255220 -0.08368433 0.00000000
0.03115901 0.08121356 0.99620970 0.00000000
-0.07686339 1.58350500 -0.24011870 1.00000000

0.99520130 -0.00580244 0.09767598 0.00000000
-0.03705028 -0.94625740 0.32128580 0.00000000
0.09056228 -0.32336290 -0.94193170 0.00000000
-0.00149314 1.59852600 -0.20870400 1.00000000

0.95618750 0.29073580 -0.03432816 0.00000000
-0.28550340 0.90013050 -0.32901830 0.00000000
-0.06475750 0.32440400 0.94369950 0.00000000
-0.10981270 1.58412400 -0.20975050 1.00000000

0.98505960 0.12443310 0.11905490 0.00000000
0.06088470 -0.89830740 0.43512850 0.00000000
0.16109230 -0.42137890 -0.89246250 0.00000000
-0.02762015 1.61260800 -0.23327760 1.00000000

0.99253310 0.11828410 0.02978405 0.00000000
-0.09388472 0.89671010 -0.43254640 0.00000000
-0.07787097 0.42652040 0.90111970 0.00000000
-0.05342234 1.61236500 -0.24001460 1.00000000

0.98873950 0.13592660 -0.06259644 0.00000000
-0.14930690 0.86783370 -0.47389050 0.00000000
-0.01009101 0.47790040 0.87835620 0.00000000
-0.08111151 1.60843300 -0.23422000 1.00000000

0.99524960 0.08996673 0.03720513 0.00000000
0.06938335 -0.92353240 0.37719230 0.00000000
0.06829473 -0.37281920 -0.92538760 0.00000000
-0.03837083 1.63829500 -0.23531170 1.00000000

0.99524960 0.08996673 0.03720513 0.00000000
-0.06938331 0.92353240 -0.37719230 0.00000000
-0.06829482 0.37281910 0.92538750 0.00000000
-0.05594859 1.62791200 -0.25120080 1.00000000

0.99524960 0.08996673 0.03720513 0.00000000
-0.06938331 0.92353240 -0.37719230 0.00000000
-0.06829482 0.37281910 0.92538750 0.00000000
-0.07627520 1.63467600 -0.23667940 1.00000000

0.99528140 0.08957161 0.03730860 0.00000000
-0.07735404 0.96457590 -0.25220970 0.00000000
-0.05857772 0.24813370 0.96695330 0.00000000
-0.06758406 1.72121600 -0.16481600 1.00000000

0.25099910 -0.92468090 0.28629490 0.00000000
0.78605750 0.02210343 -0.61775830 0.00000000
0.56490120 0.38010100 0.73240030 0.00000000
-0.05769015 1.47332500 0.04024503 1.00000000

0.03891796 -0.24458150 -0.96884750 0.00000000
0.51888380 0.83355720 -0.18958480 0.00000000
0.85395870 -0.49534100 0.15934970 0.00000000
-0.23368800 1.46838400 0.17855600 1.00000000

0.09690055 -0.18102070 -0.97869420 0.00000000
0.73775620 -0.64697670 0.19271110 0.00000000
-0.66807690 -0.74071120 0.07085657 0.00000000
-0.38881810 1.21917600 0.23523370 1.00000000

0.31340100 -0.01978352 -0.94941480 0.00000000
0.48067220 -0.85894040 0.17656780 0.00000000
-0.81898380 -0.51169380 -0.25968340 0.00000000
-0.57412360 1.38167900 0.18683050 1.00000000

-0.35539980 0.09702700 0.92966500 0.00000000
-0.81898380 -0.51169380 -0.25968340 0.00000000
0.45050760 -0.85367190 0.26131940 0.00000000
-0.58412220 1.48623100 0.12917300 1.00000000

0.40257940 -0.19921340 -0.89344530 0.00000000
0.25021110 -0.91491460 0.31674350 0.00000000
-0.88052540 -0.35106410 -0.31848020 0.00000000
-0.58153410 1.53354700 0.17630970 1.00000000

0.31160810 -0.94560580 0.09343768 0.00000000
-0.38438570 -0.03551414 0.92248960 0.00000000
-0.86899280 -0.32337120 -0.37454370 0.00000000
-0.59528720 1.58383600 0.15889920 1.00000000

0.58557120 -0.80964140 0.03984389 0.00000000
-0.28622830 -0.16052760 0.94461880 0.00000000
-0.75840630 -0.56454590 -0.32574250 0.00000000
-0.61955200 1.51220500 0.16600020 1.00000000

-0.24024020 -0.22599120 0.94404080 0.00000000
-0.60980560 0.79180600 0.03436428 0.00000000
-0.75526310 -0.56742540 -0.32803440 0.00000000
-0.60267170 1.52059200 0.11227790 1.00000000

0.49301900 -0.85183230 0.17695940 0.00000000
-0.41619680 -0.05230436 0.90776940 0.00000000
-0.76401110 -0.52119720 -0.38031670 0.00000000
-0.65281640 1.48976600 0.15065830 1.00000000

-0.25178590 -0.28863790 0.92373840 0.00000000
-0.68547680 0.72697800 0.04031426 0.00000000
-0.68317340 -0.62305060 -0.38089730 0.00000000
-0.63031460 1.49259400 0.10157980 1.00000000

0.50858450 -0.84969390 0.13914940 0.00000000
-0.49541110 -0.15660430 0.85442570 0.00000000
-0.70420870 -0.50348370 -0.50059430 0.00000000
-0.67929170 1.46998800 0.13727220 1.00000000

-0.35263010 -0.30977160 0.88300290 0.00000000
-0.76923320 0.63328560 -0.08502924 0.00000000
-0.53285330 -0.70921900 -0.46160220 0.00000000
-0.65423690 1.47710700 0.09491955 1.00000000

-0.81029450 0.30538860 -0.50016090 0.00000000
-0.57355860 -0.23818630 0.78377180 0.00000000
0.12022330 0.92195740 0.36815910 0.00000000
-0.53041370 1.47159200 0.17352730 1.00000000

-0.57474440 0.19634930 0.79442830 0.00000000
0.49268110 -0.69210590 0.52749910 0.00000000
0.65340240 0.69457650 0.30104640 0.00000000
-0.49850960 1.48649300 0.13277570 1.00000000

0.19109560 -0.07364186 -0.97880540 0.00000000
0.73775620 -0.64697670 0.19271110 0.00000000
-0.64745570 -0.75894560 -0.06930467 0.00000000
-0.47339640 1.29334600 0.21313910 1.00000000

0.83581880 -0.52353860 -0.16527160 0.00000000
0.49315580 0.84825280 -0.19304080 0.00000000
0.24125630 0.07984255 0.96717150 0.00000000
-0.23368820 1.46838400 0.17855610 1.00000000

0.67918630 -0.53666730 -0.50069420 0.00000000
0.51888380 0.83355720 -0.18958480 0.00000000
0.51910110 -0.13103870 0.84460840 0.00000000
-0.33227600 1.31000800 0.21457520 1.00000000

0.80723700 -0.58717420 -0.05995965 0.00000000
0.41986860 0.64266870 -0.64084910 0.00000000
0.41482420 0.49214180 0.76532190 0.00000000
-0.30868000 1.52005900 0.18811820 1.00000000

0.99643620 -0.08434951 -0.00000244 0.00000000
0.08434951 0.99643620 -0.00001195 0.00000000
0.00000349 0.00001169 1.00000000 0.00000000
-0.15177250 0.92898230 0.11772760 1.00000000

1.00000000 0.00000000 0.00000000 0.00000000
0.00000000 1.00000000 0.00000000 0.00000000
0.00000000 0.00000000 1.00000000 0.00000000
0.00000000 0.00000000 0.00000000 1.00000000

1.00000000 0.00000000 0.00000000 0.00000000
0.00000000 1.00000000 0.00000000 0.00000000
0.00000000 0.00000000 1.00000000 0.00000000
0.00000000 0.00000000 0.00000000 1.00000000

0.76793840 -0.01816652 -0.64026610 0.00000000
-0.00857746 0.99921640 -0.03863901 0.00000000
0.64046630 0.03516423 0.76718080 0.00000000
0.00979770 0.88263140 0.06206394 1.00000000

0.94605920 0.16174900 0.28073000 0.00000000
0.24702710 -0.92075790 -0.30196490 0.00000000
0.20964160 0.35502460 -0.91104780 0.00000000
0.10838940 0.84898330 -0.02571316 1.00000000

0.94605920 0.16174900 0.28073000 0.00000000
0.14630330 -0.98637160 0.07527905 0.00000000
0.28908020 -0.03014674 -0.95683010 0.00000000
0.21716880 0.44352370 -0.15868470 1.00000000

0.99111630 0.06692506 -0.11493350 0.00000000
0.06657705 -0.99775790 -0.00686842 0.00000000
-0.11513560 -0.00084451 -0.99334960 0.00000000
0.26383390 0.12890880 -0.13467350 1.00000000

0.99111060 0.06426557 -0.11648920 0.00000000
0.06849709 -0.99711590 0.03268944 0.00000000
-0.11405260 -0.04037801 -0.99265400 0.00000000
0.25499480 0.02483654 -0.27149720 1.00000000

0.56850590 -0.21712620 -0.79350940 0.00000000
0.24145430 0.96610180 -0.09136349 0.00000000
0.78644820 -0.13965560 0.60166060 0.00000000
-0.09515144 0.85379790 0.14398820 1.00000000

0.56850470 -0.21713120 -0.79350890 0.00000000
-0.10683190 0.93688950 -0.33290400 0.00000000
0.81571410 0.27402960 0.50942940 0.00000000
-0.20147670 0.42837150 0.18422050 1.00000000

0.44285420 -0.10164300 -0.89081360 0.00000000
0.06038710 0.99467870 -0.08347365 0.00000000
0.89455780 -0.01682700 0.44663540 0.00000000
-0.16740160 0.12953920 0.29040450 1.00000000

0.43328000 -0.10297640 -0.89535700 0.00000000
-0.04160024 0.99010710 -0.13400490 0.00000000
0.90029880 0.09530877 0.42470970 0.00000000
-0.29626480 0.02820915 0.23790360 1.00000000

0.77746970 -0.02052600 -0.62858540 0.00000000
0.00061305 0.99949160 -0.03187942 0.00000000
0.62892020 0.02439993 0.77708690 0.00000000
0.01059300 1.01903800 0.05914751 1.00000000

0.80336670 -0.03993448 -0.59414420 0.00000000
-0.04396306 0.99104850 -0.12605600 0.00000000
0.59385980 0.12738960 0.79441960 0.00000000
0.01069877 1.19147900 0.05364738 1.00000000

0.83026050 -0.04796711 -0.55530790 0.00000000
-0.19787660 0.90602610 -0.37411420 0.00000000
0.52106870 0.42049470 0.74274610 0.00000000
0.00892788 1.37880100 0.03866235 1.00000000

-0.09214234 0.90900990 -0.40646200 0.00000000
0.88526440 -0.11209760 -0.45137730 0.00000000
-0.45586990 -0.40141730 -0.79438510 0.00000000
0.04730345 1.46708100 -0.02556567 1.00000000

0.57042690 0.20800150 -0.79457460 0.00000000
0.52276570 -0.83810040 0.15589880 0.00000000
-0.63350590 -0.50430510 -0.58681120 0.00000000
0.24551360 1.44198300 -0.12662880 1.00000000

0.58136700 0.18362240 -0.79265080 0.00000000
0.09761195 -0.98290600 -0.15610330 0.00000000
-0.80776540 0.01338116 -0.58935300 0.00000000
0.40180220 1.19142100 -0.08002110 1.00000000

0.54953690 0.21567210 -0.80715230 0.00000000
-0.24566710 -0.88168250 -0.40284550 0.00000000
-0.79853470 0.41966910 -0.43153360 0.00000000
0.42631980 0.94454030 -0.11923020 1.00000000

-0.49852850 -0.05929305 0.86484340 0.00000000
-0.79853480 0.41966910 -0.43153350 0.00000000
-0.33736080 -0.90573880 -0.25656470 0.00000000
0.37418060 0.92203450 -0.14891590 1.00000000

-0.41307260 -0.87372260 -0.25686680 0.00000000
-0.48280460 -0.02905729 0.87524620 0.00000000
-0.77218620 0.48555680 -0.40983440 0.00000000
0.33535530 0.85266380 -0.19993650 1.00000000

-0.41165950 0.11275290 0.90433600 0.00000000
0.48154510 0.86938880 0.11080710 0.00000000
-0.77372570 0.48109310 -0.41218770 0.00000000
0.30881740 0.85106660 -0.15182760 1.00000000

-0.33021860 -0.90476660 -0.26898640 0.00000000
-0.50494540 -0.07144044 0.86019000 0.00000000
-0.79748760 0.41987430 -0.43326660 0.00000000
0.37157980 0.83270320 -0.18271850 1.00000000

-0.43364040 0.10752180 0.89464830 0.00000000
0.41944210 0.90281900 0.09480214 0.00000000
-0.79751180 0.41636300 -0.43659760 0.00000000
0.34312150 0.82951530 -0.13351190 1.00000000

-0.34824190 -0.91820000 -0.18877650 0.00000000
-0.48312710 0.00322722 0.87554440 0.00000000
-0.80331590 0.39610450 -0.44473120 0.00000000
0.40330680 0.81429890 -0.16035600 1.00000000

-0.43744830 0.11428720 0.89195160 0.00000000
0.40413280 0.91106530 0.08146678 0.00000000
-0.80331590 0.39610450 -0.44473120 0.00000000
0.37718660 0.81447340 -0.11301970 1.00000000

-0.35010580 -0.91635080 -0.19423490 0.00000000
-0.48393900 -0.00059493 0.87510190 0.00000000
-0.80201600 0.40037610 -0.44324940 0.00000000
0.42930550 0.80013170 -0.14048980 1.00000000

-0.39293040 0.21392360 0.89433910 0.00000000
0.44849100 0.89363140 -0.01670803 0.00000000
-0.80278400 0.39453790 -0.44707760 0.00000000
0.40550570 0.80084550 -0.09684066 1.00000000

-0.60257770 0.58608290 -0.54167150 0.00000000
-0.72540180 -0.68519340 0.06559420 0.00000000
-0.33270580 0.43245520 0.83802750 0.00000000
0.32836640 0.91735130 -0.15472930 1.00000000

-0.98507570 -0.09459971 -0.14379680 0.00000000
0.02284972 -0.89990290 0.43549160 0.00000000
-0.17060010 0.42570670 0.88863360 0.00000000
0.28412910 0.87757020 -0.15176330 1.00000000

0.56192520 0.18388940 -0.80648940 0.00000000
0.09761195 -0.98290600 -0.15610330 0.00000000
-0.82140890 0.00899534 -0.57026930 0.00000000
0.41299230 1.07874200 -0.09791654 1.00000000

0.76986460 0.39670750 -0.49993160 0.00000000
0.52820210 -0.83572320 0.15023310 0.00000000
-0.35820590 -0.37972420 -0.85293530 0.00000000
0.24551360 1.44198300 -0.12662870 1.00000000

0.62882260 0.25563310 -0.73432560 0.00000000
0.52276570 -0.83810040 0.15589880 0.00000000
-0.57558570 -0.48191290 -0.66065280 0.00000000
0.34483910 1.28274400 -0.09700806 1.00000000

0.42979770 0.51246260 -0.74340830 0.00000000
0.71164930 -0.69899820 -0.07041252 0.00000000
-0.55572470 -0.49878270 -0.66512140 0.00000000
0.28888540 1.48659800 -0.19385640 1.00000000

0.95614120 0.25894160 -0.13690650 0.00000000
-0.28645660 0.72910930 -0.62156440 0.00000000
-0.06112894 0.63352100 0.77130690 0.00000000
-0.02754669 1.54187900 -0.02995861 1.00000000

0.99541400 0.08880174 0.03557113 0.00000000
-0.07695055 0.96420790 -0.25373590 0.00000000
-0.05683005 0.24983510 0.96661930 0.00000000
-0.06227623 1.63027500 -0.10531600 1.00000000

0.99541400 0.08880174 0.03557113 0.00000000
-0.07695055 0.96420790 -0.25373590 0.00000000
-0.05683005 0.24983510 0.96661930 0.00000000
-0.05972867 1.65340900 -0.23435980 1.00000000

0.96756850 -0.22490610 0.11501580 0.00000000
-0.25161410 -0.89843830 0.35986030 0.00000000
0.02239981 -0.37712910 -0.92589010 0.00000000
-0.00841520 1.65454200 -0.20814740 1.00000000

0.94385430 0.32903750 -0.02955213 0.00000000
-0.31742380 0.87846460 -0.35713030 0.00000000
-0.09154859 0.34645950 0.93358680 0.00000000
-0.11332280 1.64328400 -0.21045870 1.00000000

0.99541390 0.08880171 0.03557101 0.00000000
0.07695055 -0.96420790 0.25373590 0.00000000
0.05682999 -0.24983510 -0.96661930 0.00000000
-0.02518187 1.67263700 -0.20471710 1.00000000

0.99541400 0.08880174 0.03557113 0.00000000
-0.07695055 0.96420790 -0.25373590 0.00000000
-0.05683005 0.24983510 0.96661930 0.00000000
-0.09914149 1.66603800 -0.20735990 1.00000000

0.97170650 0.22400740 -0.07488221 0.00000000
0.23584420 -0.93742320 0.25615480 0.00000000
-0.01281592 -0.26656790 -0.96373090 0.00000000
-0.04290207 1.66808700 -0.24393140 1.00000000

0.97946310 0.20154870 0.00549239 0.00000000
-0.19344870 0.94708010 -0.25615820 0.00000000
-0.05683005 0.24983510 0.96661930 0.00000000
-0.07468997 1.66674300 -0.24654430 1.00000000

0.97596470 0.10457250 0.19120040 0.00000000
0.09721904 -0.99413030 0.04747057 0.00000000
0.19504220 -0.02774139 -0.98040260 0.00000000
0.00434689 1.69275200 -0.22733080 1.00000000

0.99502500 0.07790294 -0.06210196 0.00000000
-0.08518238 0.98851900 -0.12479610 0.00000000
0.05166709 0.12946530 0.99023710 0.00000000
-0.13015160 1.68171200 -0.23347540 1.00000000

0.98036430 0.19708110 0.00670022 0.00000000
0.18870630 -0.94748270 0.25819830 0.00000000
0.05723429 -0.25186410 -0.96606870 0.00000000
-0.02519562 1.67285300 -0.20487200 1.00000000

0.99773790 -0.02061294 0.06398743 0.00000000
0.03816818 0.95723530 -0.28678210 0.00000000
-0.05533952 0.28857570 0.95585660 0.00000000
-0.09913969 1.66603000 -0.20739040 1.00000000

0.98625730 0.15309490 0.06211826 0.00000000
-0.13456880 0.96249460 -0.23557470 0.00000000
-0.09585372 0.22397810 0.96986890 0.00000000
-0.06142646 1.63689400 -0.14561940 1.00000000

0.92015280 0.38332560 0.07987937 0.00000000
0.37367800 -0.92060970 0.11332510 0.00000000
0.11697810 -0.07442730 -0.99034180 0.00000000
-0.02396099 1.58927300 -0.23538050 1.00000000

0.98596580 0.15516260 0.06161183 0.00000000
-0.14744990 0.98242010 -0.11449500 0.00000000
-0.07829407 0.10380360 0.99151130 0.00000000
-0.05054584 1.60187400 -0.24583670 1.00000000

0.99547150 -0.09164909 -0.02524087 0.00000000
0.08920537 0.99236980 -0.08511709 0.00000000
0.03284916 0.08247996 0.99605130 0.00000000
-0.07786287 1.58276900 -0.23593840 1.00000000

0.99535420 -0.00649383 0.09606236 0.00000000
-0.03730240 -0.94580900 0.32257400 0.00000000
0.08876187 -0.32465880 -0.94165730 0.00000000
-0.00242929 1.59776900 -0.20466610 1.00000000

0.95636830 0.28990490 -0.03626290 0.00000000
-0.28530110 0.89993730 -0.32972140 0.00000000
-0.06295335 0.32568090 0.94338150 0.00000000
-0.11076220 1.58345500 -0.20551750 1.00000000

0.98535410 0.12377770 0.11728860 0.00000000
0.06085725 -0.89779210 0.43619480 0.00000000
0.15929200 -0.42266840 -0.89217580 0.00000000
-0.02858475 1.61184100 -0.22921530 1.00000000

0.99267700 0.11750680 0.02801383 0.00000000
-0.09385428 0.89622540 -0.43355690 0.00000000
-0.07605261 0.42775270 0.90069060 0.00000000
-0.05439803 1.61161000 -0.23590990 1.00000000

0.98874720 0.13503250 -0.06438315 0.00000000
-0.14936750 0.86734070 -0.47477320 0.00000000
-0.00826764 0.47904740 0.87775000 0.00000000
-0.08208098 1.60770800 -0.23006520 1.00000000

0.99538240 0.08919675 0.03546730 0.00000000
0.06924067 -0.92309880 0.37827760 0.00000000
0.06648079 -0.37407520 -0.92501250 0.00000000
-0.03931763 1.63753300 -0.23126520 1.00000000

0.99538240 0.08919675 0.03546730 0.00000000
-0.06924070 0.92309900 -0.37827760 0.00000000
-0.06648076 0.37407510 0.92501240 0.00000000
-0.05692976 1.62714500 -0.24711210 1.00000000

0.99538240 0.08919675 0.03546730 0.00000000
-0.06924070 0.92309900 -0.37827760 0.00000000
-0.06648076 0.37407510 0.92501240 0.00000000
-0.07722715 1.63394400 -0.23256650 1.00000000

0.99541400 0.08880174 0.03557113 0.00000000
-0.07697409 0.96431120 -0.25333560 0.00000000
-0.05679831 0.24943570 0.96672420 0.00000000
-0.06834794 1.72057000 -0.16082980 1.00000000

0.25269210 -0.92367700 0.28804100 0.00000000
0.78571570 0.02217211 -0.61819050 0.00000000
0.56462190 0.38253020 0.73135020 0.00000000
-0.05779544 1.47314900 0.04473136 1.00000000

0.03650507 -0.25509460 -0.96622690 0.00000000
0.53078030 0.82416740 -0.19753570 0.00000000
0.84672300 -0.50564330 0.16548540 0.00000000
-0.23371680 1.46819300 0.18313910 1.00000000

0.09538823 -0.19246130 -0.97665760 0.00000000
0.74043920 -0.64203880 0.19883820 0.00000000
-0.66532040 -0.74212210 0.08126274 0.00000000
-0.39240360 1.22179300 0.24219390 1.00000000

0.31355430 -0.02504514 -0.94924000 0.00000000
0.48687990 -0.85400690 0.18335940 0.00000000
-0.81524940 -0.51965890 -0.25558350 0.00000000
-0.57838300 1.38305500 0.19225180 1.00000000

