MeshAnim
1
35
79
30
0.54357840 0.01686242 -0.83918910 0.00000000
-0.00670477 0.99985350 0.01574779 0.00000000
0.83933160 -0.00293359 0.54361180 0.00000000
0.00000000 0.85533960 0.01297015 1.00000000

0.94970310 0.25868360 0.17648480 0.00000000
0.30115420 -0.90896240 -0.28825970 0.00000000
0.08584997 0.32691020 -0.94114800 0.00000000
0.06773052 0.82651880 -0.10165650 1.00000000

0.94970310 0.25868360 0.17648480 0.00000000
0.19827630 -0.93294470 0.30050100 0.00000000
0.24238510 -0.25039400 -0.93731120 0.00000000
0.20034500 0.42625340 -0.22859290 1.00000000

0.99132820 0.06231819 -0.11569320 0.00000000
0.06203496 -0.99805570 -0.00605075 0.00000000
-0.11584530 -0.00117874 -0.99326670 0.00000000
0.26358760 0.12867970 -0.13274450 1.00000000

0.99116870 0.06228919 -0.11706690 0.00000000
0.06660175 -0.99722430 0.03329104 0.00000000
-0.11466830 -0.04079388 -0.99256600 0.00000000
0.25417800 0.02453059 -0.26947160 1.00000000

0.54395290 -0.26823350 -0.79508870 0.00000000
0.34934800 0.93390080 -0.07606021 0.00000000
0.76293580 -0.23638950 0.60170500 0.00000000
-0.07634407 0.82204900 0.12076910 1.00000000

0.54395000 -0.26824140 -0.79508810 0.00000000
-0.19547480 0.88095320 -0.43094180 0.00000000
0.81603180 0.38983060 0.42676000 0.00000000
-0.23018070 0.41080250 0.15426250 1.00000000

0.44429870 -0.10249550 -0.88999630 0.00000000
0.05992621 0.99460900 -0.08462716 0.00000000
0.89387220 -0.01573431 0.44804570 0.00000000
-0.16783180 0.12981170 0.29171680 1.00000000

0.43528000 -0.10270190 -0.89441800 0.00000000
-0.03788704 0.99050230 -0.13217300 0.00000000
0.89949750 0.09141907 0.42725480 0.00000000
-0.29655300 0.02833927 0.23914290 1.00000000

0.55469830 0.02354578 -0.83171840 0.00000000
-0.01680209 0.99971260 0.01709583 0.00000000
0.83188190 0.00449158 0.55493460 0.00000000
0.00166097 0.99171610 0.01678634 1.00000000

0.57899800 -0.00453269 -0.81531650 0.00000000
-0.10462140 0.99130460 -0.07980809 0.00000000
0.80858880 0.13150820 0.57348920 0.00000000
-0.00123788 1.16419600 0.01973587 1.00000000

0.60774800 -0.02344477 -0.79378370 0.00000000
-0.39446390 0.85861750 -0.32737480 0.00000000
0.68923180 0.51208040 0.51257500 0.00000000
-0.01204698 1.35161000 0.01101786 1.00000000

-0.23707940 0.85898690 -0.45380050 0.00000000
0.53084700 -0.27667070 -0.80103350 0.00000000
-0.81363060 -0.43080720 -0.39039770 0.00000000
-0.00512693 1.43773400 -0.06596408 1.00000000

0.09717911 0.58123860 -0.80790970 0.00000000
-0.19625590 -0.78462220 -0.58809150 0.00000000
-0.97572540 0.21570720 0.03782254 0.00000000
0.11372940 1.37578700 -0.24531500 1.00000000

0.07796535 0.54257210 -0.83638320 0.00000000
-0.95200400 -0.20855730 -0.22403680 0.00000000
-0.29598980 0.81370700 0.50027070 0.00000000
0.05505598 1.14121400 -0.42113380 1.00000000

0.10388150 0.70922120 -0.69729030 0.00000000
-0.99365620 0.04364075 -0.10364620 0.00000000
-0.04307780 0.70363370 0.70925560 0.00000000
-0.18406280 1.08883000 -0.47740600 1.00000000

0.06893232 -0.69533400 0.71537330 0.00000000
-0.12962050 0.70475790 0.69750620 0.00000000
-0.98916470 -0.14080790 -0.04154909 0.00000000
-0.31450030 1.15200300 -0.35471700 1.00000000

-0.81632450 0.46022780 -0.34900480 0.00000000
-0.56870690 -0.53485830 0.62489940 0.00000000
0.10092810 0.70860210 0.69835260 0.00000000
-0.32251850 1.13993900 -0.43936420 1.00000000

-0.86019110 -0.29145210 0.41848150 0.00000000
0.50058280 -0.63928990 0.58371680 0.00000000
0.09740543 0.71159260 0.69580760 0.00000000
-0.35377810 1.11054000 -0.40501590 1.00000000

-0.78752120 0.47558520 -0.39195540 0.00000000
-0.60370860 -0.46748070 0.64575340 0.00000000
0.12387920 0.74517140 0.65526600 0.00000000
-0.32216670 1.10974800 -0.47246290 1.00000000

-0.82179780 -0.29202730 0.48925300 0.00000000
0.55651320 -0.59559830 0.57927170 0.00000000
0.12223510 0.74832000 0.65197830 0.00000000
-0.35577660 1.08271100 -0.43530540 1.00000000

-0.83167510 0.34850950 -0.43227030 0.00000000
-0.55509380 -0.50264890 0.66273300 0.00000000
0.01368859 0.79112890 0.61149620 0.00000000
-0.32023080 1.07642100 -0.49949840 1.00000000

-0.87441280 -0.28715360 0.39108180 0.00000000
0.48498930 -0.54005340 0.68784260 0.00000000
0.01368859 0.79112890 0.61149620 0.00000000
-0.35024180 1.04924500 -0.46366760 1.00000000

-0.77077960 0.38877380 -0.50473120 0.00000000
-0.62632850 -0.31731850 0.71205450 0.00000000
0.11666770 0.86496450 0.48808280 0.00000000
-0.31732280 1.04810800 -0.52097410 1.00000000

-0.90100460 -0.11468830 0.41837480 0.00000000
0.41866490 -0.48248980 0.76936570 0.00000000
0.11362440 0.86836060 0.48274140 0.00000000
-0.34784100 1.03204400 -0.48515830 1.00000000

0.85831480 0.17390750 0.48275490 0.00000000
-0.28894140 -0.61367120 0.73479310 0.00000000
0.42403860 -0.77017150 -0.47647380 0.00000000
-0.25276620 1.12732400 -0.40397360 1.00000000

-0.04691818 -0.50997420 0.85890950 0.00000000
-0.98958860 -0.09339347 -0.10950890 0.00000000
0.13606310 -0.85510480 -0.50028290 0.00000000
-0.26848160 1.09108600 -0.35938510 1.00000000

0.04369137 0.63185360 -0.77385540 0.00000000
-0.95200400 -0.20855730 -0.22403680 0.00000000
-0.30295150 0.74650180 0.59241500 0.00000000
-0.05407998 1.11730500 -0.44681700 1.00000000

-0.57355770 0.57830870 -0.58016430 0.00000000
-0.19625590 -0.78462220 -0.58809150 0.00000000
-0.79530820 -0.22344380 0.56352270 0.00000000
0.11372940 1.37578700 -0.24531500 1.00000000

-0.36653540 0.61497990 -0.69817750 0.00000000
-0.19625590 -0.78462220 -0.58809150 0.00000000
-0.90946990 -0.07853489 0.40828510 0.00000000
0.07644072 1.22670900 -0.35705230 1.00000000

0.02322361 0.36208670 -0.93185520 0.00000000
0.54244970 -0.78752740 -0.29248720 0.00000000
-0.83976720 -0.49869190 -0.21470290 0.00000000
0.11073900 1.40916800 -0.30350520 1.00000000

-0.30561000 0.35124450 0.88500280 0.00000000
-0.40715800 0.79199690 -0.45493210 0.00000000
-0.86071190 -0.49936780 -0.09903017 0.00000000
-0.08426900 1.50599600 -0.04883765 1.00000000

0.99681810 0.00384956 -0.07961783 0.00000000
-0.02472487 0.96450010 -0.26292230 0.00000000
0.07577935 0.26405430 0.96152650 0.00000000
-0.13363220 1.60201600 -0.10399290 1.00000000

0.99681810 0.00384956 -0.07961783 0.00000000
-0.02472487 0.96450010 -0.26292230 0.00000000
0.07577935 0.26405430 0.96152650 0.00000000
-0.14401390 1.62347200 -0.23293390 1.00000000

0.95216020 -0.30547060 0.00884721 0.00000000
-0.28280100 -0.86978730 0.40434390 0.00000000
-0.11582000 -0.38750230 -0.91456470 0.00000000
-0.09011288 1.62050000 -0.21275250 1.00000000

0.95838080 0.24690360 -0.14333600 0.00000000
-0.28181310 0.89850870 -0.33654620 0.00000000
0.04569429 0.36293330 0.93069410 0.00000000
-0.19516200 1.61821700 -0.20289490 1.00000000

0.99681810 0.00384962 -0.07961792 0.00000000
0.02472487 -0.96450010 0.26292230 0.00000000
-0.07577944 -0.26405430 -0.96152650 0.00000000
-0.10480190 1.63999500 -0.20780780 1.00000000

0.99681810 0.00384956 -0.07961783 0.00000000
-0.02472487 0.96450010 -0.26292230 0.00000000
0.07577935 0.26405430 0.96152650 0.00000000
-0.17886590 1.63970800 -0.20189190 1.00000000

0.97195610 0.13940210 -0.18939050 0.00000000
0.18452210 -0.95135750 0.24671920 0.00000000
-0.14578490 -0.27474700 -0.95040050 0.00000000
-0.12723150 1.63655700 -0.24465290 1.00000000

0.98699770 0.11722020 -0.10997780 0.00000000
-0.14175030 0.95735820 -0.25173800 0.00000000
0.07577935 0.26405430 0.96152650 0.00000000
-0.15910940 1.63790500 -0.24360790 1.00000000

0.99677930 0.02287994 0.07686001 0.00000000
0.01856889 -0.99823890 0.05634213 0.00000000
0.07801372 -0.05473354 -0.99544890 0.00000000
-0.07649132 1.65727400 -0.23403610 1.00000000

0.98429110 -0.00801566 -0.17637150 0.00000000
-0.01601473 0.99079700 -0.13440440 0.00000000
0.17582560 0.13511760 0.97510450 0.00000000
-0.21125330 1.65769400 -0.22462710 1.00000000

0.98765510 0.11270500 -0.10878960 0.00000000
0.13725710 -0.95733280 0.25431170 0.00000000
-0.07548568 -0.26610450 -0.96098420 0.00000000
-0.10481520 1.64021000 -0.20796440 1.00000000

0.99323740 -0.10505500 -0.04942825 0.00000000
0.08484188 0.94737120 -0.30869040 0.00000000
0.07925633 0.30240920 0.94987760 0.00000000
-0.17886830 1.63970000 -0.20192230 1.00000000

0.99618240 0.06896880 -0.05351654 0.00000000
-0.07981287 0.96790690 -0.23829860 0.00000000
0.03536385 0.24166020 0.96971640 0.00000000
-0.13687180 1.60810900 -0.14425800 1.00000000

0.95204140 0.30417940 -0.03304762 0.00000000
0.30593910 -0.94789740 0.08883580 0.00000000
-0.00430381 -0.09468597 -0.99549810 0.00000000
-0.11408940 1.55650900 -0.23670760 1.00000000

0.99600850 0.07104841 -0.05402839 0.00000000
-0.07697535 0.99014790 -0.11697040 0.00000000
0.04518557 0.12066240 0.99166480 0.00000000
-0.14055280 1.57122300 -0.24432860 1.00000000

0.97479500 -0.17658430 -0.13635580 0.00000000
0.16148600 0.98016440 -0.11489080 0.00000000
0.15393900 0.08997548 0.98397530 0.00000000
-0.16805170 1.55462600 -0.23100270 1.00000000

0.99574630 -0.09044319 -0.01758432 0.00000000
-0.07891422 -0.93568020 0.34391190 0.00000000
-0.04755789 -0.34106140 -0.93883750 0.00000000
-0.08853438 1.56346200 -0.20881900 1.00000000

0.96672400 0.20677600 -0.15062760 0.00000000
-0.24506970 0.91745050 -0.31340890 0.00000000
0.07338783 0.33989410 0.93759610 0.00000000
-0.19706170 1.55844300 -0.19705960 1.00000000

0.99918070 0.04042499 0.00198457 0.00000000
0.03532740 -0.89501360 0.44463770 0.00000000
0.01975054 -0.44420330 -0.89570850 0.00000000
-0.11607030 1.57945400 -0.23051760 1.00000000

0.99564000 0.03260142 -0.08739802 0.00000000
-0.06781705 0.89629850 -0.43823500 0.00000000
0.06404763 0.44225140 0.89460170 0.00000000
-0.14241050 1.58135700 -0.23422860 1.00000000

0.98259150 0.04941378 -0.17908700 0.00000000
-0.12992050 0.87182250 -0.47227760 0.00000000
0.13279500 0.48732310 0.86306550 0.00000000
-0.16946640 1.57989600 -0.22519710 1.00000000

0.99680790 0.00424473 -0.07972565 0.00000000
0.03485042 -0.92155930 0.38667040 0.00000000
-0.07183069 -0.38821460 -0.91876550 0.00000000
-0.12478170 1.60594600 -0.23185690 1.00000000

0.99680790 0.00424473 -0.07972565 0.00000000
-0.03485042 0.92155930 -0.38667030 0.00000000
0.07183066 0.38821450 0.91876550 0.00000000
-0.14490570 1.59693100 -0.24538450 1.00000000

0.99680790 0.00424473 -0.07972565 0.00000000
-0.03485042 0.92155930 -0.38667030 0.00000000
0.07183066 0.38821450 0.91876550 0.00000000
-0.16275590 1.60559300 -0.22876750 1.00000000

0.99681810 0.00384956 -0.07961783 0.00000000
-0.02469353 0.96460940 -0.26252410 0.00000000
0.07578942 0.26365480 0.96163520 0.00000000
-0.13847550 1.69190400 -0.16028350 1.00000000

0.33323190 -0.90262570 0.27243940 0.00000000
0.49741150 -0.07716917 -0.86407560 0.00000000
0.80096090 0.42345200 0.42326120 0.00000000
-0.08205758 1.44069800 0.03452054 1.00000000

-0.19743990 -0.78915020 -0.58160060 0.00000000
0.81738450 0.19500910 -0.54208300 0.00000000
0.54120240 -0.58242010 0.60653670 0.00000000
-0.19342950 1.45798300 0.22798130 1.00000000

-0.10371930 -0.77691270 -0.62100630 0.00000000
0.03931174 -0.62708810 0.77795580 0.00000000
-0.99382940 0.05627605 0.09558284 0.00000000
-0.43780220 1.39968000 0.39004540 1.00000000

0.98834110 0.14839640 0.03406236 0.00000000
0.09111148 -0.75568490 0.64856690 0.00000000
0.12198530 -0.63790180 -0.76039520 0.00000000
-0.44767700 1.55718900 0.19464400 1.00000000

-0.98914740 -0.01491867 -0.14616720 0.00000000
0.12198530 -0.63790180 -0.76039520 0.00000000
-0.08189638 -0.76997320 0.63279900 0.00000000
-0.40974100 1.68473900 0.15290720 1.00000000

0.65087010 -0.58906810 0.47892280 0.00000000
-0.75874190 -0.52637400 0.38372000 0.00000000
0.02605519 -0.61313060 -0.78955170 0.00000000
-0.46385450 1.70450800 0.15908270 1.00000000

-0.40016290 -0.72946970 0.55474650 0.00000000
-0.91594310 0.29833280 -0.26841400 0.00000000
0.03030083 -0.61552530 -0.78753440 0.00000000
-0.42214920 1.73344100 0.13799080 1.00000000

0.67658910 -0.55214480 0.48719980 0.00000000
-0.73203300 -0.57597270 0.36384520 0.00000000
0.07971850 -0.60282000 -0.79388490 0.00000000
-0.46024300 1.67705200 0.12386540 1.00000000

-0.56901530 -0.68236680 0.45890890 0.00000000
-0.81798620 0.41241030 -0.40101950 0.00000000
0.08438355 -0.60356720 -0.79283430 0.00000000
-0.41792990 1.70933500 0.10364830 1.00000000

0.60705270 -0.54018380 0.58282820 0.00000000
-0.78439380 -0.52484270 0.33055520 0.00000000
0.12733270 -0.65783100 -0.74232390 0.00000000
-0.45044960 1.65005300 0.09191940 1.00000000

-0.57662560 -0.65804320 0.48423360 0.00000000
-0.80702510 0.36638420 -0.46311260 0.00000000
0.12733270 -0.65783100 -0.74232390 0.00000000
-0.40804170 1.67842900 0.07404808 1.00000000

0.51569390 -0.53888240 0.66608220 0.00000000
-0.81975670 -0.53638830 0.20071610 0.00000000
0.24911630 -0.64953330 -0.71836470 0.00000000
-0.44122650 1.62682600 0.06648908 1.00000000

-0.62941370 -0.67282920 0.38876670 0.00000000
-0.73409840 0.35077650 -0.58142550 0.00000000
0.25482960 -0.65135000 -0.71470620 0.00000000
-0.40006680 1.65307800 0.05706233 1.00000000

0.03879875 -0.02626982 -0.99890180 0.00000000
-0.94442450 -0.32752840 -0.02806917 0.00000000
-0.32643140 0.94447620 -0.03751761 0.00000000
-0.43306760 1.65827400 0.21997470 1.00000000

-0.81611760 -0.27225180 -0.50973640 0.00000000
-0.51550630 -0.05564766 0.85507720 0.00000000
-0.26116200 0.96061580 -0.09493251 0.00000000
-0.37690170 1.67782100 0.22337880 1.00000000

0.75353770 -0.49270190 -0.43523080 0.00000000
0.03931174 -0.62708810 0.77795580 0.00000000
-0.65622840 -0.60332880 -0.45316550 0.00000000
-0.44231030 1.47156900 0.30085810 1.00000000

0.46497220 -0.81022950 0.35683210 0.00000000
0.80127680 0.21372670 -0.55881700 0.00000000
0.37650540 0.54575570 0.74859510 0.00000000
-0.19342960 1.45798300 0.22798130 1.00000000

0.28196530 -0.95597730 0.08126034 0.00000000
0.81738450 0.19500910 -0.54208300 0.00000000
0.50237250 0.21926950 0.83638670 0.00000000
-0.34873310 1.42093000 0.33097590 1.00000000

0.72162780 -0.62830040 -0.29067490 0.00000000
0.15379970 0.55488950 -0.81758390 0.00000000
0.67498070 0.54528550 0.49705610 0.00000000
-0.20414050 1.49738100 0.20260800 1.00000000

0.99507580 -0.09911619 0.00000003 0.00000000
0.09911619 0.99507580 0.00000000 0.00000000
-0.00000003 0.00000000 1.00000000 0.00000000
-0.13579600 0.89895400 0.12251130 1.00000000

1.00000000 0.00000000 0.00000000 0.00000000
0.00000000 1.00000000 0.00000000 0.00000000
0.00000000 0.00000000 1.00000000 0.00000000
0.00000000 0.00000000 0.00000000 1.00000000

1.00000000 0.00000000 0.00000000 0.00000000
0.00000000 1.00000000 0.00000000 0.00000000
0.00000000 0.00000000 1.00000000 0.00000000
0.00000000 0.00000000 0.00000000 1.00000000

0.55018600 0.02149726 -0.83476540 0.00000000
-0.01928614 0.99972900 0.01303416 0.00000000
0.83481940 0.00892819 0.55045150 0.00000000
0.00249086 0.85512010 0.01070420 1.00000000

0.95152680 0.25524420 0.17160190 0.00000000
0.29629390 -0.91038040 -0.28882070 0.00000000
0.08250326 0.32566520 -0.94187870 0.00000000
0.07151230 0.82685360 -0.10328870 1.00000000

0.95152680 0.25524420 0.17160190 0.00000000
0.19432470 -0.93138360 0.30783520 0.00000000
0.23840030 -0.25956690 -0.93583670 0.00000000
0.20198660 0.42596370 -0.23047210 1.00000000

0.99131670 0.06239250 -0.11575170 0.00000000
0.06208395 -0.99805110 -0.00627272 0.00000000
-0.11591740 -0.00096807 -0.99325840 0.00000000
0.26396870 0.12888800 -0.13228440 1.00000000

0.99116550 0.06281476 -0.11681330 0.00000000
0.06721096 -0.99715650 0.03408007 0.00000000
-0.11434050 -0.04163017 -0.99256900 0.00000000
0.25455430 0.02476805 -0.26903360 1.00000000

0.54326450 -0.27243530 -0.79413010 0.00000000
0.34986240 0.93330660 -0.08084051 0.00000000
0.76319060 -0.23391850 0.60234710 0.00000000
-0.07431363 0.82115530 0.11796440 1.00000000

0.54326150 -0.27244320 -0.79412950 0.00000000
-0.19480840 0.87916220 -0.43488340 0.00000000
0.81664960 0.39095850 0.42454070 0.00000000
-0.22837680 0.41017050 0.15356290 1.00000000

0.44281770 -0.10544640 -0.89038950 0.00000000
0.05931018 0.99433030 -0.08825913 0.00000000
0.89464780 -0.01372641 0.44656110 0.00000000
-0.16624050 0.12975100 0.29227440 1.00000000

0.43395800 -0.10512130 -0.89477930 0.00000000
-0.03802880 0.99014710 -0.13476900 0.00000000
0.90013020 0.09251142 0.42568450 0.00000000
-0.29500370 0.02803242 0.24028230 1.00000000

0.56061430 0.02345842 -0.82774470 0.00000000
-0.02715180 0.99958190 0.00993896 0.00000000
0.82763180 0.01690283 0.56101690 0.00000000
0.00242182 0.99151600 0.01417123 1.00000000

0.58480220 -0.00589194 -0.81115460 0.00000000
-0.11292340 0.98964550 -0.08860056 0.00000000
0.80327760 0.14341210 0.57808140 0.00000000
-0.00226266 1.16397300 0.01588599 1.00000000

0.61353920 -0.02604868 -0.78923460 0.00000000
-0.39862310 0.85254960 -0.33802200 0.00000000
0.68166660 0.52199680 0.51268890 0.00000000
-0.01468724 1.35120600 0.00556849 1.00000000

-0.24035060 0.85296710 -0.46333410 0.00000000
0.53861350 -0.27991080 -0.79469840 0.00000000
-0.80754370 -0.44056430 -0.39214270 0.00000000
-0.00787289 1.43667300 -0.07215104 1.00000000

0.09663877 0.57251400 -0.81417970 0.00000000
-0.17756210 -0.79496980 -0.58008160 0.00000000
-0.97935310 0.20062590 0.02483207 0.00000000
0.11272230 1.37400100 -0.25008350 1.00000000

0.07834247 0.53319230 -0.84235880 0.00000000
-0.94241200 -0.23597470 -0.23701400 0.00000000
-0.32514940 0.81241730 0.48399990 0.00000000
0.05963763 1.13633400 -0.42350760 1.00000000

0.09762132 0.70229450 -0.70516120 0.00000000
-0.99253450 0.01665082 -0.12082160 0.00000000
-0.07311097 0.71169160 0.69867720 0.00000000
-0.17707180 1.07706300 -0.48303940 1.00000000

0.07444832 -0.68372140 0.72593550 0.00000000
-0.15944110 0.71043000 0.68546910 0.00000000
-0.98439610 -0.16677600 -0.05612302 0.00000000
-0.31115230 1.13848800 -0.36342820 1.00000000

-0.82173510 0.43435550 -0.36889890 0.00000000
-0.56544350 -0.54094090 0.62262070 0.00000000
0.07088628 0.72022100 0.69011370 0.00000000
-0.31741540 1.12509300 -0.44802330 1.00000000

-0.85948310 -0.30789770 0.40802910 0.00000000
0.50671010 -0.61834170 0.60074830 0.00000000
0.06733230 0.72308530 0.68746900 0.00000000
-0.34849580 1.09536000 -0.41380040 1.00000000

-0.79260490 0.44987510 -0.41156980 0.00000000
-0.60250410 -0.47421500 0.64195720 0.00000000
0.09362793 0.75679090 0.64691670 0.00000000
-0.31572890 1.09448300 -0.48069250 1.00000000

-0.82229980 -0.30653970 0.47943350 0.00000000
0.56157480 -0.57328760 0.59663680 0.00000000
0.09196031 0.75985200 0.64355900 0.00000000
-0.34926640 1.06708700 -0.44373260 1.00000000

-0.83280710 0.32117810 -0.45086240 0.00000000
-0.55330400 -0.50788990 0.66022900 0.00000000
-0.01693740 0.79930770 0.60068350 0.00000000
-0.31248200 1.06085800 -0.50723010 1.00000000

-0.87334070 -0.30433270 0.38033920 0.00000000
0.48681540 -0.51815940 0.70322230 0.00000000
-0.01693740 0.79930770 0.60068350 0.00000000
-0.34239650 1.03339900 -0.47153490 1.00000000

-0.77173230 0.36202680 -0.52284380 0.00000000
-0.63007640 -0.32381370 0.70579620 0.00000000
0.08621316 0.87411740 0.47800210 0.00000000
-0.30848680 1.03234500 -0.52826230 1.00000000

-0.90478710 -0.13226070 0.40480570 0.00000000
0.41766290 -0.46124010 0.78282520 0.00000000
0.08317575 0.87736240 0.47256450 0.00000000
-0.33919140 1.01598000 -0.49274340 1.00000000

0.84523960 0.20237890 0.49458380 0.00000000
-0.28567230 -0.61104990 0.73824770 0.00000000
0.45162110 -0.76528520 -0.45866960 0.00000000
-0.24797750 1.11475200 -0.41130210 1.00000000

-0.04852623 -0.49950800 0.86494920 0.00000000
-0.98487120 -0.12029930 -0.12472720 0.00000000
0.16635500 -0.85791620 -0.48611340 0.00000000
-0.26352100 1.07872000 -0.36648730 1.00000000

0.04073983 0.62238760 -0.78164800 0.00000000
-0.94241200 -0.23597470 -0.23701400 0.00000000
-0.33196390 0.74629040 0.57693210 0.00000000
-0.04839862 1.10928200 -0.45067850 1.00000000

-0.57020040 0.56353060 -0.59774970 0.00000000
-0.17756210 -0.79496980 -0.58008160 0.00000000
-0.80208660 -0.22462510 0.55335400 0.00000000
0.11272230 1.37400100 -0.25008350 1.00000000

-0.36478640 0.60062540 -0.71146320 0.00000000
-0.17756210 -0.79496980 -0.58008160 0.00000000
-0.91400360 -0.08527695 0.39664260 0.00000000
0.07898549 1.22295700 -0.36029900 1.00000000

0.02710560 0.35372480 -0.93495680 0.00000000
0.55047110 -0.78599640 -0.28140950 0.00000000
-0.83441410 -0.50703870 -0.21602000 0.00000000
0.11018790 1.40670300 -0.30945160 1.00000000

-0.31674150 0.35526870 0.87946530 0.00000000
-0.40977000 0.78496320 -0.46467330 0.00000000
-0.85543180 -0.50755970 -0.10305180 0.00000000
-0.08764999 1.50448200 -0.05621050 1.00000000

0.99751230 0.01734936 -0.06832594 0.00000000
-0.03473041 0.96439910 -0.26216060 0.00000000
0.06134504 0.26388140 0.96260240 0.00000000
-0.13732980 1.59964900 -0.11254670 1.00000000

0.99751230 0.01734936 -0.06832594 0.00000000
-0.03473041 0.96439910 -0.26216060 0.00000000
0.06134504 0.26388140 0.96260240 0.00000000
-0.14654120 1.62112100 -0.24157410 1.00000000

0.95602460 -0.29265070 0.01929939 0.00000000
-0.27562130 -0.87400170 0.40019290 0.00000000
-0.10024890 -0.38791360 -0.91622810 0.00000000
-0.09283664 1.61884800 -0.22078710 1.00000000

0.95652970 0.25994170 -0.13221680 0.00000000
-0.29005860 0.89504630 -0.33875970 0.00000000
0.03028235 0.36238430 0.93153660 0.00000000
-0.19795020 1.61514100 -0.21212160 1.00000000

0.99751230 0.01734932 -0.06832603 0.00000000
0.03473041 -0.96439910 0.26216060 0.00000000
-0.06134516 -0.26388140 -0.96260240 0.00000000
-0.10784170 1.63813900 -0.21598830 1.00000000

0.99751230 0.01734936 -0.06832594 0.00000000
-0.03473041 0.96439910 -0.26216060 0.00000000
0.06134504 0.26388140 0.96260240 0.00000000
-0.18195730 1.63684800 -0.21091140 1.00000000

0.97207050 0.15268850 -0.17822890 0.00000000
0.19450930 -0.94908930 0.24778130 0.00000000
-0.13132170 -0.27552790 -0.95228100 0.00000000
-0.12980500 1.63444400 -0.25308850 1.00000000

0.98651060 0.13061440 -0.09867457 0.00000000
-0.15176800 0.95567070 -0.25230920 0.00000000
0.06134504 0.26388140 0.96260240 0.00000000
-0.16170800 1.63536200 -0.25240300 1.00000000

0.99544860 0.03618746 0.08816159 0.00000000
0.03136462 -0.99796670 0.05548832 0.00000000
0.08999035 -0.05247065 -0.99455960 0.00000000
-0.07947154 1.65582800 -0.24187610 1.00000000

0.98624040 0.00543428 -0.16522780 0.00000000
-0.02782829 0.99065480 -0.13352450 0.00000000
0.16295800 0.13628520 0.97717510 0.00000000
-0.21432470 1.65442500 -0.23399260 1.00000000

0.98721530 0.12610710 -0.09748384 0.00000000
0.14724600 -0.95570870 0.25483190 0.00000000
-0.06103000 -0.26592810 -0.96205910 0.00000000
-0.10785620 1.63835300 -0.21614480 1.00000000

0.99505650 -0.09163012 -0.03829440 0.00000000
0.07556729 0.94880060 -0.30670380 0.00000000
0.06443703 0.30229380 0.95103440 0.00000000
-0.18195920 1.63684000 -0.21094180 1.00000000

0.99570530 0.08242242 -0.04216433 0.00000000
-0.09013419 0.96703490 -0.23815840 0.00000000
0.02114454 0.24093600 0.97031060 0.00000000
-0.14019580 1.60574700 -0.15283940 1.00000000

0.94817390 0.31699330 -0.02194643 0.00000000
0.31764550 -0.94380520 0.09128594 0.00000000
0.00822392 -0.09352621 -0.99558290 0.00000000
-0.11567740 1.55457100 -0.24508000 1.00000000

0.99550910 0.08450007 -0.04267594 0.00000000
-0.08896771 0.98916470 -0.11678220 0.00000000
0.03234541 0.12005470 0.99224030 0.00000000
-0.14224870 1.56893600 -0.25298450 1.00000000

0.97856240 -0.16329530 -0.12550110 0.00000000
0.14956750 0.98238610 -0.11201440 0.00000000
0.14158190 0.09084203 0.98574950 0.00000000
-0.16967050 1.55195500 -0.23998820 1.00000000

0.99700860 -0.07702456 -0.00640863 0.00000000
-0.07019595 -0.93707360 0.34200250 0.00000000
-0.03234810 -0.34052960 -0.93967740 0.00000000
-0.09053521 1.56183300 -0.21689650 1.00000000

0.96549420 0.21993880 -0.13945620 0.00000000
-0.25383730 0.91445230 -0.31518790 0.00000000
0.05820379 0.33971120 0.93872700 0.00000000
-0.19911110 1.55534000 -0.20637170 1.00000000

0.99845990 0.05385409 0.01333657 0.00000000
0.04234219 -0.89499710 0.44405820 0.00000000
0.03585070 -0.44280940 -0.89589880 0.00000000
-0.11803680 1.57747900 -0.23888840 1.00000000

0.99603520 0.04609207 -0.07608834 0.00000000
-0.07491635 0.89583710 -0.43802220 0.00000000
0.04797336 0.44198580 0.89573840 0.00000000
-0.14435660 1.57903200 -0.24289540 1.00000000

0.98379910 0.06283896 -0.16790120 0.00000000
-0.13629600 0.87056960 -0.47279150 0.00000000
0.11645990 0.48801610 0.86503030 0.00000000
-0.17149080 1.57719700 -0.23417210 1.00000000

0.99749790 0.01774446 -0.06843337 0.00000000
0.04287769 -0.92147620 0.38606080 0.00000000
-0.05620924 -0.38802920 -0.91993150 0.00000000
-0.12708830 1.60385300 -0.24029810 1.00000000

0.99749790 0.01774446 -0.06843337 0.00000000
-0.04287766 0.92147630 -0.38606080 0.00000000
0.05620921 0.38802910 0.91993160 0.00000000
-0.14693490 1.59458500 -0.25406210 1.00000000

0.99749790 0.01774446 -0.06843337 0.00000000
-0.04287766 0.92147630 -0.38606080 0.00000000
0.05620921 0.38802910 0.91993160 0.00000000
-0.16508680 1.60298600 -0.23763910 1.00000000

0.99751230 0.01734936 -0.06832594 0.00000000
-0.03470509 0.96450840 -0.26176200 0.00000000
0.06135941 0.26348200 0.96271090 0.00000000
-0.14274600 1.68953200 -0.16879300 1.00000000

0.33767290 -0.89796520 0.28219770 0.00000000
0.50443840 -0.08047875 -0.85968910 0.00000000
0.79468180 0.43264500 0.42579250 0.00000000
-0.08553661 1.43996700 0.02775778 1.00000000

-0.15394150 -0.81019190 -0.56558930 0.00000000
0.82512960 0.20948730 -0.52466800 0.00000000
0.54356550 -0.54745270 0.63626430 0.00000000
-0.19848180 1.45799300 0.22023640 1.00000000

-0.06128262 -0.79600510 -0.60217980 0.00000000
0.07532534 -0.60528160 0.79243970 0.00000000
-0.99527420 0.00320333 0.09705266 0.00000000
-0.44517000 1.39536200 0.37709400 1.00000000

0.98343440 0.17460590 0.04868129 0.00000000
0.09953704 -0.74463790 0.66000530 0.00000000
0.15149080 -0.64422610 -0.74968220 0.00000000
-0.46409050 1.54739300 0.17805460 1.00000000

-0.98577850 -0.04264829 -0.16255040 0.00000000
0.15149080 -0.64422610 -0.74968220 0.00000000
-0.07274672 -0.76364540 0.64152500 0.00000000
-0.42876310 1.67534300 0.13526710 1.00000000

0.65761480 -0.56564310 0.49758540 0.00000000
-0.75131030 -0.54104610 0.37789230 0.00000000
0.05546477 -0.62234790 -0.78077320 0.00000000
-0.48346870 1.69376900 0.14026920 1.00000000

-0.39057170 -0.73248240 0.55760540 0.00000000
-0.91863260 0.27081080 -0.28770830 0.00000000
0.05973566 -0.62460480 -0.77865290 0.00000000
-0.44217190 1.72350900 0.11949750 1.00000000

0.68222260 -0.52795650 0.50580110 0.00000000
-0.72298790 -0.59018140 0.35913040 0.00000000
0.10890910 -0.61069470 -0.78434120 0.00000000
-0.47854400 1.66596700 0.10548600 1.00000000

-0.55892090 -0.69104620 0.45832670 0.00000000
-0.82140700 0.38569440 -0.42015600 0.00000000
0.11357340 -0.61130620 -0.78320250 0.00000000
-0.43674140 1.69908100 0.08555463 1.00000000

0.61077090 -0.51658790 0.60008010 0.00000000
-0.77607800 -0.54087020 0.32428820 0.00000000
0.15704230 -0.66377450 -0.73126020 0.00000000
-0.46750800 1.63882400 0.07407099 1.00000000

-0.56759190 -0.66660620 0.48319390 0.00000000
-0.80819420 0.33917530 -0.48143830 0.00000000
0.15704230 -0.66377460 -0.73126020 0.00000000
-0.42554960 1.66806600 0.05653851 1.00000000

0.51799570 -0.51660390 0.68176320 0.00000000
-0.80889940 -0.55500570 0.19403850 0.00000000
0.27814150 -0.65198870 -0.70537100 0.00000000
-0.45725150 1.61552100 0.04911052 1.00000000

-0.61833510 -0.68399380 0.38705900 0.00000000
-0.73287040 0.32395820 -0.59829120 0.00000000
0.28383670 -0.65360830 -0.70159340 0.00000000
-0.41663050 1.64271600 0.04002804 1.00000000

0.05658031 -0.03809670 -0.99767140 0.00000000
-0.93499910 -0.35243690 -0.03956786 0.00000000
-0.35010870 0.93506010 -0.05556158 0.00000000
-0.45254200 1.64914300 0.20227950 1.00000000

-0.79993190 -0.30002730 -0.51970500 0.00000000
-0.52846990 -0.05809711 0.84696240 0.00000000
-0.28430510 0.95216000 -0.11208170 0.00000000
-0.39696820 1.67019400 0.20636610 1.00000000

0.77560210 -0.46390150 -0.42806220 0.00000000
0.07532534 -0.60528160 0.79243970 0.00000000
-0.62671200 -0.64686170 -0.43451400 0.00000000
-0.45380670 1.46475100 0.28624610 1.00000000

0.47775390 -0.79173450 0.38066770 0.00000000
0.80894360 0.22750440 -0.54208150 0.00000000
0.34258100 0.56692010 0.74915950 0.00000000
-0.19848200 1.45799400 0.22023640 1.00000000

0.30866230 -0.94500860 0.10810470 0.00000000
0.82512960 0.20948730 -0.52466800 0.00000000
0.47316910 0.25114550 0.84441520 0.00000000
-0.35525690 1.41818900 0.31992200 1.00000000

0.72830430 -0.62534870 -0.28019990 0.00000000
0.15593870 0.54941770 -0.82086760 0.00000000
0.66727510 0.55414720 0.49765920 0.00000000
-0.21003370 1.49722500 0.19533880 1.00000000

0.99456980 -0.10407210 -0.00000107 0.00000000
0.10407210 0.99456980 -0.00001671 0.00000000
0.00000274 0.00001650 1.00000000 0.00000000
-0.13473100 0.89731680 0.11901680 1.00000000

1.00000000 0.00000000 0.00000000 0.00000000
0.00000000 1.00000000 0.00000000 0.00000000
0.00000000 0.00000000 1.00000000 0.00000000
0.00000000 0.00000000 0.00000000 1.00000000

1.00000000 0.00000000 0.00000000 0.00000000
0.00000000 1.00000000 0.00000000 0.00000000
0.00000000 0.00000000 1.00000000 0.00000000
0.00000000 0.00000000 0.00000000 1.00000000

0.55552580 0.02664148 -0.83107240 0.00000000
-0.03164827 0.99943980 0.01088369 0.00000000
0.83089690 0.02025583 0.55605770 0.00000000
0.00242760 0.85474520 0.00714150 1.00000000

0.95247390 0.25276890 0.17000470 0.00000000
0.29330740 -0.91167540 -0.28778330 0.00000000
0.08224618 0.32396970 -0.94248590 0.00000000
0.07256196 0.82710850 -0.10632530 1.00000000

0.95247390 0.25276890 0.17000470 0.00000000
0.19007350 -0.92926760 0.31675590 0.00000000
0.23804560 -0.26938830 -0.93314770 0.00000000
0.20172110 0.42564840 -0.23305190 1.00000000

0.99129160 0.06255278 -0.11588020 0.00000000
0.06219621 -0.99804160 -0.00669444 0.00000000
-0.11607220 -0.00057115 -0.99324090 0.00000000
0.26234730 0.12924760 -0.13201890 1.00000000

0.99113020 0.06373179 -0.11661620 0.00000000
0.06822718 -0.99705710 0.03496698 0.00000000
-0.11404460 -0.04261324 -0.99256170 0.00000000
0.25292340 0.02518320 -0.26880950 1.00000000

0.54408900 -0.27635530 -0.79220900 0.00000000
0.34820390 0.93342220 -0.08646992 0.00000000
0.76336180 -0.22880290 0.60409270 0.00000000
-0.07467926 0.82004680 0.11394900 1.00000000

0.54408600 -0.27636310 -0.79220830 0.00000000
-0.19644500 0.87599180 -0.44050880 0.00000000
0.81570820 0.39529990 0.42232470 0.00000000
-0.22801210 0.40901100 0.15202640 1.00000000

0.43996510 -0.10941240 -0.89132470 0.00000000
0.05714293 0.99394950 -0.09380367 0.00000000
0.89619500 -0.00966255 0.44355520 0.00000000
-0.16535380 0.12960280 0.29253220 1.00000000

0.43115810 -0.10800950 -0.89578840 0.00000000
-0.04021285 0.98952230 -0.13866660 0.00000000
0.90137990 0.09580937 0.42229700 0.00000000
-0.29410320 0.02736706 0.24152960 1.00000000

0.56521730 0.02327927 -0.82461350 0.00000000
-0.03618796 0.99933920 0.00340744 0.00000000
0.82414790 0.02791513 0.56568620 0.00000000
0.00066026 0.99113640 0.01033239 1.00000000

0.58924550 -0.00803601 -0.80791410 0.00000000
-0.11939820 0.98810540 -0.09691036 0.00000000
0.79908310 0.15356740 0.58127730 0.00000000
-0.00558322 1.16355200 0.01092027 1.00000000

0.61797920 -0.03013444 -0.78561670 0.00000000
-0.40102250 0.84741240 -0.34795580 0.00000000
0.67622690 0.53007940 0.51159860 0.00000000
-0.01926829 1.35060700 -0.00092139 1.00000000

-0.24206950 0.84748840 -0.47240420 0.00000000
0.54435510 -0.28441100 -0.78916910 0.00000000
-0.80316860 -0.44818960 -0.39248730 0.00000000
-0.01245547 1.43539500 -0.07937998 1.00000000

0.09673402 0.56385220 -0.82019100 0.00000000
-0.16339230 -0.80387970 -0.57190940 0.00000000
-0.98180710 0.18933610 0.01436669 0.00000000
0.10942530 1.37171600 -0.25607450 1.00000000

0.07913539 0.52398360 -0.84804420 0.00000000
-0.93429450 -0.25765960 -0.24638470 0.00000000
-0.34760830 0.81182080 0.46916500 0.00000000
0.06057689 1.13138500 -0.42705530 1.00000000

0.09322381 0.69515240 -0.71279180 0.00000000
-0.99095360 -0.00463719 -0.13412610 0.00000000
-0.09654339 0.71884730 0.68843140 0.00000000
-0.17409360 1.06666800 -0.48894080 1.00000000

0.07815039 -0.67289710 0.73559650 0.00000000
-0.18264630 0.71570080 0.67410150 0.00000000
-0.98006760 -0.18703540 -0.06696993 0.00000000
-0.31095850 1.12691400 -0.37191180 1.00000000

-0.82510830 0.41322430 -0.38528200 0.00000000
-0.56298640 -0.54419790 0.62200890 0.00000000
0.04735947 0.73013320 0.68166180 0.00000000
-0.31581660 1.11233200 -0.45640280 1.00000000

-0.85865320 -0.31977900 0.40056990 0.00000000
0.51068350 -0.60050800 0.61529890 0.00000000
0.04378578 0.73289280 0.67893380 0.00000000
-0.34676180 1.08241900 -0.42221350 1.00000000

-0.79571810 0.42878150 -0.42776060 0.00000000
-0.60161360 -0.47798460 0.63999330 0.00000000
0.06995451 0.76660110 0.63830180 0.00000000
-0.31308650 1.08135200 -0.48865010 1.00000000

-0.82246860 -0.31678070 0.47243570 0.00000000
0.56469860 -0.55442560 0.61133280 0.00000000
0.06827211 0.76958570 0.63488330 0.00000000
-0.34657140 1.05376200 -0.45178700 1.00000000

-0.83283950 0.29882440 -0.46592080 0.00000000
-0.55200900 -0.51044020 0.65934590 0.00000000
-0.04079618 0.80632180 0.59006860 0.00000000
-0.30881980 1.04746700 -0.51470760 1.00000000

-0.87220420 -0.31684000 0.37265580 0.00000000
0.48743750 -0.49945730 0.71620300 0.00000000
-0.04079618 0.80632180 0.59006860 0.00000000
-0.33866410 1.01987000 -0.47906000 1.00000000

-0.77161960 0.33997000 -0.53760900 0.00000000
-0.63300630 -0.32736920 0.70152150 0.00000000
0.06249987 0.88161770 0.46780790 0.00000000
-0.30397970 1.01877600 -0.53531640 1.00000000

-0.90736760 -0.14513320 0.39448780 0.00000000
0.41610970 -0.44292710 0.79414630 0.00000000
0.05947228 0.88473280 0.46228910 0.00000000
-0.33483050 1.00225200 -0.49999840 1.00000000

0.83434550 0.22538600 0.50305960 0.00000000
-0.28346760 -0.60725980 0.74221420 0.00000000
0.47277240 -0.76186420 -0.44277480 0.00000000
-0.24668880 1.10383900 -0.41863750 1.00000000

-0.05029657 -0.48943030 0.87059110 0.00000000
-0.98053650 -0.14144590 -0.13616690 0.00000000
0.18978560 -0.86049510 -0.47278990 0.00000000
-0.26211980 1.06807200 -0.37357190 1.00000000

0.03896567 0.61317100 -0.78898850 0.00000000
-0.93429450 -0.25765960 -0.24638470 0.00000000
-0.35436640 0.74674820 0.56284240 0.00000000
-0.04652877 1.10184800 -0.45530050 1.00000000

-0.56665130 0.55100980 -0.61261270 0.00000000
-0.16339230 -0.80387970 -0.57190940 0.00000000
-0.80759450 -0.22397720 0.54555040 0.00000000
0.10942530 1.37171600 -0.25607450 1.00000000

-0.36261430 0.58805720 -0.72297960 0.00000000
-0.16339230 -0.80387970 -0.57190940 0.00000000
-0.91750400 -0.08925325 0.38758240 0.00000000
0.07838078 1.21897900 -0.36473720 1.00000000

0.03046149 0.34532980 -0.93798690 0.00000000
0.55592920 -0.78573590 -0.27122290 0.00000000
-0.83067130 -0.51319240 -0.21591350 0.00000000
0.10729900 1.40375900 -0.31644990 1.00000000

-0.32511640 0.36008250 0.87443700 0.00000000
-0.41096650 0.77899340 -0.47357760 0.00000000
-0.85170780 -0.51333220 -0.10528170 0.00000000
-0.09265682 1.50294300 -0.06449328 1.00000000

0.99776030 0.02976998 -0.05990767 0.00000000
-0.04430840 0.96501870 -0.25841000 0.00000000
0.05011907 0.26048560 0.96417620 0.00000000
-0.14248180 1.59738700 -0.12190910 1.00000000

0.99776030 0.02976998 -0.05990767 0.00000000
-0.04430840 0.96501870 -0.25841000 0.00000000
0.05011907 0.26048560 0.96417620 0.00000000
-0.15088150 1.61929600 -0.25091820 1.00000000

0.95932910 -0.28108390 0.02607146 0.00000000
-0.26825930 -0.87899350 0.39421840 0.00000000
-0.08789173 -0.38517910 -0.91864740 0.00000000
-0.09732781 1.61758800 -0.22969240 1.00000000

0.95435480 0.27211730 -0.12312500 0.00000000
-0.29812620 0.89289460 -0.33743100 0.00000000
0.01811662 0.35873560 0.93326350 0.00000000
-0.20245680 1.61256600 -0.22192180 1.00000000

0.99776020 0.02976993 -0.05990770 0.00000000
0.04430840 -0.96501870 0.25841000 0.00000000
-0.05011925 -0.26048570 -0.96417620 0.00000000
-0.11260640 1.63667400 -0.22493870 1.00000000

0.99776030 0.02976998 -0.05990767 0.00000000
-0.04430840 0.96501870 -0.25841000 0.00000000
0.05011907 0.26048560 0.96417620 0.00000000
-0.18674040 1.63446100 -0.22048730 1.00000000

0.97158420 0.16525880 -0.16945310 0.00000000
0.20400270 -0.94770580 0.24543150 0.00000000
-0.12003190 -0.27302630 -0.95448890 0.00000000
-0.13421390 1.63287200 -0.26223640 1.00000000

0.98563080 0.14302170 -0.08987379 0.00000000
-0.16130870 0.95482590 -0.24957440 0.00000000
0.05011907 0.26048560 0.96417620 0.00000000
-0.16613030 1.63339800 -0.26181380 1.00000000

0.99416630 0.04791156 0.09663451 0.00000000
0.04307023 -0.99773990 0.05157831 0.00000000
0.09888732 -0.04711546 -0.99398290 0.00000000
-0.08423987 1.65481800 -0.25051420 1.00000000

0.98744030 0.01813348 -0.15694940 0.00000000
-0.03879640 0.99080550 -0.12961200 0.00000000
0.15315570 0.13407330 0.97906480 0.00000000
-0.21912680 1.65174100 -0.24376470 1.00000000

0.98638030 0.13851820 -0.08869600 0.00000000
0.15676680 -0.95492960 0.25205900 0.00000000
-0.04978359 -0.26253070 -0.96363870 0.00000000
-0.11262220 1.63688900 -0.22509440 1.00000000

0.99638400 -0.07935889 -0.03035352 0.00000000
0.06653776 0.95095340 -0.30209390 0.00000000
0.05283844 0.29898200 0.95279500 0.00000000
-0.18674190 1.63445300 -0.22051770 1.00000000

0.99494220 0.09470363 -0.03349045 0.00000000
-0.09993777 0.96687800 -0.23486120 0.00000000
0.01013884 0.23702030 0.97145180 0.00000000
-0.14508680 1.60362100 -0.16219850 1.00000000

0.94438760 0.32859050 -0.01269096 0.00000000
0.32836190 -0.94025500 0.08999510 0.00000000
0.01763898 -0.08915757 -0.99586160 0.00000000
-0.11918030 1.55314200 -0.25444390 1.00000000

0.99472520 0.09678094 -0.03399485 0.00000000
-0.10005030 0.98850050 -0.11338820 0.00000000
0.02263010 0.11619140 0.99296910 0.00000000
-0.14585820 1.56721700 -0.26251020 1.00000000

0.98149040 -0.15084550 -0.11799370 0.00000000
0.13850210 0.98460260 -0.10665380 0.00000000
0.13226500 0.08833730 0.98727020 0.00000000
-0.17317800 1.54984900 -0.24981480 1.00000000

0.99789270 -0.06486737 0.00160828 0.00000000
-0.06160346 -0.93931310 0.33748510 0.00000000
-0.02038094 -0.33687300 -0.94132980 0.00000000
-0.09436367 1.56058900 -0.22602100 1.00000000

0.96386620 0.23225770 -0.13045600 0.00000000
-0.26234160 0.91263880 -0.31347630 0.00000000
0.04625192 0.33637320 0.94059240 0.00000000
-0.20293610 1.55273200 -0.21643180 1.00000000

0.99758350 0.06593360 0.02191186 0.00000000
0.04956098 -0.89630840 0.44065320 0.00000000
0.04869366 -0.43850240 -0.89741020 0.00000000
-0.12187030 1.57599400 -0.24817660 1.00000000

0.99599730 0.05852555 -0.06756207 0.00000000
-0.08219205 0.89672650 -0.43488650 0.00000000
0.03513256 0.43869880 0.89794730 0.00000000
-0.14817290 1.57724400 -0.25239690 1.00000000

0.98432140 0.07551513 -0.15940330 0.00000000
-0.14296790 0.87086360 -0.47027330 0.00000000
0.10330580 0.48568960 0.86800570 0.00000000
-0.17535420 1.57504100 -0.24390870 1.00000000

0.99774180 0.03016525 -0.06001353 0.00000000
0.05090147 -0.92253060 0.38255240 0.00000000
-0.04382446 -0.38474330 -0.92198280 0.00000000
-0.13123070 1.60226100 -0.24955170 1.00000000

0.99774180 0.03016525 -0.06001353 0.00000000
-0.05090149 0.92253070 -0.38255230 0.00000000
0.04382440 0.38474330 0.92198290 0.00000000
-0.15084770 1.59281200 -0.26351980 1.00000000

0.99774180 0.03016525 -0.06001353 0.00000000
-0.05090149 0.92253070 -0.38255230 0.00000000
0.04382440 0.38474330 0.92198290 0.00000000
-0.16923660 1.60092100 -0.24721420 1.00000000

0.99776030 0.02976998 -0.05990767 0.00000000
-0.04428766 0.96512660 -0.25801070 0.00000000
0.05013743 0.26008610 0.96428310 0.00000000
-0.14852590 1.68743700 -0.17782260 1.00000000

0.34071600 -0.89413270 0.29058490 0.00000000
0.50919700 -0.08432429 -0.85650930 0.00000000
0.79033620 0.43979130 0.42655890 0.00000000
-0.09068123 1.43920600 0.02007089 1.00000000

-0.11909190 -0.82575240 -0.55131700 0.00000000
0.83118690 0.22080670 -0.51026770 0.00000000
0.54308900 -0.51901610 0.66005810 0.00000000
-0.20469190 1.45809400 0.21183750 1.00000000

-0.02743654 -0.81012610 -0.58561350 0.00000000
0.10434430 -0.58495480 0.80432620 0.00000000
-0.99416280 -0.03903745 0.10058120 0.00000000
-0.45319100 1.39207800 0.36438990 1.00000000

0.97891190 0.19544080 0.05945465 0.00000000
0.10592650 -0.73447510 0.67031810 0.00000000
0.17467550 -0.64988430 -0.73968860 0.00000000
