MeshAnim
1
34
79
30
0.54357840 0.01686242 -0.83918910 0.00000000
-0.00670477 0.99985350 0.01574779 0.00000000
0.83933160 -0.00293359 0.54361180 0.00000000
0.00000000 0.85533960 0.01297015 1.00000000

0.94970310 0.25868360 0.17648480 0.00000000
0.30115420 -0.90896240 -0.28825970 0.00000000
0.08584997 0.32691020 -0.94114800 0.00000000
0.06773052 0.82651880 -0.10165650 1.00000000

0.94970310 0.25868360 0.17648480 0.00000000
0.19827630 -0.93294470 0.30050100 0.00000000
0.24238510 -0.25039400 -0.93731120 0.00000000
0.20034500 0.42625340 -0.22859290 1.00000000

0.99132820 0.06231819 -0.11569320 0.00000000
0.06203496 -0.99805570 -0.00605075 0.00000000
-0.11584530 -0.00117874 -0.99326670 0.00000000
0.26358760 0.12867970 -0.13274450 1.00000000

0.99116870 0.06228919 -0.11706690 0.00000000
0.06660175 -0.99722430 0.03329104 0.00000000
-0.11466830 -0.04079388 -0.99256600 0.00000000
0.25417800 0.02453059 -0.26947160 1.00000000

0.54395290 -0.26823350 -0.79508870 0.00000000
0.34934800 0.93390080 -0.07606021 0.00000000
0.76293580 -0.23638950 0.60170500 0.00000000
-0.07634407 0.82204900 0.12076910 1.00000000

0.54395000 -0.26824140 -0.79508810 0.00000000
-0.19547480 0.88095320 -0.43094180 0.00000000
0.81603180 0.38983060 0.42676000 0.00000000
-0.23018070 0.41080250 0.15426250 1.00000000

0.44429870 -0.10249550 -0.88999630 0.00000000
0.05992621 0.99460900 -0.08462716 0.00000000
0.89387220 -0.01573431 0.44804570 0.00000000
-0.16783180 0.12981170 0.29171680 1.00000000

0.43528000 -0.10270190 -0.89441800 0.00000000
-0.03788704 0.99050230 -0.13217300 0.00000000
0.89949750 0.09141907 0.42725480 0.00000000
-0.29655300 0.02833927 0.23914290 1.00000000

0.55469830 0.02354578 -0.83171840 0.00000000
-0.01680209 0.99971260 0.01709583 0.00000000
0.83188190 0.00449158 0.55493460 0.00000000
0.00166097 0.99171610 0.01678634 1.00000000

0.57899800 -0.00453269 -0.81531650 0.00000000
-0.10462140 0.99130460 -0.07980809 0.00000000
0.80858880 0.13150820 0.57348920 0.00000000
-0.00123788 1.16419600 0.01973587 1.00000000

0.60774800 -0.02344477 -0.79378370 0.00000000
-0.39446390 0.85861750 -0.32737480 0.00000000
0.68923180 0.51208040 0.51257500 0.00000000
-0.01204698 1.35161000 0.01101786 1.00000000

-0.23707940 0.85898690 -0.45380050 0.00000000
0.53084700 -0.27667070 -0.80103350 0.00000000
-0.81363060 -0.43080720 -0.39039770 0.00000000
-0.00512693 1.43773400 -0.06596408 1.00000000

0.09717911 0.58123860 -0.80790970 0.00000000
-0.19625590 -0.78462220 -0.58809150 0.00000000
-0.97572540 0.21570720 0.03782254 0.00000000
0.11372940 1.37578700 -0.24531500 1.00000000

0.07796535 0.54257210 -0.83638320 0.00000000
-0.95200400 -0.20855730 -0.22403680 0.00000000
-0.29598980 0.81370700 0.50027070 0.00000000
0.05505598 1.14121400 -0.42113380 1.00000000

0.10388150 0.70922120 -0.69729030 0.00000000
-0.99365620 0.04364075 -0.10364620 0.00000000
-0.04307780 0.70363370 0.70925560 0.00000000
-0.18406280 1.08883000 -0.47740600 1.00000000

0.06893232 -0.69533400 0.71537330 0.00000000
-0.12962050 0.70475790 0.69750620 0.00000000
-0.98916470 -0.14080790 -0.04154909 0.00000000
-0.31450030 1.15200300 -0.35471700 1.00000000

-0.81632450 0.46022780 -0.34900480 0.00000000
-0.56870690 -0.53485830 0.62489940 0.00000000
0.10092810 0.70860210 0.69835260 0.00000000
-0.32251850 1.13993900 -0.43936420 1.00000000

-0.86019110 -0.29145210 0.41848150 0.00000000
0.50058280 -0.63928990 0.58371680 0.00000000
0.09740543 0.71159260 0.69580760 0.00000000
-0.35377810 1.11054000 -0.40501590 1.00000000

-0.78752120 0.47558520 -0.39195540 0.00000000
-0.60370860 -0.46748070 0.64575340 0.00000000
0.12387920 0.74517140 0.65526600 0.00000000
-0.32216670 1.10974800 -0.47246290 1.00000000

-0.82179780 -0.29202730 0.48925300 0.00000000
0.55651320 -0.59559830 0.57927170 0.00000000
0.12223510 0.74832000 0.65197830 0.00000000
-0.35577660 1.08271100 -0.43530540 1.00000000

-0.83167510 0.34850950 -0.43227030 0.00000000
-0.55509380 -0.50264890 0.66273300 0.00000000
0.01368859 0.79112890 0.61149620 0.00000000
-0.32023080 1.07642100 -0.49949840 1.00000000

-0.87441280 -0.28715360 0.39108180 0.00000000
0.48498930 -0.54005340 0.68784260 0.00000000
0.01368859 0.79112890 0.61149620 0.00000000
-0.35024180 1.04924500 -0.46366760 1.00000000

-0.77077960 0.38877380 -0.50473120 0.00000000
-0.62632850 -0.31731850 0.71205450 0.00000000
0.11666770 0.86496450 0.48808280 0.00000000
-0.31732280 1.04810800 -0.52097410 1.00000000

-0.90100460 -0.11468830 0.41837480 0.00000000
0.41866490 -0.48248980 0.76936570 0.00000000
0.11362440 0.86836060 0.48274140 0.00000000
-0.34784100 1.03204400 -0.48515830 1.00000000

0.85831480 0.17390750 0.48275490 0.00000000
-0.28894140 -0.61367120 0.73479310 0.00000000
0.42403860 -0.77017150 -0.47647380 0.00000000
-0.25276620 1.12732400 -0.40397360 1.00000000

-0.04691818 -0.50997420 0.85890950 0.00000000
-0.98958860 -0.09339347 -0.10950890 0.00000000
0.13606310 -0.85510480 -0.50028290 0.00000000
-0.26848160 1.09108600 -0.35938510 1.00000000

0.04369137 0.63185360 -0.77385540 0.00000000
-0.95200400 -0.20855730 -0.22403680 0.00000000
-0.30295150 0.74650180 0.59241500 0.00000000
-0.05407998 1.11730500 -0.44681700 1.00000000

-0.57355770 0.57830870 -0.58016430 0.00000000
-0.19625590 -0.78462220 -0.58809150 0.00000000
-0.79530820 -0.22344380 0.56352270 0.00000000
0.11372940 1.37578700 -0.24531500 1.00000000

-0.36653540 0.61497990 -0.69817750 0.00000000
-0.19625590 -0.78462220 -0.58809150 0.00000000
-0.90946990 -0.07853489 0.40828510 0.00000000
0.07644072 1.22670900 -0.35705230 1.00000000

0.02322361 0.36208670 -0.93185520 0.00000000
0.54244970 -0.78752740 -0.29248720 0.00000000
-0.83976720 -0.49869190 -0.21470290 0.00000000
0.11073900 1.40916800 -0.30350520 1.00000000

-0.30561000 0.35124450 0.88500280 0.00000000
-0.40715800 0.79199690 -0.45493210 0.00000000
-0.86071190 -0.49936780 -0.09903017 0.00000000
-0.08426900 1.50599600 -0.04883765 1.00000000

0.99681810 0.00384956 -0.07961783 0.00000000
-0.02472487 0.96450010 -0.26292230 0.00000000
0.07577935 0.26405430 0.96152650 0.00000000
-0.13363220 1.60201600 -0.10399290 1.00000000

0.99681810 0.00384956 -0.07961783 0.00000000
-0.02472487 0.96450010 -0.26292230 0.00000000
0.07577935 0.26405430 0.96152650 0.00000000
-0.14401390 1.62347200 -0.23293390 1.00000000

0.95216020 -0.30547060 0.00884721 0.00000000
-0.28280100 -0.86978730 0.40434390 0.00000000
-0.11582000 -0.38750230 -0.91456470 0.00000000
-0.09011288 1.62050000 -0.21275250 1.00000000

0.95838080 0.24690360 -0.14333600 0.00000000
-0.28181310 0.89850870 -0.33654620 0.00000000
0.04569429 0.36293330 0.93069410 0.00000000
-0.19516200 1.61821700 -0.20289490 1.00000000

0.99681810 0.00384962 -0.07961792 0.00000000
0.02472487 -0.96450010 0.26292230 0.00000000
-0.07577944 -0.26405430 -0.96152650 0.00000000
-0.10480190 1.63999500 -0.20780780 1.00000000

0.99681810 0.00384956 -0.07961783 0.00000000
-0.02472487 0.96450010 -0.26292230 0.00000000
0.07577935 0.26405430 0.96152650 0.00000000
-0.17886590 1.63970800 -0.20189190 1.00000000

0.97195610 0.13940210 -0.18939050 0.00000000
0.18452210 -0.95135750 0.24671920 0.00000000
-0.14578490 -0.27474700 -0.95040050 0.00000000
-0.12723150 1.63655700 -0.24465290 1.00000000

0.98699770 0.11722020 -0.10997780 0.00000000
-0.14175030 0.95735820 -0.25173800 0.00000000
0.07577935 0.26405430 0.96152650 0.00000000
-0.15910940 1.63790500 -0.24360790 1.00000000

0.99677930 0.02287994 0.07686001 0.00000000
0.01856889 -0.99823890 0.05634213 0.00000000
0.07801372 -0.05473354 -0.99544890 0.00000000
-0.07649132 1.65727400 -0.23403610 1.00000000

0.98429110 -0.00801566 -0.17637150 0.00000000
-0.01601473 0.99079700 -0.13440440 0.00000000
0.17582560 0.13511760 0.97510450 0.00000000
-0.21125330 1.65769400 -0.22462710 1.00000000

0.98765510 0.11270500 -0.10878960 0.00000000
0.13725710 -0.95733280 0.25431170 0.00000000
-0.07548568 -0.26610450 -0.96098420 0.00000000
-0.10481520 1.64021000 -0.20796440 1.00000000

0.99323740 -0.10505500 -0.04942825 0.00000000
0.08484188 0.94737120 -0.30869040 0.00000000
0.07925633 0.30240920 0.94987760 0.00000000
-0.17886830 1.63970000 -0.20192230 1.00000000

0.99618240 0.06896880 -0.05351654 0.00000000
-0.07981287 0.96790690 -0.23829860 0.00000000
0.03536385 0.24166020 0.96971640 0.00000000
-0.13687180 1.60810900 -0.14425800 1.00000000

0.95204140 0.30417940 -0.03304762 0.00000000
0.30593910 -0.94789740 0.08883580 0.00000000
-0.00430381 -0.09468597 -0.99549810 0.00000000
-0.11408940 1.55650900 -0.23670760 1.00000000

0.99600850 0.07104841 -0.05402839 0.00000000
-0.07697535 0.99014790 -0.11697040 0.00000000
0.04518557 0.12066240 0.99166480 0.00000000
-0.14055280 1.57122300 -0.24432860 1.00000000

0.97479500 -0.17658430 -0.13635580 0.00000000
0.16148600 0.98016440 -0.11489080 0.00000000
0.15393900 0.08997548 0.98397530 0.00000000
-0.16805170 1.55462600 -0.23100270 1.00000000

0.99574630 -0.09044319 -0.01758432 0.00000000
-0.07891422 -0.93568020 0.34391190 0.00000000
-0.04755789 -0.34106140 -0.93883750 0.00000000
-0.08853438 1.56346200 -0.20881900 1.00000000

0.96672400 0.20677600 -0.15062760 0.00000000
-0.24506970 0.91745050 -0.31340890 0.00000000
0.07338783 0.33989410 0.93759610 0.00000000
-0.19706170 1.55844300 -0.19705960 1.00000000

0.99918070 0.04042499 0.00198457 0.00000000
0.03532740 -0.89501360 0.44463770 0.00000000
0.01975054 -0.44420330 -0.89570850 0.00000000
-0.11607030 1.57945400 -0.23051760 1.00000000

0.99564000 0.03260142 -0.08739802 0.00000000
-0.06781705 0.89629850 -0.43823500 0.00000000
0.06404763 0.44225140 0.89460170 0.00000000
-0.14241050 1.58135700 -0.23422860 1.00000000

0.98259150 0.04941378 -0.17908700 0.00000000
-0.12992050 0.87182250 -0.47227760 0.00000000
0.13279500 0.48732310 0.86306550 0.00000000
-0.16946640 1.57989600 -0.22519710 1.00000000

0.99680790 0.00424473 -0.07972565 0.00000000
0.03485042 -0.92155930 0.38667040 0.00000000
-0.07183069 -0.38821460 -0.91876550 0.00000000
-0.12478170 1.60594600 -0.23185690 1.00000000

0.99680790 0.00424473 -0.07972565 0.00000000
-0.03485042 0.92155930 -0.38667030 0.00000000
0.07183066 0.38821450 0.91876550 0.00000000
-0.14490570 1.59693100 -0.24538450 1.00000000

0.99680790 0.00424473 -0.07972565 0.00000000
-0.03485042 0.92155930 -0.38667030 0.00000000
0.07183066 0.38821450 0.91876550 0.00000000
-0.16275590 1.60559300 -0.22876750 1.00000000

0.99681810 0.00384956 -0.07961783 0.00000000
-0.02469353 0.96460940 -0.26252410 0.00000000
0.07578942 0.26365480 0.96163520 0.00000000
-0.13847550 1.69190400 -0.16028350 1.00000000

0.33323190 -0.90262570 0.27243940 0.00000000
0.49741150 -0.07716917 -0.86407560 0.00000000
0.80096090 0.42345200 0.42326120 0.00000000
-0.08205758 1.44069800 0.03452054 1.00000000

-0.19743990 -0.78915020 -0.58160060 0.00000000
0.81738450 0.19500910 -0.54208300 0.00000000
0.54120240 -0.58242010 0.60653670 0.00000000
-0.19342950 1.45798300 0.22798130 1.00000000

-0.10371930 -0.77691270 -0.62100630 0.00000000
0.03931174 -0.62708810 0.77795580 0.00000000
-0.99382940 0.05627605 0.09558284 0.00000000
-0.43780220 1.39968000 0.39004540 1.00000000

0.98834110 0.14839640 0.03406236 0.00000000
0.09111148 -0.75568490 0.64856690 0.00000000
0.12198530 -0.63790180 -0.76039520 0.00000000
-0.44767700 1.55718900 0.19464400 1.00000000

-0.98914740 -0.01491867 -0.14616720 0.00000000
0.12198530 -0.63790180 -0.76039520 0.00000000
-0.08189638 -0.76997320 0.63279900 0.00000000
-0.40974100 1.68473900 0.15290720 1.00000000

0.65087010 -0.58906810 0.47892280 0.00000000
-0.75874190 -0.52637400 0.38372000 0.00000000
0.02605519 -0.61313060 -0.78955170 0.00000000
-0.46385450 1.70450800 0.15908270 1.00000000

-0.40016290 -0.72946970 0.55474650 0.00000000
-0.91594310 0.29833280 -0.26841400 0.00000000
0.03030083 -0.61552530 -0.78753440 0.00000000
-0.42214920 1.73344100 0.13799080 1.00000000

0.67658910 -0.55214480 0.48719980 0.00000000
-0.73203300 -0.57597270 0.36384520 0.00000000
0.07971850 -0.60282000 -0.79388490 0.00000000
-0.46024300 1.67705200 0.12386540 1.00000000

-0.56901530 -0.68236680 0.45890890 0.00000000
-0.81798620 0.41241030 -0.40101950 0.00000000
0.08438355 -0.60356720 -0.79283430 0.00000000
-0.41792990 1.70933500 0.10364830 1.00000000

0.60705270 -0.54018380 0.58282820 0.00000000
-0.78439380 -0.52484270 0.33055520 0.00000000
0.12733270 -0.65783100 -0.74232390 0.00000000
-0.45044960 1.65005300 0.09191940 1.00000000

-0.57662560 -0.65804320 0.48423360 0.00000000
-0.80702510 0.36638420 -0.46311260 0.00000000
0.12733270 -0.65783100 -0.74232390 0.00000000
-0.40804170 1.67842900 0.07404808 1.00000000

0.51569390 -0.53888240 0.66608220 0.00000000
-0.81975670 -0.53638830 0.20071610 0.00000000
0.24911630 -0.64953330 -0.71836470 0.00000000
-0.44122650 1.62682600 0.06648908 1.00000000

-0.62941370 -0.67282920 0.38876670 0.00000000
-0.73409840 0.35077650 -0.58142550 0.00000000
0.25482960 -0.65135000 -0.71470620 0.00000000
-0.40006680 1.65307800 0.05706233 1.00000000

0.03879875 -0.02626982 -0.99890180 0.00000000
-0.94442450 -0.32752840 -0.02806917 0.00000000
-0.32643140 0.94447620 -0.03751761 0.00000000
-0.43306760 1.65827400 0.21997470 1.00000000

-0.81611760 -0.27225180 -0.50973640 0.00000000
-0.51550630 -0.05564766 0.85507720 0.00000000
-0.26116200 0.96061580 -0.09493251 0.00000000
-0.37690170 1.67782100 0.22337880 1.00000000

0.75353770 -0.49270190 -0.43523080 0.00000000
0.03931174 -0.62708810 0.77795580 0.00000000
-0.65622840 -0.60332880 -0.45316550 0.00000000
-0.44231030 1.47156900 0.30085810 1.00000000

0.50150100 -0.70394680 0.50294730 0.00000000
0.81738300 0.19501270 -0.54208420 0.00000000
0.28351730 0.68295600 0.67319310 0.00000000
-0.19342950 1.45798300 0.22798130 1.00000000

0.28196530 -0.95597730 0.08126034 0.00000000
0.81738450 0.19500910 -0.54208300 0.00000000
0.50237250 0.21926950 0.83638670 0.00000000
-0.34873310 1.42093000 0.33097590 1.00000000

0.72162780 -0.62830040 -0.29067490 0.00000000
0.15379970 0.55488950 -0.81758390 0.00000000
0.67498070 0.54528550 0.49705610 0.00000000
-0.20414050 1.49738100 0.20260800 1.00000000

0.99507580 -0.09911619 0.00000003 0.00000000
0.09911619 0.99507580 0.00000000 0.00000000
-0.00000003 0.00000000 1.00000000 0.00000000
-0.13579600 0.89895400 0.12251130 1.00000000

1.00000000 0.00000000 0.00000000 0.00000000
0.00000000 1.00000000 0.00000000 0.00000000
0.00000000 0.00000000 1.00000000 0.00000000
0.00000000 0.00000000 0.00000000 1.00000000

1.00000000 0.00000000 0.00000000 0.00000000
0.00000000 1.00000000 0.00000000 0.00000000
0.00000000 0.00000000 1.00000000 0.00000000
0.00000000 0.00000000 0.00000000 1.00000000

0.53550970 0.00017937 -0.84452910 0.00000000
0.00214990 0.99999640 0.00157562 0.00000000
0.84452640 -0.00265942 0.53550740 0.00000000
0.00332449 0.85345170 0.01212567 1.00000000

0.94846440 0.25812180 0.18381600 0.00000000
0.30461650 -0.90251300 -0.30443230 0.00000000
0.08731568 0.34473650 -0.93462970 0.00000000
0.06968260 0.82241410 -0.10272470 1.00000000

0.94846440 0.25812180 0.18381600 0.00000000
0.18876680 -0.92614750 0.32652370 0.00000000
0.25452360 -0.27499780 -0.92714290 0.00000000
0.20382170 0.42498870 -0.23678270 1.00000000

0.99130310 0.06268671 -0.11570850 0.00000000
0.06240493 -0.99803250 -0.00606026 0.00000000
-0.11586070 -0.00121329 -0.99326460 0.00000000
0.26403110 0.12958310 -0.13263410 1.00000000

0.99108840 0.06345908 -0.11711830 0.00000000
0.06785446 -0.99711800 0.03392772 0.00000000
-0.11462770 -0.04157241 -0.99253820 0.00000000
0.25465800 0.02543163 -0.26936190 1.00000000

0.54811840 -0.27054180 -0.79143760 0.00000000
0.35351790 0.93250170 -0.07393013 0.00000000
0.75801800 -0.23926480 0.60676270 0.00000000
-0.07225341 0.82236610 0.12111630 1.00000000

0.54811540 -0.27054970 -0.79143700 0.00000000
-0.19015770 0.88115050 -0.43291310 0.00000000
0.81449970 0.38778410 0.43152510 0.00000000
-0.22792620 0.41173570 0.15367170 1.00000000

0.44514290 -0.10204830 -0.88962580 0.00000000
0.05978719 0.99465520 -0.08418035 0.00000000
0.89346150 -0.01571597 0.44886480 0.00000000
-0.16727330 0.13068200 0.29175480 1.00000000

0.43608160 -0.10129590 -0.89418800 0.00000000
-0.03865691 0.99061880 -0.13107220 0.00000000
0.89907650 0.09172469 0.42807480 0.00000000
-0.29592380 0.02920216 0.23902200 1.00000000

0.54650940 0.00752820 -0.83741920 0.00000000
-0.00988999 0.99994780 0.00253498 0.00000000
0.83739460 0.00689667 0.54655540 0.00000000
0.00620922 0.98984850 0.01398383 1.00000000

0.57062350 -0.02115565 -0.82093930 0.00000000
-0.09724526 0.99089370 -0.09312922 0.00000000
0.81543370 0.13297420 0.56336990 0.00000000
0.00450291 1.16236900 0.01442119 1.00000000

0.59940010 -0.04075081 -0.79941170 0.00000000
-0.38935420 0.85774920 -0.33566300 0.00000000
0.69937320 0.51245070 0.49826840 0.00000000
-0.00484768 1.34972200 0.00309361 1.00000000

-0.23326520 0.85476050 -0.46365040 0.00000000
0.51995750 -0.29327890 -0.80226670 0.00000000
-0.82172480 -0.42821930 -0.37602730 0.00000000
0.00213213 1.43467000 -0.07517833 1.00000000

0.09464988 0.56870590 -0.81707710 0.00000000
-0.20987740 -0.79091510 -0.57480850 0.00000000
-0.97313550 0.22589150 0.04449850 0.00000000
0.11855030 1.36900500 -0.25480540 1.00000000

0.07477090 0.52983120 -0.84480080 0.00000000
-0.95554980 -0.20421600 -0.21265050 0.00000000
-0.28519080 0.82314930 0.49101080 0.00000000
0.05580453 1.13255000 -0.42665300 1.00000000

0.10325200 0.69824460 -0.70837380 0.00000000
-0.99416190 0.05002049 -0.09560281 0.00000000
-0.03132090 0.71410950 0.69933310 0.00000000
-0.18420480 1.08125600 -0.48006530 1.00000000

0.06981790 -0.68546890 0.72474670 0.00000000
-0.11795260 0.71575030 0.68832320 0.00000000
-0.99056170 -0.13354320 -0.03088069 0.00000000
-0.31305700 1.14722500 -0.35717240 1.00000000

-0.81575810 0.46160600 -0.34850900 0.00000000
-0.56732360 -0.52126280 0.63751810 0.00000000
0.11261740 0.71777800 0.68710420 0.00000000
-0.32191610 1.13400500 -0.44156280 1.00000000

-0.85871110 -0.27855510 0.43014280 0.00000000
0.50071340 -0.63475450 0.58853450 0.00000000
0.10909590 0.72075920 0.68454680 0.00000000
-0.35309970 1.10535400 -0.40652090 1.00000000

-0.78721620 0.47611330 -0.39192690 0.00000000
-0.60161300 -0.45331620 0.65769790 0.00000000
0.13547190 0.75353870 0.64329380 0.00000000
-0.32209230 1.10333900 -0.47422220 1.00000000

-0.81969960 -0.27841400 0.50057810 0.00000000
0.55694160 -0.59157650 0.58296930 0.00000000
0.13382350 0.75665250 0.63997520 0.00000000
-0.35558270 1.07710800 -0.43638530 1.00000000

-0.83271450 0.34882370 -0.43000970 0.00000000
-0.55312610 -0.48862020 0.67476080 0.00000000
0.02526104 0.79973260 0.59982460 0.00000000
-0.32065510 1.06961100 -0.50078770 1.00000000

-0.87314000 -0.27453960 0.40280890 0.00000000
0.48681470 -0.53390620 0.69134330 0.00000000
0.02526104 0.79973260 0.59982460 0.00000000
-0.35055990 1.04319300 -0.46430680 1.00000000

-0.77214890 0.38755460 -0.50357460 0.00000000
-0.62247400 -0.30203850 0.72201040 0.00000000
0.12771960 0.87096160 0.47446140 0.00000000
-0.31815810 1.04096800 -0.52187540 1.00000000

-0.89814260 -0.10149300 0.42783060 0.00000000
0.42166410 -0.47464850 0.77259850 0.00000000
0.12465570 0.87430430 0.46909790 0.00000000
-0.34848340 1.02566500 -0.48556600 1.00000000

0.86387510 0.17403950 0.47268430 0.00000000
-0.28722220 -0.60069890 0.74609950 0.00000000
0.41379150 -0.78030220 -0.46894060 0.00000000
-0.25195470 1.12134900 -0.40660250 1.00000000

-0.04331058 -0.49714540 0.86658600 0.00000000
-0.99121570 -0.08711197 -0.09951422 0.00000000
0.12496300 -0.86328350 -0.48900540 0.00000000
-0.26755800 1.08588400 -0.36135810 1.00000000

0.04174986 0.62027290 -0.78327430 0.00000000
-0.95554980 -0.20421600 -0.21265050 0.00000000
-0.29185860 0.75733570 0.58417580 0.00000000
-0.05373790 1.10913900 -0.45103100 1.00000000

-0.57373680 0.57566640 -0.58260950 0.00000000
-0.20987740 -0.79091510 -0.57480850 0.00000000
-0.79169270 -0.20751230 0.57459670 0.00000000
0.11855030 1.36900500 -0.25480540 1.00000000

-0.36757450 0.60860160 -0.70320200 0.00000000
-0.20987740 -0.79091510 -0.57480850 0.00000000
-0.90600240 -0.06369887 0.41845200 0.00000000
0.07867359 1.21873100 -0.36401900 1.00000000

0.01730096 0.34855910 -0.93712710 0.00000000
0.53172740 -0.79694690 -0.28660330 0.00000000
-0.84673870 -0.49333770 -0.19912620 0.00000000
0.11529580 1.40158300 -0.31343440 1.00000000

-0.28971280 0.36872690 0.88323680 0.00000000
-0.40484770 0.78898270 -0.46217360 0.00000000
-0.86727450 -0.49147410 -0.07930017 0.00000000
-0.07616086 1.50395000 -0.05823907 1.00000000

0.99567400 -0.00593789 -0.09273127 0.00000000
-0.01973824 0.96166540 -0.27351440 0.00000000
0.09080052 0.27416180 0.95738780 0.00000000
-0.12524400 1.59960500 -0.11427220 1.00000000

0.99567400 -0.00593789 -0.09273127 0.00000000
-0.01973824 0.96166540 -0.27351440 0.00000000
0.09080052 0.27416180 0.95738780 0.00000000
-0.13714110 1.61970200 -0.24330140 1.00000000

0.94947830 -0.31383340 -0.00017980 0.00000000
-0.28504810 -0.86262910 0.41787480 0.00000000
-0.13129800 -0.39671190 -0.90850530 0.00000000
-0.08300614 1.61647600 -0.22379660 1.00000000

0.95853080 0.23671750 -0.15869630 0.00000000
-0.27834650 0.89714630 -0.34300370 0.00000000
0.06117877 0.37295240 0.92583190 0.00000000
-0.18793170 1.61524100 -0.21253590 1.00000000

0.99567400 -0.00593787 -0.09273139 0.00000000
0.01973824 -0.96166540 0.27351440 0.00000000
-0.09080067 -0.27416180 -0.95738790 0.00000000
-0.09745695 1.63615600 -0.21888140 1.00000000

0.99567400 -0.00593789 -0.09273127 0.00000000
-0.01973824 0.96166540 -0.27351440 0.00000000
0.09080052 0.27416180 0.95738780 0.00000000
-0.17143600 1.63659600 -0.21199110 1.00000000

0.97055240 0.12858820 -0.20370090 0.00000000
0.17941650 -0.95013180 0.25506740 0.00000000
-0.16074400 -0.28410390 -0.94522350 0.00000000
-0.12040110 1.63250400 -0.25538750 1.00000000

0.98644780 0.10716730 -0.12424550 0.00000000
-0.13666370 0.95569380 -0.26071490 0.00000000
0.09080052 0.27416180 0.95738780 0.00000000
-0.15224930 1.63414800 -0.25393960 1.00000000

0.99787130 0.01485017 0.06350735 0.00000000
0.01055545 -0.99766840 0.06742945 0.00000000
0.06436065 -0.06661591 -0.99570140 0.00000000
-0.06934514 1.65288500 -0.24567350 1.00000000

0.98176500 -0.01877798 -0.18917130 0.00000000
-0.00909909 0.98932690 -0.14542890 0.00000000
0.18988290 0.14449870 0.97111570 0.00000000
-0.20396210 1.65461300 -0.23450220 1.00000000

0.98708120 0.10266010 -0.12301500 0.00000000
0.13220530 -0.95559940 0.26334690 0.00000000
-0.09051767 -0.27620830 -0.95682630 0.00000000
-0.09747047 1.63636900 -0.21904020 1.00000000

0.99153750 -0.11446000 -0.06126213 0.00000000
0.08905923 0.94304620 -0.32051900 0.00000000
0.09445962 0.31235080 0.94525930 0.00000000
-0.17143880 1.63658800 -0.21202130 1.00000000

0.99595490 0.05947375 -0.06736520 0.00000000
-0.07446394 0.96584000 -0.24821020 0.00000000
0.05030191 0.25222270 0.96636150 0.00000000
-0.12896210 1.60527400 -0.15455800 1.00000000

0.95415310 0.29528420 -0.04899192 0.00000000
0.29876080 -0.94953020 0.09557505 0.00000000
-0.01829755 -0.10583050 -0.99421630 0.00000000
-0.10785770 1.55243700 -0.24670660 1.00000000

0.99579240 0.06154896 -0.06789848 0.00000000
-0.06982724 0.98941760 -0.12719010 0.00000000
0.05935141 0.13139650 0.98955210 0.00000000
-0.13428950 1.56729900 -0.25414630 1.00000000

0.97132060 -0.18679470 -0.14712210 0.00000000
0.16854410 0.97733140 -0.12812690 0.00000000
0.16772030 0.09965609 0.98078510 0.00000000
-0.16175430 1.55109900 -0.24027290 1.00000000

0.99459550 -0.09951398 -0.02962196 0.00000000
-0.08256400 -0.93101330 0.35552460 0.00000000
-0.06295812 -0.35115770 -0.93419800 0.00000000
-0.08187614 1.55947400 -0.21923650 1.00000000

0.96642470 0.19643770 -0.16564050 0.00000000
-0.24113580 0.91601850 -0.32056740 0.00000000
0.08875823 0.34974620 0.93263100 0.00000000
-0.19027840 1.55555600 -0.20599760 1.00000000

0.99943600 0.03153010 -0.01158783 0.00000000
0.03335191 -0.89023750 0.45427410 0.00000000
0.00400749 -0.45440440 -0.89078710 0.00000000
-0.10955530 1.57546600 -0.24075210 1.00000000

0.99464520 0.02273402 -0.10082130 0.00000000
-0.06574154 0.89188410 -0.44746060 0.00000000
0.07974836 0.45169280 0.88860290 0.00000000
-0.13592450 1.57756200 -0.24413850 1.00000000

0.98053370 0.03863025 -0.19251640 0.00000000
-0.12850200 0.86758180 -0.48040520 0.00000000
0.14846560 0.49579210 0.85565730 0.00000000
-0.16287040 1.57644500 -0.23473660 1.00000000

0.99566580 -0.00554390 -0.09284335 0.00000000
0.03187563 -0.91742780 0.39662330 0.00000000
-0.08737591 -0.39786380 -0.91327490 0.00000000
-0.11805090 1.60201800 -0.24227780 1.00000000

0.99566580 -0.00554390 -0.09284335 0.00000000
-0.03187560 0.91742790 -0.39662310 0.00000000
0.08737597 0.39786370 0.91327500 0.00000000
-0.13843020 1.59303200 -0.25543680 1.00000000

0.99566580 -0.00554390 -0.09284335 0.00000000
-0.03187560 0.91742790 -0.39662310 0.00000000
0.08737597 0.39786370 0.91327500 0.00000000
-0.15598260 1.60203900 -0.23868650 1.00000000

0.99567400 -0.00593789 -0.09273127 0.00000000
-0.01970064 0.96177880 -0.27311800 0.00000000
0.09080869 0.27376360 0.95750110 0.00000000
-0.13004260 1.68889400 -0.17151190 1.00000000

0.32402320 -0.90243060 0.28395020 0.00000000
0.48906850 -0.09714201 -0.86681910 0.00000000
0.80982770 0.41974060 0.40987400 0.00000000
-0.07374181 1.43982500 0.02601874 1.00000000

-0.20180890 -0.79041010 -0.57838130 0.00000000
0.81605400 0.19085310 -0.54555580 0.00000000
0.54159860 -0.58208820 0.60650170 0.00000000
-0.18324570 1.46158200 0.22009380 1.00000000

-0.10832380 -0.77859230 -0.61810990 0.00000000
0.04304644 -0.62485900 0.77955010 0.00000000
-0.99318330 0.05783631 0.10120290 0.00000000
-0.42722070 1.40452200 0.38319620 1.00000000

0.98978320 0.14062860 0.02351803 0.00000000
0.09047183 -0.74692700 0.65872250 0.00000000
0.11020140 -0.64986450 -0.75201850 0.00000000
-0.43803350 1.56147100 0.18739420 1.00000000

-0.99045640 -0.00878955 -0.13754670 0.00000000
0.11020140 -0.64986450 -0.75201850 0.00000000
-0.08277671 -0.75999930 0.64463100 0.00000000
-0.39941110 1.68808000 0.14348180 1.00000000

0.65010140 -0.58746290 0.48192910 0.00000000
-0.75971420 -0.51440480 0.39777130 0.00000000
0.01423094 -0.62471990 -0.78071920 0.00000000
-0.45330540 1.70838800 0.14982680 1.00000000

-0.40135890 -0.71798030 0.56869620 0.00000000
-0.91573460 0.30203350 -0.26496430 0.00000000
0.01847380 -0.62712040 -0.77870320 0.00000000
-0.41154660 1.73666300 0.12796250 1.00000000

0.67619310 -0.55063900 0.48944850 0.00000000
-0.73358520 -0.56450770 0.37839610 0.00000000
0.06793794 -0.61492090 -0.78565690 0.00000000
-0.45022230 1.68039500 0.11498430 1.00000000

-0.57063610 -0.67086680 0.47361630 0.00000000
-0.81798720 0.41335380 -0.40004450 0.00000000
0.07260555 -0.61569180 -0.78463510 0.00000000
-0.40782090 1.71202600 0.09394062 1.00000000

0.60758170 -0.53671220 0.58547810 0.00000000
-0.78580860 -0.51343150 0.34480890 0.00000000
0.11553980 -0.66957320 -0.73370460 0.00000000
-0.44092590 1.65285400 0.08335339 1.00000000

-0.57782830 -0.64611570 0.49864700 0.00000000
-0.80793870 0.36634170 -0.46155050 0.00000000
0.11553990 -0.66957330 -0.73370460 0.00000000
-0.39844160 1.68061300 0.06471153 1.00000000

0.51695570 -0.53344100 0.66947570 0.00000000
-0.82237970 -0.52656470 0.21545640 0.00000000
0.23758900 -0.66194440 -0.71090160 0.00000000
-0.43211280 1.62918500 0.05818732 1.00000000

-0.63155480 -0.66184470 0.40385690 0.00000000
-0.73616210 0.34841120 -0.58023690 0.00000000
0.24331850 -0.66375530 -0.70726570 0.00000000
-0.39082150 1.65495300 0.04803026 1.00000000

0.02999485 -0.04108562 -0.99870550 0.00000000
-0.94728950 -0.32001460 -0.01528564 0.00000000
-0.31897240 0.94652150 -0.04851883 0.00000000
-0.42237700 1.66278700 0.21112340 1.00000000

-0.82267760 -0.27280560 -0.49877780 0.00000000
-0.50857770 -0.03893255 0.86013570 0.00000000
-0.25406860 0.96128120 -0.10671410 0.00000000
-0.36602540 1.68191300 0.21376600 1.00000000

0.74754380 -0.49751280 -0.44006750 0.00000000
0.04304644 -0.62485900 0.77955010 0.00000000
-0.66281620 -0.60169120 -0.44569330 0.00000000
-0.43215690 1.47615500 0.29382590 1.00000000

0.50166140 -0.70267190 0.50456730 0.00000000
0.81604960 0.19085410 -0.54556210 0.00000000
0.28705240 0.68543920 0.66915930 0.00000000
-0.18324570 1.46158200 0.22009370 1.00000000

0.27984400 -0.95636100 0.08403078 0.00000000
0.81605400 0.19085310 -0.54555580 0.00000000
0.50571070 0.22124410 0.83385120 0.00000000
-0.33829640 1.42531900 0.32374810 1.00000000

0.71110060 -0.64201350 -0.28662630 0.00000000
0.15392360 0.53993090 -0.82751580 0.00000000
0.68603460 0.54432840 0.48276620 0.00000000
-0.19492190 1.50095200 0.19569600 1.00000000

0.99578820 -0.09168300 0.00017786 0.00000000
0.09168302 0.99578820 -0.00009649 0.00000000
-0.00016826 0.00011239 1.00000000 0.00000000
-0.13101400 0.89981050 0.12233480 1.00000000

1.00000000 0.00000000 0.00000000 0.00000000
0.00000000 1.00000000 0.00000000 0.00000000
0.00000000 0.00000000 1.00000000 0.00000000
0.00000000 0.00000000 0.00000000 1.00000000

1.00000000 0.00000000 0.00000000 0.00000000
0.00000000 1.00000000 0.00000000 0.00000000
0.00000000 0.00000000 1.00000000 0.00000000
0.00000000 0.00000000 0.00000000 1.00000000

0.52695380 -0.01461026 -0.84976840 0.00000000
0.00935851 0.99989130 -0.01138801 0.00000000
0.84984240 -0.00195161 0.52703330 0.00000000
0.00618172 0.84888670 0.01168394 1.00000000

0.94711330 0.25860730 0.18999670 0.00000000
0.30897050 -0.89482090 -0.32223120 0.00000000
0.08668160 0.36389280 -0.92739890 0.00000000
0.07115337 0.81588860 -0.10341230 1.00000000

0.94711330 0.25860730 0.18999670 0.00000000
0.17907210 -0.91724030 0.35581400 0.00000000
0.26628860 -0.30297300 -0.91503990 0.00000000
0.20720980 0.42185040 -0.24530820 1.00000000

0.99129310 0.06306013 -0.11559230 0.00000000
0.06277712 -0.99800910 -0.00609089 0.00000000
-0.11574620 -0.00121869 -0.99327840 0.00000000
0.26432700 0.12928590 -0.13181710 1.00000000

0.99104650 0.06449859 -0.11690540 0.00000000
0.06893545 -0.99703100 0.03431092 0.00000000
-0.11434540 -0.04206256 -0.99255050 0.00000000
0.25500830 0.02513611 -0.26855000 1.00000000

0.55126310 -0.27328290 -0.78830550 0.00000000
0.36094680 0.92995720 -0.06997900 0.00000000
0.75221430 -0.24595940 0.61129180 0.00000000
-0.06851491 0.81976060 0.12181730 1.00000000

0.55125990 -0.27329100 -0.78830490 0.00000000
-0.19170930 0.87806140 -0.43846990 0.00000000
0.81200990 0.39283620 0.43164770 0.00000000
-0.22745910 0.41025070 0.15263290 1.00000000

0.44685050 -0.10128780 -0.88885620 0.00000000
0.05893651 0.99474440 -0.08372516 0.00000000
0.89266520 -0.01497342 0.45047170 0.00000000
-0.16631130 0.13018240 0.29248840 1.00000000

0.43794710 -0.09912858 -0.89351880 0.00000000
-0.04031853 0.99073640 -0.12967570 0.00000000
0.89809620 0.09281649 0.42989340 0.00000000
-0.29476400 0.02859145 0.23948800 1.00000000

0.53773300 -0.00668281 -0.84308880 0.00000000
-0.00599251 0.99991300 -0.01174799 0.00000000
0.84309390 0.01136949 0.53764620 0.00000000
0.01006607 0.98527140 0.01174778 1.00000000

0.56135710 -0.03581505 -0.82679840 0.00000000
-0.09324212 0.98996440 -0.10619000 0.00000000
0.82230420 0.13670300 0.55238410 0.00000000
0.00903218 1.15778600 0.00972091 1.00000000

0.58984920 -0.05604539 -0.80556630 0.00000000
-0.38772380 0.85541740 -0.34341160 0.00000000
0.70834200 0.51489820 0.48283710 0.00000000
0.00050756 1.34500500 -0.00417685 1.00000000

-0.23314670 0.84958590 -0.47312420 0.00000000
0.50876840 -0.30806290 -0.80389800 0.00000000
-0.82873240 -0.42813680 -0.36041860 0.00000000
0.00712446 1.42878300 -0.08373070 1.00000000

0.08882937 0.55639020 -0.82615940 0.00000000
-0.22155100 -0.79762260 -0.56099310 0.00000000
-0.97109450 0.23286890 0.05241647 0.00000000
0.12103740 1.35980800 -0.26372300 1.00000000

0.06838357 0.51725600 -0.85309430 0.00000000
-0.95798360 -0.20470280 -0.20090870 0.00000000
-0.27855190 0.83098930 0.48152460 0.00000000
0.05480166 1.12134800 -0.43144040 1.00000000

0.09861429 0.68753900 -0.71942000 0.00000000
-0.99485750 0.05133126 -0.08731315 0.00000000
-0.02310237 0.72433070 0.68906560 0.00000000
-0.18581900 1.06993200 -0.48190340 1.00000000

0.07462999 -0.67499800 0.73403560 0.00000000
-0.10982610 0.72604700 0.67881820 0.00000000
-0.99114510 -0.13127650 -0.01994765 0.00000000
-0.31337590 1.13804000 -0.35882630 1.00000000

-0.81769450 0.45869050 -0.34781990 0.00000000
-0.56285050 -0.51034540 0.65018990 0.00000000
0.12072770 0.72742740 0.67548080 0.00000000
-0.32303700 1.12361300 -0.44293060 1.00000000

-0.85548160 -0.26989840 0.44193470 0.00000000
0.50439820 -0.62745460 0.59319750 0.00000000
0.11719090 0.73038050 0.67291210 0.00000000
-0.35397460 1.09556200 -0.40719220 1.00000000

-0.78951130 0.47248430 -0.39170250 0.00000000
-0.59677830 -0.44201800 0.66968340 0.00000000
0.14327550 0.76248190 0.63094660 0.00000000
-0.32358980 1.09247400 -0.47513500 1.00000000

-0.81583090 -0.26883490 0.51200410 0.00000000
0.56068550 -0.58451600 0.58649200 0.00000000
0.14160500 0.76555140 0.62759810 0.00000000
-0.35680260 1.06689000 -0.43661650 1.00000000

-0.83568470 0.34477670 -0.42750500 0.00000000
-0.54822990 -0.47720120 0.68682100 0.00000000
0.03279394 0.80833680 0.58780670 0.00000000
-0.32248210 1.05835700 -0.50121620 1.00000000

-0.87014850 -0.26624310 0.41467660 0.00000000
0.49169770 -0.52507760 0.69464160 0.00000000
0.03279394 0.80833680 0.58780670 0.00000000
-0.35212220 1.03255700 -0.46408310 1.00000000

-0.77569060 0.38226340 -0.50217440 0.00000000
-0.61666050 -0.28976070 0.73196240 0.00000000
0.13429200 0.87744720 0.46049140 0.00000000
-0.32025130 1.02940300 -0.52190430 1.00000000

-0.89447330 -0.09278210 0.43738940 0.00000000
0.42744300 -0.46446180 0.77560810 0.00000000
0.13118820 0.88071940 0.45510770 0.00000000
-0.35028450 1.01471500 -0.48510150 1.00000000

0.86858950 0.17856730 0.46224130 0.00000000
-0.28197990 -0.58895090 0.75737990 0.00000000
0.40748060 -0.78819480 -0.46120430 0.00000000
-0.25279340 1.11127800 -0.40842420 1.00000000

-0.03671399 -0.48431470 0.87412350 0.00000000
-0.99230310 -0.08585119 -0.08924440 0.00000000
0.11826680 -0.87067170 -0.47743500 0.00000000
-0.26807630 1.07652100 -0.36252630 1.00000000

0.03616145 0.60867400 -0.79259600 0.00000000
-0.95798360 -0.20470280 -0.20090870 0.00000000
-0.28453440 0.76655890 0.57569750 0.00000000
-0.05501973 1.09788100 -0.45447220 1.00000000

-0.57674510 0.57106280 -0.58416810 0.00000000
-0.22155100 -0.79762260 -0.56099310 0.00000000
-0.78630810 -0.19412710 0.58654460 0.00000000
0.12103740 1.35980800 -0.26372300 1.00000000

-0.37178410 0.60092790 -0.70757500 0.00000000
-0.22155100 -0.79762260 -0.56099310 0.00000000
-0.90149430 -0.05180454 0.42967960 0.00000000
0.07894272 1.20826000 -0.37031170 1.00000000

0.00869441 0.33506860 -0.94215370 0.00000000
0.52328150 -0.80440900 -0.28125210 0.00000000
-0.85211560 -0.49056610 -0.18232910 0.00000000
0.11731360 1.39157000 -0.32277080 1.00000000

-0.27368650 0.38514270 0.88134070 0.00000000
-0.40609500 0.78437420 -0.46887510 0.00000000
-0.87188500 -0.48623270 -0.05826828 0.00000000
-0.07052368 1.49880900 -0.06688765 1.00000000

0.99439840 -0.01356363 -0.10482590 0.00000000
-0.01679441 0.95885910 -0.28338550 0.00000000
0.10435720 0.28355860 0.95326020 0.00000000
-0.11975800 1.59390500 -0.12373330 1.00000000

0.99439840 -0.01356363 -0.10482590 0.00000000
-0.01679441 0.95885910 -0.28338550 0.00000000
0.10435720 0.28355860 0.95326020 0.00000000
-0.13310830 1.61272900 -0.25281230 1.00000000

0.94732670 -0.32015750 -0.00847280 0.00000000
-0.28553870 -0.85628160 0.43040700 0.00000000
-0.14505330 -0.40531690 -0.90259590 0.00000000
-0.07875995 1.60934500 -0.23393760 1.00000000

0.95803870 0.22863060 -0.17288910 0.00000000
-0.27665480 0.89534590 -0.34902410 0.00000000
0.07499799 0.38220920 0.92102790 0.00000000
-0.18354500 1.60893000 -0.22138290 1.00000000

0.99439850 -0.01356367 -0.10482600 0.00000000
0.01679441 -0.95885910 0.28338550 0.00000000
-0.10435720 -0.28355870 -0.95326020 0.00000000
-0.09301990 1.62917200 -0.22905410 1.00000000

0.99439840 -0.01356363 -0.10482590 0.00000000
-0.01679441 0.95885910 -0.28338550 0.00000000
0.10435720 0.28355860 0.95326020 0.00000000
-0.16690420 1.63017900 -0.22126520 1.00000000

0.96879720 0.11995800 -0.21689360 0.00000000
0.17630600 -0.94858680 0.26286750 0.00000000
-0.17420940 -0.29290520 -0.94013740 0.00000000
-0.11643450 1.62529200 -0.26523650 1.00000000

0.98552720 0.09926452 -0.13741690 0.00000000
-0.13359030 0.95380360 -0.26909550 0.00000000
0.10435720 0.28355860 0.95326020 0.00000000
-0.14825100 1.62716300 -0.26341680 1.00000000

0.99865220 0.00884412 0.05114600 0.00000000
0.00484332 -0.99695590 0.07781947 0.00000000
0.05167863 -0.07746714 -0.99565520 0.00000000
-0.06513052 1.64543200 -0.25636290 1.00000000

0.97922130 -0.02731957 -0.20094780 0.00000000
-0.00440057 0.98778860 -0.15573850 0.00000000
0.20274860 0.15338710 0.96714340 0.00000000
-0.19958580 1.64817600 -0.24356590 1.00000000

0.98614620 0.09476633 -0.13614650 0.00000000
0.12916540 -0.95365160 0.27178070 0.00000000
-0.10408080 -0.28560100 -0.95268050 0.00000000
-0.09303400 1.62938400 -0.22921500 1.00000000

0.98993800 -0.12172010 -0.07216525 0.00000000
0.09129278 0.93902180 -0.33151720 0.00000000
0.10811710 0.32159330 0.94068560 0.00000000
-0.16690740 1.63017000 -0.22129530 1.00000000

0.99541970 0.05210672 -0.08015695 0.00000000
-0.07117634 0.96366410 -0.25745970 0.00000000
0.06382897 0.26198590 0.96295910 0.00000000
-0.12393380 1.59917600 -0.16402820 1.00000000

0.95539390 0.28837060 -0.06376359 0.00000000
0.29368220 -0.95045310 0.10193090 0.00000000
-0.03121036 -0.11611070 -0.99274630 0.00000000
-0.10431040 1.54523700 -0.25586510 1.00000000

0.99526450 0.05417719 -0.08070979 0.00000000
-0.06489798 0.98847590 -0.13676080 0.00000000
0.07237038 0.14135140 0.98731100 0.00000000
-0.13073380 1.56019700 -0.26313760 1.00000000

0.96819340 -0.19481320 -0.15700350 0.00000000
0.17335940 0.97478780 -0.14048340 0.00000000
0.18041310 0.10879730 0.97755560 0.00000000
-0.15813160 1.54432700 -0.24875940 1.00000000

0.99348240 -0.10646440 -0.04072413 0.00000000
-0.08428895 -0.92666670 0.36631180 0.00000000
-0.07673708 -0.36049200 -0.92960110 0.00000000
-0.07794765 1.55238900 -0.22879040 1.00000000

0.96558240 0.18822840 -0.17950370 0.00000000
-0.23904800 0.91420280 -0.32724450 0.00000000
0.10250620 0.35889170 0.92773380 0.00000000
-0.18620230 1.54933400 -0.21418710 1.00000000

0.99940320 0.02472601 -0.02413434 0.00000000
0.03309684 -0.88563490 0.46320140 0.00000000
-0.00992122 -0.46372370 -0.88592480 0.00000000
-0.10578370 1.56833900 -0.25013370 1.00000000

0.99345840 0.01502817 -0.11320490 0.00000000
-0.06538874 0.88756910 -0.45601020 0.00000000
0.09362429 0.46042950 0.88274560 0.00000000
-0.13217830 1.57057500 -0.25321950 1.00000000

0.97832520 0.03005736 -0.20488330 0.00000000
-0.12870750 0.86334340 -0.48792690 0.00000000
0.16221890 0.50372120 0.84849920 0.00000000
-0.15901340 1.56973600 -0.24347770 1.00000000

0.99439160 -0.01317082 -0.10494190 0.00000000
0.03073382 -0.91341690 0.40586300 0.00000000
-0.10120150 -0.40681210 -0.90788940 0.00000000
-0.11412320 1.59492900 -0.25183560 1.00000000

0.99439160 -0.01317082 -0.10494190 0.00000000
-0.03073378 0.91341690 -0.40586300 0.00000000
0.10120140 0.40681200 0.90788940 0.00000000
-0.13472130 1.58594200 -0.26464900 1.00000000

0.99439160 -0.01317082 -0.10494190 0.00000000
-0.03073378 0.91341690 -0.40586300 0.00000000
0.10120140 0.40681200 0.90788940 0.00000000
-0.15200700 1.59524100 -0.24778130 1.00000000

0.99439840 -0.01356363 -0.10482590 0.00000000
-0.01675123 0.95897650 -0.28299080 0.00000000
0.10436390 0.28316170 0.95337750 0.00000000
-0.12467440 1.68262000 -0.18184900 1.00000000

0.31849320 -0.90097920 0.29461600 0.00000000
0.47903290 -0.11521560 -0.87020290 0.00000000
0.81797900 0.41828440 0.39490330 0.00000000
-0.06754043 1.43587400 0.01824549 1.00000000

-0.20167400 -0.79439850 -0.57293860 0.00000000
0.81407510 0.18931010 -0.54903880 0.00000000
0.54461870 -0.57714180 0.60852120 0.00000000
-0.17479730 1.46167800 0.21307800 1.00000000

-0.10868610 -0.78265920 -0.61288820 0.00000000
0.05437249 -0.62029800 0.78247960 0.00000000
-0.99258830 0.05172027 0.10997300 0.00000000
-0.41818070 1.40507900 0.37722180 1.00000000

0.99044750 0.13726700 0.01311567 0.00000000
0.09333566 -0.73738320 0.66899530 0.00000000
0.10150220 -0.66138040 -0.74315120 0.00000000
