MeshAnim
1
35
79
30
0.77101240 -0.00988551 -0.63674350 0.00000000
-0.01891703 0.99908270 -0.03841689 0.00000000
0.63653920 0.04166519 0.77011810 0.00000000
0.01237277 0.88258880 0.05137447 1.00000000

0.94507770 0.16080310 0.28455330 0.00000000
0.24530430 -0.92430140 -0.29239210 0.00000000
0.21599530 0.34613540 -0.91298230 0.00000000
0.11171420 0.85000730 -0.03595850 1.00000000

0.94507770 0.16080310 0.28455330 0.00000000
0.13748850 -0.98541920 0.10023140 0.00000000
0.29652160 -0.05560366 -0.95340630 0.00000000
0.21973500 0.44298730 -0.16471460 1.00000000

0.99132810 0.06231824 -0.11569340 0.00000000
0.06203510 -0.99805600 -0.00605070 0.00000000
-0.11584550 -0.00117882 -0.99326680 0.00000000
0.26358860 0.12867630 -0.13274460 1.00000000

0.99116870 0.06228920 -0.11706720 0.00000000
0.06660186 -0.99722440 0.03329109 0.00000000
-0.11466850 -0.04079395 -0.99256620 0.00000000
0.25417890 0.02452701 -0.26947170 1.00000000

0.56900570 -0.23259220 -0.78875430 0.00000000
0.23881670 0.96456620 -0.11215460 0.00000000
0.78689210 -0.12455110 0.60439060 0.00000000
-0.09264131 0.85262700 0.13280920 1.00000000

0.56900460 -0.23259690 -0.78875380 0.00000000
-0.09397140 0.93448950 -0.34336390 0.00000000
0.81694750 0.26949590 0.50987140 0.00000000
-0.19780510 0.42787690 0.18219690 1.00000000

0.44429870 -0.10249550 -0.88999630 0.00000000
0.05992611 0.99460910 -0.08462718 0.00000000
0.89387230 -0.01573429 0.44804560 0.00000000
-0.16783200 0.12981010 0.29171720 1.00000000

0.43528000 -0.10270190 -0.89441810 0.00000000
-0.03788706 0.99050250 -0.13217300 0.00000000
0.89949760 0.09141918 0.42725480 0.00000000
-0.29655320 0.02833748 0.23914330 1.00000000

0.78026320 -0.01236937 -0.62532900 0.00000000
-0.00303019 0.99971800 -0.02355596 0.00000000
0.62544400 0.02027470 0.78000560 0.00000000
0.01174564 1.01899700 0.04849735 1.00000000

0.80547560 -0.03618800 -0.59152310 0.00000000
-0.04353745 0.99182340 -0.11996230 0.00000000
0.59102760 0.12238010 0.79731400 0.00000000
0.01122285 1.19147800 0.04443326 1.00000000

0.83185740 -0.04862347 -0.55285540 0.00000000
-0.19325780 0.90843050 -0.37068270 0.00000000
0.52025450 0.41519880 0.74628760 0.00000000
0.00950092 1.37889000 0.03062306 1.00000000

-0.08991030 0.91199020 -0.40023760 0.00000000
0.88731410 -0.10915900 -0.44806030 0.00000000
-0.45231600 -0.39542160 -0.79940710 0.00000000
0.04841525 1.46731100 -0.03308556 1.00000000

0.57987000 0.21546340 -0.78570120 0.00000000
0.51809950 -0.84179130 0.15152730 0.00000000
-0.62874780 -0.49493750 -0.59976090 0.00000000
0.24708430 1.44287000 -0.13340600 1.00000000

0.59070350 0.19102350 -0.78395120 0.00000000
0.09474022 -0.98127220 -0.16771790 0.00000000
-0.80130740 0.02479993 -0.59773830 0.00000000
0.40197790 1.19120500 -0.08810522 1.00000000

0.56716380 0.22208820 -0.79309650 0.00000000
-0.23621620 -0.87863830 -0.41496630 0.00000000
-0.78900380 0.42269610 -0.44587090 0.00000000
0.42577410 0.94473460 -0.13023160 1.00000000

-0.51752880 -0.06614017 0.85310580 0.00000000
-0.78900380 0.42269610 -0.44587090 0.00000000
-0.33111450 -0.90385500 -0.27094230 0.00000000
0.37431730 0.92243950 -0.16123750 1.00000000

-0.40681810 -0.87186450 -0.27267480 0.00000000
-0.50205520 -0.03597986 0.86408690 0.00000000
-0.76317750 0.48842390 -0.42308670 0.00000000
0.33666820 0.85345030 -0.21363820 1.00000000

-0.43164710 0.10562740 0.89583680 0.00000000
0.47851090 0.86868170 0.12813860 0.00000000
-0.76466210 0.48397840 -0.42550780 0.00000000
0.30907230 0.85147270 -0.16614270 1.00000000

-0.32369940 -0.90278430 -0.28319490 0.00000000
-0.52383450 -0.07825361 0.84821810 0.00000000
-0.78791880 0.42291500 -0.44757880 0.00000000
0.37251310 0.83337060 -0.19577620 1.00000000

-0.45340540 0.10046320 0.88562480 0.00000000
0.41675980 0.90221210 0.11101980 0.00000000
-0.78786750 0.41942960 -0.45093660 0.00000000
0.34297380 0.82979300 -0.14723820 1.00000000

-0.34348780 -0.91684250 -0.20350980 0.00000000
-0.50240140 -0.00369872 0.86462650 0.00000000
-0.79347910 0.39923220 -0.45935250 0.00000000
0.40374690 0.81480590 -0.17285890 1.00000000

-0.45715620 0.10724790 0.88289640 0.00000000
0.40174530 0.91055570 0.09741257 0.00000000
-0.79347910 0.39923220 -0.45935250 0.00000000
0.37658440 0.81460590 -0.12611290 1.00000000

-0.34523120 -0.91495190 -0.20899360 0.00000000
-0.50320100 -0.00751763 0.86413660 0.00000000
-0.79221460 0.40349280 -0.45780940 0.00000000
0.42930670 0.80049530 -0.15253130 1.00000000

-0.41275490 0.20687890 0.88703680 0.00000000
0.44827610 0.89389510 0.00011304 0.00000000
-0.79289450 0.39768420 -0.46169850 0.00000000
0.40454560 0.80086370 -0.10941590 1.00000000

-0.59074410 0.59002510 -0.55035630 0.00000000
-0.72631230 -0.68594030 0.04423115 0.00000000
-0.35141400 0.42585990 0.83375740 0.00000000
0.32864540 0.91778480 -0.16810010 1.00000000

-0.98159860 -0.09384333 -0.16630590 0.00000000
0.01367702 -0.90322580 0.42894750 0.00000000
-0.19046550 0.41877980 0.88788840 0.00000000
0.28437450 0.87796590 -0.16642120 1.00000000

0.57545470 0.19145810 -0.79510720 0.00000000
0.09474022 -0.98127220 -0.16771790 0.00000000
-0.81232760 0.02118547 -0.58281650 0.00000000
0.41283880 1.07871400 -0.10733220 1.00000000

0.77087540 0.39378360 -0.50068510 0.00000000
0.52353450 -0.83942720 0.14585480 0.00000000
-0.36285350 -0.37456180 -0.85325310 0.00000000
0.24708430 1.44287000 -0.13340600 1.00000000

0.63376220 0.25885140 -0.72893180 0.00000000
0.51809950 -0.84179130 0.15152730 0.00000000
-0.57438530 -0.47369140 -0.66760610 0.00000000
0.34552320 1.28293000 -0.10461580 1.00000000

0.43344490 0.51770160 -0.73763870 0.00000000
0.71170850 -0.69875450 -0.07220316 0.00000000
-0.55280790 -0.49368750 -0.67132400 0.00000000
0.29078530 1.48795800 -0.20010350 1.00000000

0.95786750 0.25383230 -0.13438400 0.00000000
-0.28117250 0.73331650 -0.61902270 0.00000000
-0.05858189 0.63072690 0.77379060 0.00000000
-0.02613816 1.54241000 -0.03738299 1.00000000

0.99522640 0.08942598 0.03908297 0.00000000
-0.07682738 0.96485160 -0.25131530 0.00000000
-0.06018355 0.24711300 0.96711590 0.00000000
-0.06022705 1.63131500 -0.11243230 1.00000000

0.99522640 0.08942598 0.03908297 0.00000000
-0.07682738 0.96485160 -0.25131530 0.00000000
-0.06018355 0.24711300 0.96711590 0.00000000
-0.05727337 1.65480900 -0.24140240 1.00000000

0.96735120 -0.22452110 0.11756670 0.00000000
-0.25213180 -0.89961500 0.35654280 0.00000000
0.02571338 -0.37454450 -0.92685280 0.00000000
-0.00604697 1.65590700 -0.21501880 1.00000000

0.94370380 0.32980390 -0.02554345 0.00000000
-0.31689710 0.87922050 -0.35573530 0.00000000
-0.09486467 0.34380350 0.93423780 0.00000000
-0.11093810 1.64457900 -0.21770540 1.00000000

0.99522640 0.08942596 0.03908294 0.00000000
0.07682738 -0.96485160 0.25131530 0.00000000
0.06018344 -0.24711300 -0.96711600 0.00000000
-0.02283810 1.67398000 -0.21159340 1.00000000

0.99522640 0.08942598 0.03908297 0.00000000
-0.07682738 0.96485160 -0.25131530 0.00000000
-0.06018355 0.24711300 0.96711590 0.00000000
-0.09678379 1.66733500 -0.21449710 1.00000000

0.97178180 0.22492010 -0.07107270 0.00000000
0.23569250 -0.93795820 0.25432990 0.00000000
-0.00945938 -0.26390440 -0.96450250 0.00000000
-0.04042626 1.66952600 -0.25087810 1.00000000

0.97929120 0.20224430 0.00926459 0.00000000
-0.19330430 0.94764580 -0.25416740 0.00000000
-0.06018355 0.24711300 0.96711590 0.00000000
-0.07220445 1.66816600 -0.25359900 1.00000000

0.97525530 0.10475110 0.19469070 0.00000000
0.09779416 -0.99418740 0.04503559 0.00000000
0.19827660 -0.02488152 -0.97983040 0.00000000
0.00674989 1.69418000 -0.23405420 1.00000000

0.99516560 0.07879769 -0.05862063 0.00000000
-0.08549990 0.98879920 -0.12233650 0.00000000
0.04832423 0.12675710 0.99075590 0.00000000
-0.12771960 1.68305900 -0.24067070 1.00000000

0.98019180 0.19777410 0.01046294 0.00000000
0.18855560 -0.94805770 0.25619080 0.00000000
0.06058726 -0.24914330 -0.96656980 0.00000000
-0.02285153 1.67419700 -0.21174770 1.00000000

0.99753740 -0.02006534 0.06720352 0.00000000
0.03840423 0.95805410 -0.28400270 0.00000000
-0.05868608 0.28588440 0.95646550 0.00000000
-0.09678192 1.66732700 -0.21452760 1.00000000

0.98593540 0.15363860 0.06577790 0.00000000
-0.13450360 0.96304610 -0.23334810 0.00000000
-0.09919837 0.22121880 0.97016600 0.00000000
-0.05925000 1.63804700 -0.15271410 1.00000000

0.91960350 0.38377110 0.08395982 0.00000000
0.37398160 -0.92064880 0.11200040 0.00000000
0.12027980 -0.07159640 -0.99015490 0.00000000
-0.02145533 1.59070200 -0.24248340 1.00000000

0.98564410 0.15570760 0.06527641 0.00000000
-0.14779640 0.98262650 -0.11225670 0.00000000
-0.08162156 0.10099750 0.99153290 0.00000000
-0.04801507 1.60331300 -0.25299180 1.00000000

0.99561600 -0.09085549 -0.02222809 0.00000000
0.08875389 0.99266640 -0.08207484 0.00000000
0.02952194 0.07974219 0.99637820 0.00000000
-0.07535032 1.58416000 -0.24323620 1.00000000

0.99503830 -0.00603697 0.09930947 0.00000000
-0.03766423 -0.94672660 0.31982900 0.00000000
0.09208822 -0.32198250 -0.94225660 0.00000000
-0.00003072 1.59912900 -0.21167510 1.00000000

0.95626850 0.29069910 -0.03232151 0.00000000
-0.28488030 0.90064060 -0.32816180 0.00000000
-0.06628615 0.32301850 0.94406840 0.00000000
-0.10834980 1.58473800 -0.21292160 1.00000000

0.98487280 0.12416790 0.12086360 0.00000000
0.06008692 -0.89895360 0.43390370 0.00000000
0.16252780 -0.42007760 -0.89281560 0.00000000
-0.02611589 1.61325000 -0.23627090 1.00000000

0.99249300 0.11814980 0.03159615 0.00000000
-0.09309128 0.89735560 -0.43137850 0.00000000
-0.07932046 0.42519870 0.90161760 0.00000000
-0.05190694 1.61301800 -0.24305080 1.00000000

0.98885340 0.13592880 -0.06076410 0.00000000
-0.14844770 0.86854500 -0.47285650 0.00000000
-0.01149848 0.47660600 0.87904180 0.00000000
-0.07960598 1.60908100 -0.23730780 1.00000000

0.99519490 0.08982126 0.03898013 0.00000000
0.06867889 -0.92409380 0.37594450 0.00000000
0.06978908 -0.37146090 -0.92582190 0.00000000
-0.03686088 1.63894000 -0.23828490 1.00000000

0.99519490 0.08982126 0.03898013 0.00000000
-0.06867890 0.92409380 -0.37594450 0.00000000
-0.06978902 0.37146090 0.92582200 0.00000000
-0.05441334 1.62858200 -0.25421820 1.00000000

0.99519490 0.08982126 0.03898013 0.00000000
-0.06867890 0.92409380 -0.37594450 0.00000000
-0.06978902 0.37146090 0.92582200 0.00000000
-0.07476335 1.63532700 -0.23972060 1.00000000

0.99522640 0.08942598 0.03908297 0.00000000
-0.07685228 0.96495380 -0.25091480 0.00000000
-0.06015167 0.24671350 0.96721990 0.00000000
-0.06618313 1.72176000 -0.16771530 1.00000000

0.24889120 -0.92550870 0.28545930 0.00000000
0.78590760 0.02073754 -0.61799620 0.00000000
0.56604110 0.37815830 0.73252560 0.00000000
-0.05688582 1.47346200 0.03690102 1.00000000

0.04184642 -0.23689190 -0.97063450 0.00000000
0.51231640 0.83913570 -0.18271140 0.00000000
0.85777680 -0.48962610 0.15647830 0.00000000
-0.23285010 1.46882700 0.17526530 1.00000000

0.09932286 -0.17279200 -0.97993780 0.00000000
0.72947800 -0.65714080 0.18981040 0.00000000
-0.67675470 -0.73369560 0.06077895 0.00000000
-0.38601680 1.21795100 0.22988800 1.00000000

0.31652070 -0.01871649 -0.94840110 0.00000000
0.46622880 -0.86763920 0.17272250 0.00000000
-0.82610260 -0.49684200 -0.26589950 0.00000000
-0.56924300 1.38300700 0.18221330 1.00000000

-0.35720650 0.09674735 0.92900150 0.00000000
-0.82610260 -0.49684200 -0.26589950 0.00000000
0.43584180 -0.86243150 0.25739840 0.00000000
-0.57735760 1.48807300 0.12519760 1.00000000

0.40261340 -0.19990580 -0.89327500 0.00000000
0.23439020 -0.92081330 0.31171200 0.00000000
-0.88485240 -0.33487430 -0.32387570 0.00000000
-0.57418610 1.53503800 0.17264810 1.00000000

0.29610640 -0.95105260 0.08843266 0.00000000
-0.38828130 -0.03526407 0.92086630 0.00000000
-0.87267330 -0.30701100 -0.37971740 0.00000000
-0.58706950 1.58565200 0.15551410 1.00000000

0.57240260 -0.81915120 0.03669447 0.00000000
-0.29221670 -0.16197220 0.94253640 0.00000000
-0.76613620 -0.55023290 -0.33208270 0.00000000
-0.61250240 1.51437500 0.16206570 1.00000000

-0.24727920 -0.22815860 0.94169900 0.00000000
-0.59719070 0.80123120 0.03731012 0.00000000
-0.76303110 -0.55314770 -0.33438180 0.00000000
-0.59529320 1.52283400 0.10845900 1.00000000

0.47868600 -0.86073240 0.17320400 0.00000000
-0.42030250 -0.05144822 0.90592460 0.00000000
-0.77084730 -0.50645140 -0.38639520 0.00000000
-0.64606470 1.49256900 0.14646070 1.00000000

-0.25975060 -0.29048100 0.92095110 0.00000000
-0.67391010 0.73758630 0.04257140 0.00000000
-0.69164670 -0.60958000 -0.38734630 0.00000000
-0.62334090 1.49535100 0.09748176 1.00000000

0.49442220 -0.85860150 0.13546430 0.00000000
-0.50097820 -0.15412260 0.85162630 0.00000000
-0.71032930 -0.48892750 -0.50634220 0.00000000
-0.67280360 1.47330400 0.13285270 1.00000000

-0.36076980 -0.30973620 0.87972090 0.00000000
-0.75869390 0.64605160 -0.08367243 0.00000000
-0.54242870 -0.69762530 -0.46807060 0.00000000
-0.64748320 1.48029200 0.09063661 1.00000000

-0.80347080 0.32152000 -0.50105850 0.00000000
-0.58016050 -0.23398870 0.78016880 0.00000000
0.13359770 0.91753700 0.37453630 0.00000000
-0.52405280 1.47229200 0.16964730 1.00000000

-0.57443830 0.20043290 0.79362940 0.00000000
0.47961770 -0.70326990 0.52476540 0.00000000
0.66331580 0.68208350 0.30785390 0.00000000
-0.49176550 1.48694100 0.12910670 1.00000000

0.19360800 -0.06778047 -0.97873470 0.00000000
0.72947800 -0.65714080 0.18981040 0.00000000
-0.65603200 -0.75071430 -0.07778323 0.00000000
-0.46964600 1.29328600 0.20812590 1.00000000

0.84018470 -0.51550250 -0.16836640 0.00000000
0.48647400 0.85364900 -0.18608260 0.00000000
0.23965160 0.07443785 0.96800110 0.00000000
-0.23285030 1.46882700 0.17526540 1.00000000

0.68399340 -0.52734660 -0.50404240 0.00000000
0.51231640 0.83913570 -0.18271140 0.00000000
0.51931200 -0.13325590 0.84413140 0.00000000
-0.33019030 1.30939000 0.20997850 1.00000000

0.80581820 -0.58904370 -0.06070143 0.00000000
0.42118850 0.64219080 -0.64046180 0.00000000
0.41624180 0.49052900 0.76558740 0.00000000
-0.30774330 1.52068000 0.18490450 1.00000000

0.99607160 -0.08855277 0.00000003 0.00000000
0.08855277 0.99607150 0.00000000 0.00000000
-0.00000003 0.00000000 1.00000000 0.00000000
-0.15045200 0.92814790 0.11264840 1.00000000

1.00000000 0.00000000 0.00000000 0.00000000
0.00000000 1.00000000 0.00000000 0.00000000
0.00000000 0.00000000 1.00000000 0.00000000
0.00000000 0.00000000 0.00000000 1.00000000

1.00000000 0.00000000 0.00000000 0.00000000
0.00000000 1.00000000 0.00000000 0.00000000
0.00000000 0.00000000 1.00000000 0.00000000
0.00000000 0.00000000 0.00000000 1.00000000

0.77617420 -0.00160050 -0.63051650 0.00000000
-0.03116475 0.99867710 -0.04089928 0.00000000
0.62974780 0.05139485 0.77509760 0.00000000
0.01486363 0.88236930 0.04910852 1.00000000

0.94679150 0.15810990 0.28033360 0.00000000
0.24096070 -0.92564770 -0.29174360 0.00000000
0.21336260 0.34376980 -0.91449380 0.00000000
0.11530630 0.85084610 -0.03734887 1.00000000

0.94679150 0.15810990 0.28033360 0.00000000
0.13386410 -0.98555390 0.10374950 0.00000000
0.29268770 -0.06070258 -0.95427940 0.00000000
0.22141440 0.44323320 -0.16581940 1.00000000

0.99132910 0.06255512 -0.11555640 0.00000000
0.06212701 -0.99804150 -0.00730639 0.00000000
-0.11578720 0.00006387 -0.99327410 0.00000000
0.26411190 0.12887920 -0.13272730 1.00000000

0.99117810 0.06297849 -0.11661760 0.00000000
0.06724869 -0.99718870 0.03304800 0.00000000
-0.11420850 -0.04059885 -0.99262680 0.00000000
0.25471990 0.02490175 -0.26958620 1.00000000

0.56798460 -0.23719300 -0.78812000 0.00000000
0.24153010 0.96344790 -0.11589320 0.00000000
0.78680160 -0.12452920 0.60451290 0.00000000
-0.09041739 0.85126980 0.12976840 1.00000000

0.56798330 -0.23719780 -0.78811940 0.00000000
-0.09610999 0.93190490 -0.34973730 0.00000000
0.81740920 0.27439110 0.50650940 0.00000000
-0.19677600 0.42701210 0.18080240 1.00000000

0.44277830 -0.10553300 -0.89039900 0.00000000
0.05899428 0.99432640 -0.08851412 0.00000000
0.89468820 -0.01333631 0.44649200 0.00000000
-0.16612080 0.12976970 0.29235550 1.00000000

0.43391810 -0.10521180 -0.89478810 0.00000000
-0.03834709 0.99010130 -0.13501500 0.00000000
0.90013590 0.09289791 0.42558830 0.00000000
-0.29485670 0.02799803 0.24039950 1.00000000

0.78492160 -0.00883204 -0.61953200 0.00000000
-0.01195636 0.99949630 -0.02939703 0.00000000
0.61947970 0.03048171 0.78442070 0.00000000
0.01254500 1.01875200 0.04590807 1.00000000

0.80985170 -0.03386224 -0.58565650 0.00000000
-0.05018704 0.99067330 -0.12667920 0.00000000
0.58448390 0.13198370 0.80059910 0.00000000
0.01048218 1.19119400 0.04083622 1.00000000

0.83588890 -0.04752077 -0.54683780 0.00000000
-0.19609950 0.90464440 -0.37836970 0.00000000
0.51267420 0.42350960 0.74686340 0.00000000
0.00744134 1.37849600 0.02580168 1.00000000

-0.09203559 0.90751890 -0.40980380 0.00000000
0.89043270 -0.10920720 -0.44181830 0.00000000
-0.44571210 -0.40556580 -0.79803360 0.00000000
0.04626549 1.46669900 -0.03826180 1.00000000

0.58386620 0.20830260 -0.78467200 0.00000000
0.52639960 -0.83295250 0.17056920 0.00000000
-0.61806450 -0.51264060 -0.59598350 0.00000000
0.24563280 1.44224800 -0.13718460 1.00000000

0.59496330 0.18402410 -0.78240280 0.00000000
0.11853010 -0.98288230 -0.14104390 0.00000000
-0.79496520 -0.00882229 -0.60659130 0.00000000
0.40300780 1.19322500 -0.08619107 1.00000000

0.56668060 0.21783920 -0.79461900 0.00000000
-0.20837670 -0.89517400 -0.39400920 0.00000000
-0.79715300 0.38885740 -0.46188510 0.00000000
0.43277950 0.94635050 -0.12161760 1.00000000

-0.52188710 -0.05908447 0.85096600 0.00000000
-0.79715300 0.38885740 -0.46188510 0.00000000
-0.30361410 -0.91940170 -0.25003920 0.00000000
0.38220250 0.92183570 -0.15239470 1.00000000

-0.38016880 -0.88961260 -0.25310380 0.00000000
-0.50734760 -0.02823153 0.86127910 0.00000000
-0.77335020 0.45584310 -0.44061010 0.00000000
0.34689670 0.85050770 -0.20327330 1.00000000

-0.44117520 0.11606320 0.88988440 0.00000000
0.45300980 0.88479380 0.10918840 0.00000000
-0.77469150 0.45129740 -0.44292700 0.00000000
0.31900980 0.84895590 -0.15593220 1.00000000

-0.29613980 -0.91843310 -0.26226430 0.00000000
-0.52781400 -0.07149072 0.84634610 0.00000000
-0.79606150 0.38906340 -0.46359050 0.00000000
0.38315450 0.83190550 -0.18466060 1.00000000

-0.46270260 0.11003070 0.87965920 0.00000000
0.39047450 0.91612550 0.09079857 0.00000000
-0.79588730 0.38549690 -0.46685770 0.00000000
0.35336200 0.82872650 -0.13624960 1.00000000

-0.31612640 -0.93102130 -0.18238310 0.00000000
-0.50860200 0.00403031 0.86099230 0.00000000
-0.80086720 0.36494290 -0.47479350 0.00000000
0.41472240 0.81481480 -0.16106440 1.00000000

-0.46662150 0.11663550 0.87673290 0.00000000
0.37533510 0.92369540 0.07688089 0.00000000
-0.80086720 0.36494290 -0.47479350 0.00000000
0.38722470 0.81503280 -0.11451480 1.00000000

-0.31788080 -0.92932010 -0.18792510 0.00000000
-0.50929070 0.00017925 0.86059460 0.00000000
-0.79973440 0.36927500 -0.47335120 0.00000000
0.44051900 0.80174990 -0.14020430 1.00000000

-0.42506110 0.21755180 0.87863210 0.00000000
0.42304640 0.90589510 -0.01964216 0.00000000
-0.80022190 0.36335300 -0.47709520 0.00000000
0.41543330 0.80251170 -0.09728234 1.00000000

-0.60287650 0.55901050 -0.56925200 0.00000000
-0.70712490 -0.70480610 0.05676723 0.00000000
-0.36947860 0.43675600 0.82020130 0.00000000
0.33673190 0.91572280 -0.15944770 1.00000000

-0.97730360 -0.12566290 -0.17054880 0.00000000
0.03574061 -0.89133110 0.45194240 0.00000000
-0.20880740 0.43558950 0.87559210 0.00000000
0.29358240 0.87472680 -0.15705510 1.00000000

0.57715000 0.18378260 -0.79568940 0.00000000
0.11853010 -0.98288230 -0.14104390 0.00000000
-0.80799060 -0.01290960 -0.58905460 0.00000000
0.41659590 1.08054900 -0.10236010 1.00000000

0.77568240 0.39975600 -0.48837650 0.00000000
0.53191920 -0.83056670 0.16498800 0.00000000
-0.33967450 -0.38775520 -0.85689410 0.00000000
0.24563280 1.44224800 -0.13718460 1.00000000

0.64126230 0.25721930 -0.72292500 0.00000000
0.52639960 -0.83295250 0.17056920 0.00000000
-0.55828860 -0.48992700 -0.66954150 0.00000000
0.34564870 1.28398700 -0.10477650 1.00000000

0.43519830 0.51249650 -0.74023620 0.00000000
0.71552560 -0.69590660 -0.06113479 0.00000000
-0.54646660 -0.50305220 -0.66956190 0.00000000
0.28950060 1.48688700 -0.20407390 1.00000000

0.95706250 0.26032810 -0.12751740 0.00000000
-0.28127740 0.72759750 -0.62568750 0.00000000
-0.07010272 0.63468980 0.76958070 0.00000000
-0.02870045 1.54132000 -0.04359373 1.00000000

0.99383830 0.09829976 0.05120945 0.00000000
-0.08218253 0.96353960 -0.25463220 0.00000000
-0.07437271 0.24885470 0.96568120 0.00000000
-0.06280211 1.62953200 -0.11945110 1.00000000

0.99383830 0.09829976 0.05120945 0.00000000
-0.08218253 0.96353960 -0.25463220 0.00000000
-0.07437271 0.24885470 0.96568120 0.00000000
-0.05845216 1.65274600 -0.24843220 1.00000000

0.96775270 -0.21569490 0.13011650 0.00000000
-0.24862040 -0.90096140 0.35560790 0.00000000
0.04052702 -0.37649010 -0.92553400 0.00000000
-0.00756937 1.65435900 -0.22141780 1.00000000

0.94101050 0.33806020 -0.01464510 0.00000000
-0.32017300 0.87554650 -0.36181150 0.00000000
-0.10949170 0.34515740 0.93213630 0.00000000
-0.11231530 1.64210000 -0.22537790 1.00000000

0.99383830 0.09829972 0.05120933 0.00000000
0.08218253 -0.96353960 0.25463220 0.00000000
0.07437256 -0.24885470 -0.96568120 0.00000000
-0.02456013 1.67229100 -0.21824570 1.00000000

0.99383830 0.09829976 0.05120945 0.00000000
-0.08218253 0.96353960 -0.25463220 0.00000000
-0.07437271 0.24885470 0.96568120 0.00000000
-0.09840271 1.66498600 -0.22205040 1.00000000

0.97057370 0.23332120 -0.05956328 0.00000000
0.24075510 -0.93523810 0.25955150 0.00000000
0.00485310 -0.26625400 -0.96389070 0.00000000
-0.04161873 1.66758900 -0.25773450 1.00000000

0.97728340 0.21090230 0.02091697 0.00000000
-0.19845910 0.94529970 -0.25888700 0.00000000
-0.07437271 0.24885470 0.96568120 0.00000000
-0.07334743 1.66594200 -0.26084610 1.00000000

0.97180030 0.11381530 0.20651900 0.00000000
0.10596920 -0.99317610 0.04870166 0.00000000
0.21065270 -0.02544359 -0.97723000 0.00000000
0.00512590 1.69269800 -0.24038750 1.00000000

0.99508560 0.08744067 -0.04646102 0.00000000
-0.09266806 0.98771420 -0.12583050 0.00000000
0.03488740 0.12951750 0.99096330 0.00000000
-0.12914790 1.68037500 -0.24864460 1.00000000

0.97820800 0.20644300 0.02213731 0.00000000
0.19368950 -0.94574860 0.26085230 0.00000000
0.07478735 -0.25088020 -0.96512500 0.00000000
-0.02457357 1.67250700 -0.21840070 1.00000000

0.99676290 -0.01110018 0.07962692 0.00000000
0.03350179 0.95768260 -0.28587030 0.00000000
-0.07308403 0.28761250 0.95495430 0.00000000
-0.09840037 1.66497900 -0.22208090 1.00000000

0.98365180 0.16249070 0.07762840 0.00000000
-0.14005950 0.96126760 -0.23737770 0.00000000
-0.11319300 0.22262440 0.96831080 0.00000000
-0.06138361 1.63617700 -0.15973420 1.00000000

0.91507690 0.39207090 0.09441698 0.00000000
0.38064520 -0.91704440 0.11890670 0.00000000
0.13320430 -0.07286941 -0.98840620 0.00000000
-0.02206093 1.58895600 -0.24891040 1.00000000

0.98334840 0.16455580 0.07711804 0.00000000
-0.15502830 0.98101560 -0.11650930 0.00000000
-0.09482622 0.10261370 0.99019120 0.00000000
-0.04859784 1.60130700 -0.25977870 1.00000000

0.99657610 -0.08211552 -0.00964651 0.00000000
0.08103102 0.99321460 -0.08341912 0.00000000
0.01643118 0.08235188 0.99646790 0.00000000
-0.07588275 1.58193700 -0.25031570 1.00000000

0.99374140 0.00298131 0.11166470 0.00000000
-0.03330702 -0.94626430 0.32167470 0.00000000
0.10662320 -0.32338080 -0.94024310 0.00000000
-0.00109590 1.59764400 -0.21785940 1.00000000

0.95400200 0.29905190 -0.02116999 0.00000000
-0.28869110 0.89731320 -0.33389570 0.00000000
-0.08085594 0.32464880 0.94237220 0.00000000
-0.10926020 1.58229500 -0.22041440 1.00000000

0.98216370 0.13314190 0.13276920 0.00000000
0.06259456 -0.89736120 0.43683540 0.00000000
0.17730280 -0.42073330 -0.88968960 0.00000000
-0.02699654 1.61147600 -0.24281190 1.00000000

0.99094570 0.12698060 0.04361850 0.00000000
-0.09561241 0.89547770 -0.43471600 0.00000000
-0.09425986 0.42660950 0.89951070 0.00000000
-0.05269822 1.61100100 -0.24991070 1.00000000

0.98829820 0.14450870 -0.04882377 0.00000000
-0.15019340 0.86608180 -0.47680660 0.00000000
-0.02661720 0.47856010 0.87765140 0.00000000
-0.08043084 1.60683300 -0.24450220 1.00000000

0.99380460 0.09869447 0.05110517 0.00000000
0.07212719 -0.92256110 0.37904970 0.00000000
0.08455762 -0.37301520 -0.92396410 0.00000000
-0.03794125 1.63706600 -0.24502250 1.00000000

0.99380460 0.09869447 0.05110517 0.00000000
-0.07212719 0.92256110 -0.37904950 0.00000000
-0.08455768 0.37301510 0.92396420 0.00000000
-0.05520247 1.62651600 -0.26114680 1.00000000

0.99380460 0.09869447 0.05110517 0.00000000
-0.07212719 0.92256110 -0.37904950 0.00000000
-0.08455768 0.37301510 0.92396420 0.00000000
-0.07578965 1.63311500 -0.24691950 1.00000000

0.99383830 0.09829976 0.05120945 0.00000000
-0.08221333 0.96364270 -0.25423230 0.00000000
-0.07433856 0.24845570 0.96578650 0.00000000
-0.06886593 1.71979000 -0.17502710 1.00000000

0.25224050 -0.92234950 0.29265360 0.00000000
0.79023900 0.02179883 -0.61241070 0.00000000
0.55847730 0.38574110 0.73437520 0.00000000
-0.05954590 1.47271100 0.03096306 1.00000000

0.05218610 -0.24733580 -0.96752340 0.00000000
0.51994410 0.83389720 -0.18513110 0.00000000
0.85260460 -0.49339690 0.17211890 0.00000000
-0.23648000 1.46783800 0.16807670 1.00000000

0.11018660 -0.18370370 -0.97678650 0.00000000
0.71722280 -0.66566880 0.20609850 0.00000000
-0.68807720 -0.72328280 0.05840865 0.00000000
-0.39192700 1.21852900 0.22342280 1.00000000

0.33162760 -0.03137210 -0.94288870 0.00000000
0.45207410 -0.87194070 0.18801260 0.00000000
-0.82804110 -0.48860560 -0.27497720 0.00000000
-0.57207520 1.38572700 0.17165710 1.00000000

-0.37097790 0.10973870 0.92213480 0.00000000
-0.82804110 -0.48860560 -0.27497720 0.00000000
0.42038460 -0.86557600 0.27213020 0.00000000
-0.57789930 1.49036700 0.11358750 1.00000000

0.41445710 -0.21314240 -0.88475740 0.00000000
0.21733690 -0.92087640 0.32365330 0.00000000
-0.88373630 -0.32643090 -0.33534020 0.00000000
-0.57489110 1.53771600 0.16066560 1.00000000

0.28227770 -0.95392780 0.10169080 0.00000000
-0.40362460 -0.02193189 0.91466160 0.00000000
-0.87029090 -0.29923350 -0.39121990 0.00000000
-0.58683720 1.58833300 0.14287530 1.00000000

0.56106480 -0.82605300 0.05331695 0.00000000
-0.30957540 -0.14965890 0.93902360 0.00000000
-0.76770380 -0.54335870 -0.33969430 0.00000000
-0.61329480 1.51745000 0.14964070 1.00000000

-0.26549200 -0.21642070 0.93950840 0.00000000
-0.58728290 0.80912390 0.02042779 0.00000000
-0.76459970 -0.54633380 -0.34191640 0.00000000
-0.59510850 1.52520100 0.09625025 1.00000000

0.46461050 -0.86519010 0.18863680 0.00000000
-0.43560590 -0.03783924 0.89934190 0.00000000
-0.77096340 -0.50001480 -0.39446240 0.00000000
-0.64687900 1.49593500 0.13368210 1.00000000

-0.27843120 -0.27876380 0.91911210 0.00000000
-0.66489610 0.74651770 0.02499595 0.00000000
-0.69310120 -0.60415440 -0.39320290 0.00000000
-0.62332800 1.49798200 0.08505921 1.00000000

0.48098420 -0.86360310 0.15114230 0.00000000
-0.51671230 -0.13995950 0.84464170 0.00000000
-0.70828140 -0.48435630 -0.51355280 0.00000000
-0.67364050 1.47689200 0.11980940 1.00000000

-0.37900790 -0.29709580 0.87640580 0.00000000
-0.74879570 0.65493600 -0.10180320 0.00000000
-0.54374440 -0.69483320 -0.47069010 0.00000000
-0.64754870 1.48317200 0.07795317 1.00000000

-0.79098420 0.32723270 -0.51697490 0.00000000
-0.59575100 -0.21944920 0.77260780 0.00000000
0.13937280 0.91910870 0.36853010 0.00000000
-0.52553330 1.47430800 0.15904210 1.00000000

-0.58461800 0.21496770 0.78231110 0.00000000
0.46186750 -0.70457050 0.53875740 0.00000000
0.66700840 0.67629100 0.31261800 0.00000000
-0.49240400 1.48817300 0.11890730 1.00000000

0.20701590 -0.07886962 -0.97515320 0.00000000
0.71722280 -0.66566880 0.20609850 0.00000000
-0.66538380 -0.74206780 -0.08123696 0.00000000
-0.47415140 1.29484100 0.19979340 1.00000000

0.83882210 -0.52257160 -0.15263020 0.00000000
0.49423960 0.84853820 -0.18897120 0.00000000
0.22826370 0.08307739 0.97004840 0.00000000
-0.23648020 1.46783800 0.16807680 1.00000000

0.68667770 -0.53694840 -0.49006140 0.00000000
0.51994410 0.83389720 -0.18513110 0.00000000
0.50806670 -0.12767920 0.85180180 0.00000000
-0.33526940 1.30939700 0.20324960 1.00000000

0.80968170 -0.58461110 -0.05143294 0.00000000
0.42205100 0.64094410 -0.64114260 0.00000000
0.40778470 0.49741410 0.76569640 0.00000000
-0.31172220 1.51929700 0.17686280 1.00000000

0.99550620 -0.09469713 -0.00000083 0.00000000
0.09469713 0.99550610 -0.00001939 0.00000000
0.00000262 0.00001921 1.00000000 0.00000000
-0.14900870 0.92601180 0.10896850 1.00000000

1.00000000 0.00000000 0.00000000 0.00000000
0.00000000 1.00000000 0.00000000 0.00000000
0.00000000 0.00000000 1.00000000 0.00000000
0.00000000 0.00000000 0.00000000 1.00000000

1.00000000 0.00000000 0.00000000 0.00000000
0.00000000 1.00000000 0.00000000 0.00000000
0.00000000 0.00000000 1.00000000 0.00000000
0.00000000 0.00000000 0.00000000 1.00000000

0.78029290 0.00695438 -0.62537560 0.00000000
-0.04324901 0.99814440 -0.04286291 0.00000000
0.62391700 0.06049250 0.77914580 0.00000000
0.01480037 0.88199450 0.04554581 1.00000000

0.94745450 0.15623700 0.27914170 0.00000000
0.23843640 -0.92664650 -0.29064510 0.00000000
0.21325610 0.34193060 -0.91520790 0.00000000
0.11619580 0.85157260 -0.04019105 1.00000000

0.94745450 0.15623700 0.27914170 0.00000000
0.13027280 -0.98542640 0.10938000 0.00000000
0.29216280 -0.06726803 -0.95400010 0.00000000
0.22119230 0.44351990 -0.16817780 1.00000000

0.99134840 0.06290498 -0.11520200 0.00000000
0.06221154 -0.99801680 -0.00960879 0.00000000
-0.11557790 0.00235877 -0.99329580 0.00000000
0.26274430 0.12920660 -0.13328980 1.00000000

0.99118730 0.06408617 -0.11593450 0.00000000
0.06822176 -0.99715520 0.03205837 0.00000000
-0.11355010 -0.03968510 -0.99273950 0.00000000
0.25338970 0.02554613 -0.27039160 1.00000000

0.56846790 -0.24133170 -0.78651340 0.00000000
0.24193890 0.96277390 -0.12054890 0.00000000
0.78632680 -0.12176000 0.60569350 0.00000000
-0.09061956 0.84972890 0.12556360 1.00000000

0.56846670 -0.24133650 -0.78651280 0.00000000
-0.10096980 0.92831390 -0.35782500 0.00000000
0.81648690 0.28282560 0.50334760 0.00000000
-0.19715820 0.42576810 0.17864780 1.00000000

0.43982700 -0.10968130 -0.89135970 0.00000000
0.05611379 0.99393130 -0.09461424 0.00000000
0.89632790 -0.00840366 0.44331240 0.00000000
-0.16495280 0.12967110 0.29278060 1.00000000

0.43101720 -0.10829090 -0.89582220 0.00000000
-0.04124988 0.98937010 -0.13944640 0.00000000
0.90140030 0.09705637 0.42196850 0.00000000
-0.29361330 0.02726465 0.24189580 1.00000000

0.78852490 -0.00562694 -0.61497710 0.00000000
-0.01967326 0.99921560 -0.03436774 0.00000000
0.61468800 0.03919842 0.78779570 0.00000000
0.01081549 1.01833200 0.04208993 1.00000000

0.81315400 -0.03258652 -0.58113570 0.00000000
-0.05506048 0.98964760 -0.13253670 0.00000000
0.57943840 0.13977040 0.80294170 0.00000000
0.00742128 1.19072600 0.03616049 1.00000000

0.83884060 -0.04819131 -0.54224000 0.00000000
-0.19709840 0.90160800 -0.38503950 0.00000000
0.50744330 0.42986130 0.74680690 0.00000000
0.00341110 1.37792000 0.02005255 1.00000000

-0.09215157 0.90368440 -0.41816570 0.00000000
0.89225050 -0.11148880 -0.43756090 0.00000000
-0.44203760 -0.41343050 -0.79603890 0.00000000
0.04227653 1.46584900 -0.04436355 1.00000000

0.58863250 0.19851560 -0.78364760 0.00000000
0.53068970 -0.82614620 0.18934290 0.00000000
-0.60982000 -0.52732700 -0.59164660 0.00000000
0.24205090 1.44088600 -0.14233310 1.00000000

0.59987620 0.17435840 -0.78086360 0.00000000
0.13721610 -0.98392580 -0.11428790 0.00000000
-0.78823890 -0.03858855 -0.61415830 0.00000000
0.40070840 1.19389800 -0.08572685 1.00000000

0.56758590 0.21039080 -0.79597870 0.00000000
-0.18474580 -0.90959740 -0.37215830 0.00000000
-0.80231870 0.35828530 -0.47740570 0.00000000
0.43517360 0.94676150 -0.11443300 1.00000000

-0.52688230 -0.04924459 0.84851070 0.00000000
-0.80231870 0.35828530 -0.47740570 0.00000000
-0.28049930 -0.93231240 -0.22828410 0.00000000
0.38540960 0.92029850 -0.14492070 1.00000000

-0.35769240 -0.90439280 -0.23265850 0.00000000
-0.51313450 -0.01780812 0.85812370 0.00000000
-0.78022400 0.42632920 -0.45770500 0.00000000
0.35214120 0.84688710 -0.19418310 1.00000000

-0.45051390 0.12866810 0.88344890 0.00000000
0.43172280 0.89756180 0.08943310 0.00000000
-0.78144290 0.42169570 -0.45991290 0.00000000
0.32393620 0.84590820 -0.14701540 1.00000000

-0.27295610 -0.93148580 -0.24047720 0.00000000
-0.53248730 -0.06189954 0.84417190 0.00000000
-0.80121950 0.35847260 -0.47910820 0.00000000
0.38867320 0.82961430 -0.17483980 1.00000000

-0.47181830 0.12187770 0.87323200 0.00000000
0.36862690 0.92695360 0.06979804 0.00000000
-0.80093820 0.35482830 -0.48228070 0.00000000
0.35859240 0.82699260 -0.12657400 1.00000000

-0.29325830 -0.94247480 -0.16043970 0.00000000
-0.51512720 0.01439792 0.85699280 0.00000000
-0.80538420 0.33396710 -0.48971650 0.00000000
0.42044410 0.81387190 -0.15058720 1.00000000

-0.47586520 0.12831260 0.87010810 0.00000000
0.35342440 0.93381050 0.05558248 0.00000000
-0.80538420 0.33396710 -0.48971650 0.00000000
0.39259370 0.81465020 -0.10425380 1.00000000

-0.29500890 -0.94095770 -0.16603620 0.00000000
-0.51572410 0.01052295 0.85669020 0.00000000
-0.80436220 0.33836010 -0.48837880 0.00000000
0.44637380 0.80194860 -0.12921450 1.00000000

-0.43664910 0.23017950 0.86968670 0.00000000
0.40226820 0.91464290 -0.04010858 0.00000000
-0.80468510 0.33233410 -0.49197180 0.00000000
0.42094980 0.80323320 -0.08650444 1.00000000

-0.61118620 0.53007320 -0.58777020 0.00000000
-0.69116560 -0.71929720 0.07001114 0.00000000
-0.38567050 0.44903640 0.80599290 0.00000000
0.34014670 0.91295500 -0.15213340 1.00000000

-0.97282760 -0.15260410 -0.17412220 0.00000000
0.05274507 -0.87834410 0.47510970 0.00000000
-0.22544300 0.45301590 0.86252660 0.00000000
0.29793300 0.87104610 -0.14898440 1.00000000

0.57939670 0.17330790 -0.79640700 0.00000000
0.13721610 -0.98392580 -0.11428790 0.00000000
-0.80341240 -0.04306195 -0.59386380 0.00000000
0.41643870 1.08110300 -0.09882870 1.00000000

0.78195740 0.40294170 -0.47558470 0.00000000
0.53630290 -0.82375710 0.18385770 0.00000000
-0.31768200 -0.39882620 -0.86024150 0.00000000
0.24205090 1.44088600 -0.14233310 1.00000000

0.64947340 0.25284640 -0.71711460 0.00000000
0.53068970 -0.82614620 0.18934290 0.00000000
-0.54456680 -0.50353840 -0.67074310 0.00000000
0.34288190 1.28391800 -0.10635800 1.00000000

0.43700510 0.50671520 -0.74314620 0.00000000
0.71699360 -0.69511240 -0.05233747 0.00000000
-0.54309030 -0.50995920 -0.66707910 0.00000000
0.28608490 1.48501200 -0.20945380 1.00000000

0.95668570 0.26413280 -0.12241880 0.00000000
-0.28042440 0.72314610 -0.63120660 0.00000000
-0.07819587 0.63819560 0.76589280 0.00000000
-0.03290378 1.54018700 -0.05054762 1.00000000

0.99267750 0.10388020 0.06164956 0.00000000
-0.08489529 0.96301720 -0.25571610 0.00000000
-0.08593354 0.24860990 0.96478410 0.00000000
-0.06690202 1.62786000 -0.12707420 1.00000000

0.99267750 0.10388020 0.06164956 0.00000000
-0.08489529 0.96301720 -0.25571610 0.00000000
-0.08593354 0.24860990 0.96478410 0.00000000
-0.06132399 1.65107400 -0.25600790 1.00000000

0.96752230 -0.21024140 0.14035330 0.00000000
-0.24729860 -0.90227640 0.35318710 0.00000000
0.05238280 -0.37642570 -0.92496510 0.00000000
-0.01073839 1.65297700 -0.22845940 1.00000000

0.93920310 0.34332860 -0.00481549 0.00000000
-0.32124680 0.87367140 -0.36537470 0.00000000
-0.12123650 0.34470790 0.93084800 0.00000000
-0.11536640 1.64013000 -0.23351960 1.00000000

0.99267750 0.10388020 0.06164947 0.00000000
0.08489529 -0.96301720 0.25571610 0.00000000
0.08593345 -0.24860990 -0.96478410 0.00000000
-0.02786187 1.67081400 -0.22547090 1.00000000

0.99267750 0.10388020 0.06164956 0.00000000
-0.08489529 0.96301720 -0.25571610 0.00000000
-0.08593354 0.24860990 0.96478410 0.00000000
-0.10161820 1.66309500 -0.23005120 1.00000000

0.96982430 0.23874880 -0.04939461 0.00000000
0.24324610 -0.93382590 0.26229830 0.00000000
0.01649764 -0.26639830 -0.96372190 0.00000000
-0.04447696 1.66600900 -0.26513590 1.00000000

0.97581130 0.21638260 0.03115726 0.00000000
-0.20101650 0.94412480 -0.26119080 0.00000000
-0.08593354 0.24860990 0.96478410 0.00000000
-0.07616139 1.66418400 -0.26858120 1.00000000

0.96891810 0.11930030 0.21671470 0.00000000
0.11101540 -0.99255760 0.05005458 0.00000000
0.22107320 -0.02444017 -0.97495090 0.00000000
0.00194092 1.69138300 -0.24730370 1.00000000

0.99501430 0.09301048 -0.03599954 0.00000000
-0.09687214 0.98715600 -0.12703770 0.00000000
0.02372131 0.12989170 0.99124430 0.00000000
-0.13216730 1.67830600 -0.25697150 1.00000000

0.97674850 0.21192880 0.03238845 0.00000000
0.19622900 -0.94460010 0.26310590 0.00000000
0.08635387 -0.25063270 -0.96422310 0.00000000
-0.02787485 1.67103000 -0.22562600 1.00000000

0.99591550 -0.00549644 0.09012261 0.00000000
0.03114274 0.95780310 -0.28573270 0.00000000
-0.08474943 0.28737230 0.95406220 0.00000000
-0.10161550 1.66308700 -0.23008170 1.00000000

0.98185320 0.16801770 0.08794415 0.00000000
-0.14293710 0.96042390 -0.23907160 0.00000000
-0.12463200 0.22216280 0.96701120 0.00000000
-0.06509660 1.63450500 -0.16734170 1.00000000

0.91181990 0.39721300 0.10395430 0.00000000
0.38450570 -0.91487390 0.12313020 0.00000000
0.14401390 -0.07230157 -0.98693080 0.00000000
-0.02457276 1.58748900 -0.25608740 1.00000000

0.98154390 0.17008110 0.08743018 0.00000000
-0.15928860 0.98010970 -0.11837230 0.00000000
-0.10582420 0.10226090 0.98911260 0.00000000
-0.05106252 1.59968900 -0.26723750 1.00000000

0.99706720 -0.07652801 0.00086939 0.00000000
0.07633704 0.99363800 -0.08280078 0.00000000
0.00547269 0.08262438 0.99656570 0.00000000
-0.07833659 1.58016800 -0.25805770 1.00000000

0.99247800 0.00857375 0.12212340 0.00000000
-0.03138901 -0.94637760 0.32153450 0.00000000
0.11833170 -0.32294920 -0.93898980 0.00000000
-0.00398498 1.59630000 -0.22481940 1.00000000

0.95248090 0.30439260 -0.01119384 0.00000000
-0.29018310 0.89561950 -0.33713410 0.00000000
-0.09259567 0.32436210 0.94139020 0.00000000
-0.11202870 1.58034400 -0.22850980 1.00000000

0.97994920 0.13867120 0.14307340 0.00000000
0.06301865 -0.89691630 0.43768700 0.00000000
0.18901960 -0.41989460 -0.88767120 0.00000000
-0.02969846 1.60998200 -0.25004660 1.00000000

0.98970410 0.13254300 0.05402160 0.00000000
-0.09604585 0.89484830 -0.43591490 0.00000000
-0.10611860 0.42623820 0.89836510 0.00000000
-0.05532091 1.60936100 -0.25741570 1.00000000

0.98793230 0.15003910 -0.03844747 0.00000000
-0.15001490 0.86513900 -0.47857090 0.00000000
-0.03854200 0.47856330 0.87720690 0.00000000
-0.08308516 1.60503900 -0.25229850 1.00000000

0.99264280 0.10427470 0.06154487 0.00000000
0.07330048 -0.92207300 0.38001080 0.00000000
0.09637436 -0.37270360 -0.92293220 0.00000000
-0.04076252 1.63550900 -0.25237850 1.00000000

0.99264280 0.10427470 0.06154487 0.00000000
-0.07330045 0.92207310 -0.38001070 0.00000000
-0.09637436 0.37270360 0.92293230 0.00000000
-0.05779356 1.62486000 -0.26868120 1.00000000

0.99264280 0.10427470 0.06154487 0.00000000
-0.07330045 0.92207310 -0.38001070 0.00000000
-0.09637436 0.37270360 0.92293230 0.00000000
-0.07856612 1.63134600 -0.25467310 1.00000000

0.99267750 0.10388020 0.06164956 0.00000000
-0.08493084 0.96312020 -0.25531660 0.00000000
-0.08589843 0.24821100 0.96489010 0.00000000
-0.07288593 1.71807200 -0.18273270 1.00000000

0.25432010 -0.92001830 0.29814040 0.00000000
0.79311660 0.02199471 -0.60867290 0.00000000
0.55343250 0.39125780 0.73527530 0.00000000
-0.06390851 1.47194500 0.02427932 1.00000000

0.06024438 -0.25634260 -0.96470680 0.00000000
0.52842110 0.82812050 -0.18705000 0.00000000
0.84684230 -0.49850270 0.18534630 0.00000000
-0.24148690 1.46702800 0.16055600 1.00000000

0.11883950 -0.19325160 -0.97392570 0.00000000
0.70385590 -0.67544540 0.21991080 0.00000000
-0.70033160 -0.71163740 0.05575186 0.00000000
-0.39946830 1.21944600 0.21647580 1.00000000

0.34492950 -0.04573013 -0.93751420 0.00000000
0.43519250 -0.87717640 0.20290280 0.00000000
-0.83164380 -0.47798610 -0.28266240 0.00000000
-0.57625900 1.38910000 0.16124080 1.00000000

