MeshAnim
1
35
79
30
0.77101240 -0.00988551 -0.63674350 0.00000000
-0.01891703 0.99908270 -0.03841689 0.00000000
0.63653920 0.04166519 0.77011810 0.00000000
0.01237277 0.85903010 0.05810552 1.00000000

0.94415800 0.16302230 0.28633810 0.00000000
0.27005680 -0.88075260 -0.38902950 0.00000000
0.18877250 0.44463290 -0.87559500 0.00000000
0.11171420 0.82644860 -0.02922745 1.00000000

0.94415800 0.16302230 0.28633810 0.00000000
0.10331390 -0.97167410 0.21254570 0.00000000
0.31287690 -0.17109390 -0.93425630 0.00000000
0.23063490 0.43860550 -0.20053820 1.00000000

0.99132820 0.06231824 -0.11569330 0.00000000
0.06203496 -0.99805560 -0.00605069 0.00000000
-0.11584550 -0.00117876 -0.99326660 0.00000000
0.26358810 0.12867860 -0.13274430 1.00000000

0.99116870 0.06228923 -0.11706710 0.00000000
0.06660174 -0.99722420 0.03329108 0.00000000
-0.11466850 -0.04079390 -0.99256580 0.00000000
0.25417840 0.02452946 -0.26947140 1.00000000

0.57535890 -0.23251700 -0.78415430 0.00000000
0.32070010 0.94610030 -0.04522921 0.00000000
0.75240520 -0.22545540 0.61891560 0.00000000
-0.09264131 0.82906830 0.13954030 1.00000000

0.57535620 -0.23252490 -0.78415390 0.00000000
-0.20701900 0.88611730 -0.41465580 0.00000000
0.79127010 0.40090950 0.46169610 0.00000000
-0.23386270 0.41244980 0.15945710 1.00000000

0.44429870 -0.10249550 -0.88999630 0.00000000
0.05992597 0.99460900 -0.08462721 0.00000000
0.89387240 -0.01573420 0.44804560 0.00000000
-0.16783180 0.12981180 0.29171690 1.00000000

0.43527990 -0.10270190 -0.89441810 0.00000000
-0.03788720 0.99050240 -0.13217310 0.00000000
0.89949760 0.09141923 0.42725480 0.00000000
-0.29655290 0.02833939 0.23914290 1.00000000

0.78026320 -0.01236937 -0.62532900 0.00000000
-0.00303019 0.99971800 -0.02355596 0.00000000
0.62544400 0.02027470 0.78000560 0.00000000
0.01174564 0.99543830 0.05522840 1.00000000

0.80547560 -0.03618800 -0.59152310 0.00000000
-0.04353745 0.99182340 -0.11996230 0.00000000
0.59102760 0.12238010 0.79731400 0.00000000
0.01122285 1.16791900 0.05116431 1.00000000

0.71129160 -0.09696779 -0.69617640 0.00000000
-0.32024930 0.83695890 -0.44377940 0.00000000
0.62570320 0.53860670 0.56426800 0.00000000
0.00950092 1.35533100 0.03735411 1.00000000

-0.32862630 0.76066610 -0.55981420 0.00000000
0.44790060 -0.39632170 -0.80144500 0.00000000
-0.83149840 -0.51411710 -0.21046100 0.00000000
0.02953235 1.43496200 -0.04418699 1.00000000

-0.50625400 0.16955390 -0.84555180 0.00000000
-0.23567430 -0.97035970 -0.05347650 0.00000000
-0.82955660 0.17220230 0.53120820 0.00000000
0.12981700 1.34622600 -0.22363000 1.00000000

-0.52371550 0.12548900 -0.84259970 0.00000000
-0.80313060 -0.40256510 0.43922940 0.00000000
-0.28408290 0.90674910 0.31161360 0.00000000
0.05935854 1.05612300 -0.23961810 1.00000000

0.40865090 -0.84252890 0.35092750 0.00000000
-0.87583750 -0.47016110 -0.10889010 0.00000000
0.25673540 -0.26285760 -0.93005000 0.00000000
-0.14236710 0.95500960 -0.12929510 1.00000000

-0.25035500 0.91137180 -0.32668750 0.00000000
0.25673540 -0.26285760 -0.93005000 0.00000000
-0.93349330 -0.31671470 -0.16817370 0.00000000
-0.17378630 0.93024900 -0.17935500 1.00000000

-0.85545870 -0.50444900 0.11713830 0.00000000
-0.50218040 0.75278380 -0.42559590 0.00000000
0.12651160 -0.42290440 -0.89730000 0.00000000
-0.24557650 0.87694540 -0.20981310 1.00000000

-0.96134090 0.17322550 -0.21404810 0.00000000
0.24650790 0.88780030 -0.38864480 0.00000000
0.12270880 -0.42638480 -0.89618040 0.00000000
-0.27317930 0.91832300 -0.23320640 1.00000000

-0.77466250 -0.62314470 0.10765090 0.00000000
-0.59210160 0.65496120 -0.46951250 0.00000000
0.22206700 -0.42745410 -0.87633870 0.00000000
-0.25790910 0.88643910 -0.16780260 1.00000000

-0.92672880 0.18702930 -0.32587430 0.00000000
0.30426690 0.88241630 -0.35883580 0.00000000
0.22044410 -0.43169650 -0.87466750 0.00000000
-0.29086700 0.92430110 -0.19466460 1.00000000

-0.78757350 -0.59848860 0.14676390 0.00000000
-0.57656190 0.63162050 -0.51829770 0.00000000
0.21749620 -0.49281600 -0.84251310 0.00000000
-0.27024270 0.90179850 -0.12962710 1.00000000

-0.92271970 0.17763170 -0.34210480 0.00000000
0.31825140 0.85180990 -0.41609660 0.00000000
0.21749620 -0.49281600 -0.84251310 0.00000000
-0.30141460 0.93594700 -0.15764900 1.00000000

-0.85721040 -0.51465970 -0.01776531 0.00000000
-0.36784410 0.63609010 -0.67829220 0.00000000
0.36039010 -0.57490440 -0.73457770 0.00000000
-0.27959980 0.91601180 -0.09829453 1.00000000

-0.92711440 -0.12102170 -0.35470110 0.00000000
0.11707940 0.80553590 -0.58086530 0.00000000
0.35602190 -0.58005690 -0.73265480 0.00000000
-0.29719200 0.94803130 -0.13202040 1.00000000

0.68371870 -0.43111230 -0.58878790 0.00000000
-0.62500730 -0.76243150 -0.16752370 0.00000000
-0.37668870 0.48253610 -0.79073690 0.00000000
-0.18856300 0.93026530 -0.22335850 1.00000000

-0.02737081 -0.83478780 -0.54989170 0.00000000
-0.98921440 0.10180520 -0.10531140 0.00000000
0.14389430 0.54107820 -0.82857050 0.00000000
-0.22459140 0.88412070 -0.23435470 1.00000000

0.09555538 -0.81469360 -0.57196460 0.00000000
-0.80313060 -0.40256510 0.43922940 0.00000000
-0.58809020 0.41739170 -0.69277250 0.00000000
-0.03271087 1.00997400 -0.18926570 1.00000000

-0.40300260 0.15578290 -0.90184280 0.00000000
-0.24064110 -0.96876970 -0.05980953 0.00000000
-0.88299520 0.19291710 0.42790450 0.00000000
0.12981700 1.34622600 -0.22363000 1.00000000

-0.55583610 0.17972670 -0.81163050 0.00000000
-0.23567430 -0.97035970 -0.05347650 0.00000000
-0.79718470 0.16155640 0.58171800 0.00000000
0.08503890 1.16185800 -0.23379060 1.00000000

-0.10146270 0.19593030 -0.97535460 0.00000000
0.54239320 -0.81098810 -0.21933540 0.00000000
-0.83397530 -0.55128020 -0.02398619 0.00000000
0.12416130 1.36165000 -0.31302670 1.00000000

0.89527700 0.26706030 -0.35659230 0.00000000
-0.44260590 0.62441880 -0.64358480 0.00000000
0.05078700 0.73401650 0.67723010 0.00000000
-0.04922586 1.50576700 -0.04360141 1.00000000

0.99522630 0.08942599 0.03908306 0.00000000
-0.07126928 0.93954150 -0.33493690 0.00000000
-0.06667227 0.33055260 0.94142960 0.00000000
-0.10288670 1.58147100 -0.12162850 1.00000000

0.99522630 0.08942599 0.03908306 0.00000000
-0.07126928 0.93954150 -0.33493690 0.00000000
-0.06667227 0.33055260 0.94142960 0.00000000
-0.09885531 1.59363800 -0.25212620 1.00000000

0.96556990 -0.21640930 0.14436690 0.00000000
-0.25824000 -0.86438010 0.43146230 0.00000000
0.03141543 -0.45388840 -0.89050490 0.00000000
-0.04782905 1.59687100 -0.22553090 1.00000000

0.94510530 0.32342260 -0.04662681 0.00000000
-0.31085110 0.84588430 -0.43341840 0.00000000
-0.10073630 0.42411990 0.89998580 0.00000000
-0.15273830 1.58567500 -0.22805740 1.00000000

0.99522630 0.08942599 0.03908306 0.00000000
0.07126928 -0.93954150 0.33493690 0.00000000
0.06667224 -0.33055260 -0.94142960 0.00000000
-0.06457791 1.61522500 -0.22382540 1.00000000

0.99522630 0.08942599 0.03908306 0.00000000
-0.07126928 0.93954150 -0.33493690 0.00000000
-0.06667227 0.33055260 0.94142960 0.00000000
-0.13852360 1.60858000 -0.22672890 1.00000000

0.97313700 0.21488750 -0.08263019 0.00000000
0.23020650 -0.91297690 0.33686550 0.00000000
-0.00305131 -0.34683830 -0.93792000 0.00000000
-0.08188079 1.60742200 -0.26271220 1.00000000

0.97994460 0.19926860 -0.00056681 0.00000000
-0.18778470 0.92251120 -0.33720900 0.00000000
-0.06667227 0.33055260 0.94142960 0.00000000
-0.11364200 1.60592800 -0.26555760 1.00000000

0.97411970 0.11830100 0.19260250 0.00000000
0.09370762 -0.98678830 0.13216660 0.00000000
0.20569330 -0.11069770 -0.97233570 0.00000000
-0.03474279 1.63330200 -0.24772240 1.00000000

0.99587540 0.07033254 -0.05732241 0.00000000
-0.08084102 0.97465320 -0.20860480 0.00000000
0.04119754 0.21237830 0.97631880 0.00000000
-0.16919840 1.62206100 -0.25441740 1.00000000

0.98081930 0.19491690 0.00102308 0.00000000
0.18301910 -0.92273080 0.33922260 0.00000000
0.06706405 -0.33252890 -0.94070560 0.00000000
-0.06458937 1.61542800 -0.22399800 1.00000000

0.99691000 -0.01720811 0.07664329 0.00000000
0.04418333 0.92956970 -0.36598930 0.00000000
-0.06494746 0.36824470 0.92745760 0.00000000
-0.13852150 1.60857000 -0.22675870 1.00000000

0.98597230 0.15574710 0.06001323 0.00000000
-0.12908800 0.93948450 -0.31734100 0.00000000
-0.10580660 0.30514240 0.94641060 0.00000000
-0.10157530 1.58466700 -0.16233430 1.00000000

0.92036850 0.38679160 0.05756852 0.00000000
0.36964770 -0.90854940 0.19467640 0.00000000
0.12760290 -0.15789390 -0.97917680 0.00000000
-0.06327131 1.52957100 -0.24733850 1.00000000

0.98569260 0.15776540 0.05933124 0.00000000
-0.14323570 0.96957330 -0.19852280 0.00000000
-0.08884609 0.18718410 0.97829870 0.00000000
-0.08970201 1.54130000 -0.25911590 1.00000000

0.99540860 -0.09550891 -0.00630051 0.00000000
0.09311200 0.98147470 -0.16744490 0.00000000
0.02217615 0.16608940 0.98586130 0.00000000
-0.11718310 1.52315400 -0.24794860 1.00000000

0.99421730 -0.00043037 0.10738570 0.00000000
-0.04367560 -0.91516860 0.40069850 0.00000000
0.09810361 -0.40307150 -0.90989540 0.00000000
-0.04205218 1.54058100 -0.21721060 1.00000000

0.95757440 0.28383760 -0.04987562 0.00000000
-0.27896640 0.86952480 -0.40755930 0.00000000
-0.07231259 0.40418190 0.91181580 0.00000000
-0.15041170 1.52647000 -0.21806320 1.00000000

0.98437620 0.13118720 0.11744480 0.00000000
0.05337632 -0.85794690 0.51095810 0.00000000
0.16779240 -0.49670630 -0.85154500 0.00000000
-0.06789457 1.55258700 -0.24314920 1.00000000

0.99265850 0.11739730 0.02910331 0.00000000
-0.08640485 0.85667650 -0.50856650 0.00000000
-0.08463645 0.50231810 0.86053060 0.00000000
-0.09363350 1.55184600 -0.25008860 1.00000000

0.98979450 0.12707940 -0.06448013 0.00000000
-0.14154940 0.82453470 -0.54781970 0.00000000
-0.01645055 0.55135610 0.83410790 0.00000000
-0.12139050 1.54850900 -0.24424560 1.00000000

0.99519710 0.08981086 0.03894573 0.00000000
0.06231813 -0.88806370 0.45547710 0.00000000
0.07549322 -0.45086250 -0.88939510 0.00000000
-0.07852715 1.57803800 -0.24747690 1.00000000

0.99519710 0.08981086 0.03894573 0.00000000
-0.06231815 0.88806370 -0.45547710 0.00000000
-0.07549319 0.45086240 0.88939520 0.00000000
-0.09599563 1.56638700 -0.26258780 1.00000000

0.99519710 0.08981086 0.03894573 0.00000000
-0.06231815 0.88806370 -0.45547710 0.00000000
-0.07549319 0.45086240 0.88939520 0.00000000
-0.11643080 1.57443000 -0.24889470 1.00000000

0.99522630 0.08942599 0.03908306 0.00000000
-0.07129691 0.93967840 -0.33454700 0.00000000
-0.06664282 0.33016340 0.94156810 0.00000000
-0.10807840 1.66677700 -0.18461890 1.00000000

0.39746080 -0.82596570 0.39975750 0.00000000
0.40152700 -0.23517790 -0.88513700 0.00000000
0.82510670 0.51232070 0.23817340 0.00000000
-0.06944733 1.45575000 0.01275903 1.00000000

0.83228640 -0.45635060 0.31471190 0.00000000
0.55425940 0.69508470 -0.45787990 0.00000000
-0.00979775 0.55551930 0.83144610 0.00000000
-0.15935160 1.50841200 0.21093430 1.00000000

0.87083680 -0.39567550 0.29169230 0.00000000
-0.01475927 0.57207310 0.82007000 0.00000000
-0.49135080 -0.71845240 0.49234240 0.00000000
-0.32505580 1.30060300 0.34782630 1.00000000

0.99967680 -0.01546261 0.02018094 0.00000000
-0.00149798 0.75658590 0.65389300 0.00000000
-0.02537963 -0.65371170 0.75631800 0.00000000
-0.32134970 1.15691300 0.14184640 1.00000000

-0.98422940 -0.11615200 -0.13342160 0.00000000
-0.02537963 -0.65371170 0.75631800 0.00000000
-0.17506730 0.74777660 0.64045440 0.00000000
-0.26951620 1.09000200 0.03586749 1.00000000

0.97762610 0.13861120 0.15822240 0.00000000
-0.20988240 0.69293880 0.68977200 0.00000000
-0.01402840 -0.70754710 0.70652690 0.00000000
-0.31473710 1.09909400 0.00098274 1.00000000

0.52418980 0.60005330 0.60428570 0.00000000
-0.85053750 0.33343460 0.40670260 0.00000000
0.04255345 -0.72715720 0.68515090 0.00000000
-0.30320030 1.06100500 -0.03693129 1.00000000

0.16210110 0.79137290 0.58945080 0.00000000
-0.98510430 0.09504334 0.14330600 0.00000000
0.05738512 -0.60390040 0.79499150 0.00000000
-0.31757400 1.06854300 0.03362807 1.00000000

-0.96886830 0.15660680 0.19175240 0.00000000
-0.24004400 -0.78382400 -0.57271190 0.00000000
0.06060946 -0.60091140 0.79701450 0.00000000
-0.26134430 1.06391000 0.02600334 1.00000000

0.00220963 0.76551150 0.64341860 0.00000000
-0.99428580 -0.06699032 0.08311689 0.00000000
0.10672980 -0.63992570 0.76098900 0.00000000
-0.31407550 1.04098800 0.06639931 1.00000000

-0.95323170 0.15956300 0.25668960 0.00000000
-0.27052280 -0.82917290 -0.48917280 0.00000000
0.13478610 -0.53573550 0.83355920 0.00000000
-0.26031940 1.04461000 0.06190509 1.00000000

0.04303357 0.76673190 0.64052370 0.00000000
-0.96982770 -0.12192850 0.21111100 0.00000000
0.23996360 -0.63028250 0.73835060 0.00000000
-0.31017240 1.01928800 0.09441962 1.00000000

-0.94832840 0.06309118 0.31095480 0.00000000
-0.17975710 -0.91441240 -0.36268130 0.00000000
0.26145880 -0.39983710 0.87850420 0.00000000
-0.26193000 1.02598000 0.08441726 1.00000000

0.19973780 -0.97984680 0.00233766 0.00000000
-0.92881910 -0.18857510 0.31895890 0.00000000
-0.31208980 -0.06587940 -0.94776550 0.00000000
-0.29473120 1.16344000 0.04478633 1.00000000

-0.94165290 -0.32314930 -0.09415275 0.00000000
-0.32926440 0.82636790 0.45683880 0.00000000
-0.06982231 0.46118480 -0.88455260 0.00000000
-0.24575770 1.17431400 0.02519210 1.00000000

0.96592900 -0.20378340 0.15954170 0.00000000
-0.01475927 0.57207310 0.82007000 0.00000000
-0.25838620 -0.79448430 0.54957430 0.00000000
-0.32336260 1.23501800 0.25381290 1.00000000

0.77414560 -0.62807470 -0.07887211 0.00000000
0.52942750 0.71072650 -0.46322210 0.00000000
0.34699450 0.31684430 0.88272570 0.00000000
-0.15935180 1.50841200 0.21093440 1.00000000

0.83134680 -0.48922470 0.26366990 0.00000000
0.55425940 0.69508470 -0.45787990 0.00000000
0.04073322 0.52679850 0.84901370 0.00000000
-0.26465920 1.37634500 0.29793200 1.00000000

0.70982430 -0.65973720 -0.24677230 0.00000000
0.03994042 0.38747490 -0.92101480 0.00000000
0.70324550 0.64390240 0.30138910 0.00000000
-0.21875130 1.56531600 0.23340790 1.00000000

0.99519930 -0.09786879 -0.00000003 0.00000000
0.09786879 0.99519940 -0.00000001 0.00000000
0.00000003 0.00000001 1.00000000 0.00000000
-0.15045200 0.90458920 0.11937950 1.00000000

1.00000000 0.00000000 0.00000000 0.00000000
0.00000000 1.00000000 0.00000000 0.00000000
0.00000000 0.00000000 1.00000000 0.00000000
0.00000000 0.00000000 0.00000000 1.00000000

1.00000000 0.00000000 0.00000000 0.00000000
0.00000000 1.00000000 0.00000000 0.00000000
0.00000000 0.00000000 1.00000000 0.00000000
0.00000000 0.00000000 0.00000000 1.00000000

0.76968100 -0.01390668 -0.63827720 0.00000000
-0.01423176 0.99914060 -0.03893083 0.00000000
0.63827000 0.03904813 0.76882170 0.00000000
0.01071035 0.85905550 0.06288466 1.00000000

0.94437000 0.16411620 0.28501070 0.00000000
0.27123060 -0.87876200 -0.39269730 0.00000000
0.18600860 0.44815520 -0.87438990 0.00000000
0.10972050 0.82595340 -0.02462862 1.00000000

0.94437000 0.16411620 0.28501070 0.00000000
0.10801900 -0.97329950 0.20253390 0.00000000
0.31063990 -0.16048030 -0.93688260 0.00000000
0.22915800 0.43898680 -0.19755460 1.00000000

0.99125960 0.06431625 -0.11518680 0.00000000
0.06397922 -0.99792920 -0.00662414 0.00000000
-0.11537430 -0.00080331 -0.99332170 0.00000000
0.26361200 0.12854150 -0.13295400 1.00000000

0.99117400 0.06317224 -0.11654770 0.00000000
0.06741954 -0.99718330 0.03286386 0.00000000
-0.11414340 -0.04043143 -0.99264130 0.00000000
0.25446950 0.02445692 -0.26974840 1.00000000

0.57438300 -0.22512210 -0.78702250 0.00000000
0.32069490 0.94647200 -0.03668274 0.00000000
0.75315270 -0.23132410 0.61583290 0.00000000
-0.09428220 0.82963880 0.14454560 1.00000000

0.57438020 -0.22513010 -0.78702210 0.00000000
-0.21212050 0.88766370 -0.40872750 0.00000000
0.79062780 0.40170850 0.46210180 0.00000000
-0.23550130 0.41285650 0.16069900 1.00000000

0.44380800 -0.10227200 -0.89026680 0.00000000
0.05992050 0.99462960 -0.08438995 0.00000000
0.89411650 -0.01589230 0.44755280 0.00000000
-0.16784320 0.12972550 0.29106780 1.00000000

0.43454270 -0.10308140 -0.89473280 0.00000000
-0.04008754 0.99023070 -0.13355280 0.00000000
0.89975870 0.09390204 0.42616540 0.00000000
-0.29659720 0.02827227 0.23853670 1.00000000

0.77916440 -0.01654559 -0.62660140 0.00000000
-0.00097429 0.99961840 -0.02760672 0.00000000
0.62681900 0.02212066 0.77885090 0.00000000
0.01072763 0.99546360 0.05993345 1.00000000

0.80464790 -0.03810994 -0.59252800 0.00000000
-0.04351997 0.99146830 -0.12286850 0.00000000
0.59215530 0.12465270 0.79612440 0.00000000
0.01055954 1.16792700 0.05517049 1.00000000

0.71031640 -0.09713985 -0.69714750 0.00000000
-0.32239340 0.83553640 -0.44490610 0.00000000
0.62571030 0.54077980 0.56217800 0.00000000
0.00885318 1.35529700 0.04080207 1.00000000

-0.32993410 0.75853170 -0.56193720 0.00000000
0.44594690 -0.39942370 -0.80099450 0.00000000
-0.83203080 -0.51486950 -0.20648150 0.00000000
0.02861621 1.43480100 -0.04092880 1.00000000

-0.50698510 0.16983440 -0.84505790 0.00000000
-0.27088930 -0.96211640 -0.03084267 0.00000000
-0.81828200 0.21328020 0.53378490 0.00000000
0.12846350 1.34537000 -0.22027100 1.00000000

-0.52401850 0.13062230 -0.84163110 0.00000000
-0.78816100 -0.44890330 0.42105620 0.00000000
-0.32281140 0.88398180 0.33818490 0.00000000
0.04747695 1.05773200 -0.22949230 1.00000000

0.40758410 -0.83958670 0.35912410 0.00000000
-0.87922020 -0.46704450 -0.09402931 0.00000000
0.24667240 -0.27742430 -0.92854140 0.00000000
-0.15048870 0.94497910 -0.12373390 1.00000000

-0.24871700 0.90793280 -0.33734030 0.00000000
0.24667240 -0.27742430 -0.92854140 0.00000000
-0.93663940 -0.31415650 -0.15496190 0.00000000
-0.18250140 0.91967400 -0.17314120 1.00000000

-0.85690460 -0.49821700 0.13226720 0.00000000
-0.50226760 0.74928120 -0.43163170 0.00000000
0.11594070 -0.43630050 -0.89230060 0.00000000
-0.25484610 0.86632100 -0.20216710 1.00000000

-0.96239910 0.17522080 -0.20757210 0.00000000
0.24741720 0.88086500 -0.40356200 0.00000000
0.11213040 -0.43974450 -0.89109610 0.00000000
-0.28245380 0.90750600 -0.22589220 1.00000000

-0.77681110 -0.61745950 0.12372770 0.00000000
-0.59309670 0.65131800 -0.47330960 0.00000000
0.21166310 -0.44105440 -0.87216400 0.00000000
-0.26673650 0.87647670 -0.16018400 1.00000000

-0.92876390 0.18724810 -0.31990060 0.00000000
0.30542410 0.87560200 -0.37421640 0.00000000
0.21003410 -0.44526390 -0.87041740 0.00000000
-0.29974920 0.91412550 -0.18727720 1.00000000

-0.78922910 -0.59218130 0.16260240 0.00000000
-0.57813390 0.62720350 -0.52189820 0.00000000
0.20707350 -0.50590290 -0.83736690 0.00000000
-0.27863340 0.89244300 -0.12211910 1.00000000

-0.92495520 0.17759940 -0.33603170 0.00000000
0.31871510 0.84410980 -0.43116130 0.00000000
0.20707350 -0.50590290 -0.83736690 0.00000000
-0.30989030 0.92635260 -0.15033550 1.00000000

-0.85997030 -0.51033820 -0.00245449 0.00000000
-0.37090150 0.62829450 -0.68387000 0.00000000
0.35054720 -0.58719750 -0.72960000 0.00000000
-0.28762390 0.90715010 -0.09090716 1.00000000

-0.93100070 -0.12117600 -0.34431760 0.00000000
0.11577590 0.79655420 -0.59337820 0.00000000
0.34617080 -0.59229880 -0.72756310 0.00000000
-0.30536620 0.93877840 -0.12492260 1.00000000

0.67595950 -0.44304880 -0.58888620 0.00000000
-0.63045350 -0.76143720 -0.15080540 0.00000000
-0.38158570 0.47320360 -0.79402220 0.00000000
-0.19768890 0.91914150 -0.21700150 1.00000000

-0.03679863 -0.84237850 -0.53762930 0.00000000
-0.98962060 0.10550400 -0.09757221 0.00000000
0.13891450 0.52845840 -0.83751730 0.00000000
-0.23405490 0.87303530 -0.22700240 1.00000000

0.13678480 -0.79477260 -0.59129250 0.00000000
-0.78816100 -0.44890330 0.42105620 0.00000000
-0.60007700 0.40843940 -0.68781180 0.00000000
-0.04287634 1.00627100 -0.18122330 1.00000000

-0.42829650 0.15738860 -0.88982650 0.00000000
-0.27601390 -0.96044030 -0.03702589 0.00000000
-0.86045250 0.22974630 0.45479450 0.00000000
0.12846350 1.34537000 -0.22027100 1.00000000

-0.56733350 0.18545630 -0.80233340 0.00000000
-0.27088930 -0.96211640 -0.03084267 0.00000000
-0.77765800 0.19984530 0.59607880 0.00000000
0.07699450 1.16256800 -0.22613110 1.00000000

-0.10380250 0.19219050 -0.97585240 0.00000000
0.54182010 -0.81185810 -0.21752640 0.00000000
-0.83406010 -0.55131620 -0.01985997 0.00000000
0.12253710 1.36052500 -0.30940230 1.00000000

0.89417910 0.26864810 -0.35815080 0.00000000
-0.44492850 0.62224720 -0.64408640 0.00000000
0.04982579 0.73527990 0.67592970 0.00000000
-0.05026089 1.50547300 -0.04035404 1.00000000

0.99527910 0.08967035 0.03713486 0.00000000
-0.07205296 0.93900100 -0.33628210 0.00000000
-0.06502417 0.33201880 0.94102900 0.00000000
-0.10420330 1.58091400 -0.11844200 1.00000000

0.99527910 0.08967035 0.03713486 0.00000000
-0.07205296 0.93900100 -0.33628210 0.00000000
-0.06502417 0.33201880 0.94102900 0.00000000
-0.10041130 1.59287700 -0.24896580 1.00000000

0.96587100 -0.21600470 0.14295270 0.00000000
-0.25729450 -0.86374870 0.43328780 0.00000000
0.02988282 -0.45528090 -0.88984670 0.00000000
-0.04933739 1.59616100 -0.22246830 1.00000000

0.94495860 0.32352250 -0.04885137 0.00000000
-0.31179580 0.84514530 -0.43418110 0.00000000
-0.09918082 0.42551460 0.89950030 0.00000000
-0.15424900 1.58494200 -0.22478660 1.00000000

0.99527910 0.08967027 0.03713471 0.00000000
0.07205296 -0.93900100 0.33628210 0.00000000
0.06502390 -0.33201890 -0.94102910 0.00000000
-0.06608657 1.61451500 -0.22076120 1.00000000

0.99527910 0.08967035 0.03713486 0.00000000
-0.07205296 0.93900100 -0.33628210 0.00000000
-0.06502417 0.33201880 0.94102900 0.00000000
-0.14003610 1.60785100 -0.22351990 1.00000000

0.97294520 0.21493630 -0.08473504 0.00000000
0.23098850 -0.91240400 0.33788030 0.00000000
-0.00468987 -0.34831180 -0.93736710 0.00000000
-0.08345854 1.60664700 -0.25960420 1.00000000

0.97990500 0.19944770 -0.00265980 0.00000000
-0.18856910 0.92194570 -0.33831570 0.00000000
-0.06502417 0.33201880 0.94102900 0.00000000
-0.11522470 1.60514300 -0.26238960 1.00000000

0.97444580 0.11878260 0.19064670 0.00000000
0.09413181 -0.98656230 0.13354580 0.00000000
0.20394760 -0.11218720 -0.97253270 0.00000000
-0.03629820 1.63255900 -0.24474070 1.00000000

0.99575640 0.07042558 -0.05924141 0.00000000
-0.08140180 0.97430940 -0.20998810 0.00000000
0.04293117 0.21391930 0.97590760 0.00000000
-0.17076370 1.62128300 -0.25117390 1.00000000

0.98078300 0.19509860 -0.00106466 0.00000000
0.18380730 -0.92216310 0.34033840 0.00000000
0.06541777 -0.33399390 -0.94030260 0.00000000
-0.06609831 1.61471700 -0.22093410 1.00000000

0.99705080 -0.01690432 0.07485938 0.00000000
0.04334494 0.92900150 -0.36752840 0.00000000
-0.06333160 0.36968930 0.92699470 0.00000000
-0.14003420 1.60784100 -0.22354970 1.00000000

0.98605050 0.15602250 0.05797780 0.00000000
-0.12983970 0.93896100 -0.31858120 0.00000000
-0.10414450 0.30660920 0.94612100 0.00000000
-0.10296650 1.58404600 -0.15915510 1.00000000

0.92039930 0.38705090 0.05528918 0.00000000
0.37017030 -0.90817450 0.19543140 0.00000000
0.12585400 -0.15940830 -0.97915790 0.00000000
-0.06480663 1.52882300 -0.24414210 1.00000000

0.98576930 0.15803970 0.05729300 0.00000000
-0.14377720 0.96923360 -0.19978490 0.00000000
-0.08710414 0.18870430 0.97816340 0.00000000
-0.09126080 1.54052900 -0.25588980 1.00000000

0.99541340 -0.09533559 -0.00795841 0.00000000
0.09262452 0.98122760 -0.16915510 0.00000000
0.02393568 0.16764200 0.98555740 0.00000000
-0.11871830 1.52239600 -0.24464420 1.00000000

0.99441090 -0.00007881 0.10558030 0.00000000
-0.04277696 -0.91454580 0.40221390 0.00000000
0.09652624 -0.40448230 -0.90943800 0.00000000
-0.04353482 1.53988500 -0.21407010 1.00000000

0.95742930 0.28393500 -0.05206040 0.00000000
-0.27986850 0.86883210 -0.40841710 0.00000000
-0.07073203 0.40560040 0.91130960 0.00000000
-0.15189320 1.52575300 -0.21470380 1.00000000

0.98456350 0.13155260 0.11545040 0.00000000
0.05446446 -0.85713330 0.51220720 0.00000000
0.16633830 -0.49801240 -0.85106720 0.00000000
-0.06942657 1.55184600 -0.23998060 1.00000000

0.99268770 0.11762540 0.02711591 0.00000000
-0.08748838 0.85586060 -0.50975360 0.00000000
-0.08316720 0.50365380 0.85989320 0.00000000
-0.09517796 1.55108900 -0.24687200 1.00000000

0.98965200 0.12715990 -0.06647730 0.00000000
-0.14269810 0.82364710 -0.54885610 0.00000000
-0.01503858 0.55266260 0.83326960 0.00000000
-0.12292360 1.54775600 -0.24097340 1.00000000

0.99524950 0.09005497 0.03699723 0.00000000
0.06331120 -0.88733570 0.45675750 0.00000000
0.07396194 -0.45224520 -0.88882180 0.00000000
-0.08007175 1.57728800 -0.24432890 1.00000000

0.99524950 0.09005497 0.03699723 0.00000000
-0.06331117 0.88733570 -0.45675740 0.00000000
-0.07396197 0.45224510 0.88882180 0.00000000
-0.09756546 1.56561000 -0.25938960 1.00000000

0.99524950 0.09005497 0.03699723 0.00000000
-0.06331117 0.88733570 -0.45675740 0.00000000
-0.07396197 0.45224510 0.88882180 0.00000000
-0.11797720 1.57367100 -0.24567220 1.00000000

0.99527910 0.08967035 0.03713486 0.00000000
-0.07207984 0.93913840 -0.33589230 0.00000000
-0.06499422 0.33163000 0.94116820 0.00000000
-0.10952540 1.66612000 -0.18155680 1.00000000

0.39952800 -0.82481910 0.40006360 0.00000000
0.40188870 -0.23464120 -0.88511530 0.00000000
0.82393130 0.51440940 0.23773980 0.00000000
-0.07030535 1.45553300 0.01613809 1.00000000

0.83014390 -0.45992790 0.31516270 0.00000000
0.55745400 0.69511940 -0.45393180 0.00000000
-0.01029965 0.55251740 0.83343780 0.00000000
-0.16029070 1.50807500 0.21430850 1.00000000

0.86893010 -0.39928220 0.29246250 0.00000000
-0.00535902 0.58328590 0.81224930 0.00000000
-0.49490590 -0.70735530 0.50469490 0.00000000
-0.32695000 1.30025600 0.35002020 1.00000000

0.99969960 -0.02180370 0.01119724 0.00000000
0.00955352 0.76731540 0.64119860 0.00000000
-0.02257225 -0.64089910 0.76729340 0.00000000
-0.32560500 1.15374900 0.14600460 1.00000000

-0.98617100 -0.11177050 -0.12237010 0.00000000
-0.02257225 -0.64089910 0.76729340 0.00000000
-0.16418750 0.75944460 0.62951310 0.00000000
-0.27520240 1.08474600 0.04067935 1.00000000

0.97994660 0.13468130 0.14685360 0.00000000
-0.19889720 0.70566550 0.68005600 0.00000000
-0.01203874 -0.69562720 0.71830220 0.00000000
-0.32068720 1.09356000 0.00606747 1.00000000

0.53372190 0.60647390 0.58934780 0.00000000
-0.84450360 0.34580580 0.40894010 0.00000000
0.04421151 -0.71596650 0.69673340 0.00000000
-0.30975430 1.05477200 -0.03131256 1.00000000

0.17276670 0.79993590 0.57467760 0.00000000
-0.98308010 0.10398480 0.15080140 0.00000000
0.06087357 -0.59100740 0.80436610 0.00000000
-0.32341800 1.06357400 0.03924139 1.00000000

-0.96599020 0.16623320 0.19806440 0.00000000
-0.25049870 -0.79159000 -0.55734730 0.00000000
0.06413624 -0.58800690 0.80630920 0.00000000
-0.26729350 1.05844000 0.03117563 1.00000000

0.01322129 0.77604120 0.63054360 0.00000000
-0.99388120 -0.05895951 0.09340405 0.00000000
0.10966200 -0.62792030 0.77051320 0.00000000
-0.31979320 1.03654400 0.07243299 1.00000000

-0.94972840 0.17016090 0.26279630 0.00000000
-0.28049030 -0.83534290 -0.47278710 0.00000000
0.13907500 -0.52273100 0.84107710 0.00000000
-0.26605900 1.03973200 0.06738248 1.00000000

0.05402344 0.77694080 0.62725150 0.00000000
-0.96858630 -0.11193040 0.22206320 0.00000000
0.24273850 -0.61954400 0.74648740 0.00000000
-0.31576990 1.01528600 0.10077310 1.00000000

-0.94494760 0.07457161 0.31861170 0.00000000
-0.18910410 -0.91907810 -0.34573870 0.00000000
0.26704680 -0.38695570 0.88258240 0.00000000
-0.26758050 1.02148900 0.09021553 1.00000000

0.19335230 -0.98098580 0.01679620 0.00000000
-0.92700700 -0.17705220 0.33062170 0.00000000
-0.32136120 -0.07949667 -0.94361390 0.00000000
-0.29985310 1.15848900 0.04860754 1.00000000

-0.94458090 -0.31836790 -0.08005711 0.00000000
-0.31957850 0.83600900 0.44604780 0.00000000
-0.07507879 0.44691280 -0.89142130 0.00000000
-0.25099500 1.16870900 0.02838336 1.00000000

0.96547340 -0.20853580 0.15612210 0.00000000
-0.00535902 0.58328590 0.81224930 0.00000000
-0.26044680 -0.78504160 0.56202940 0.00000000
-0.32633440 1.23338500 0.25690340 1.00000000

0.77584510 -0.62698350 -0.07040012 0.00000000
0.53264900 0.71071150 -0.45953700 0.00000000
0.33815640 0.31903090 0.88536420 0.00000000
-0.16029090 1.50807600 0.21430860 1.00000000

0.82944220 -0.48979400 0.26856590 0.00000000
0.55745400 0.69511940 -0.45393180 0.00000000
0.03564787 0.52622330 0.84959900 0.00000000
-0.26620530 1.37600200 0.30055600 1.00000000

0.71134610 -0.65815410 -0.24661690 0.00000000
0.03880399 0.38712670 -0.92120970 0.00000000
0.70176980 0.64572920 0.30092010 0.00000000
-0.21953270 1.56467500 0.23646630 1.00000000

0.99561740 -0.09352093 -0.00000226 0.00000000
0.09352094 0.99561730 -0.00001162 0.00000000
0.00000340 0.00001135 1.00000000 0.00000000
-0.15177250 0.90542350 0.12445860 1.00000000

1.00000000 0.00000000 0.00000000 0.00000000
0.00000000 1.00000000 0.00000000 0.00000000
0.00000000 0.00000000 1.00000000 0.00000000
0.00000000 0.00000000 0.00000000 1.00000000

1.00000000 0.00000000 0.00000000 0.00000000
0.00000000 1.00000000 0.00000000 0.00000000
0.00000000 0.00000000 1.00000000 0.00000000
0.00000000 0.00000000 0.00000000 1.00000000

0.76793840 -0.01816652 -0.64026610 0.00000000
-0.00857746 0.99921640 -0.03863901 0.00000000
0.64046630 0.03516423 0.76718080 0.00000000
0.00979770 0.85907270 0.06879500 1.00000000

0.94469760 0.16500470 0.28340780 0.00000000
0.27206870 -0.87684410 -0.39638720 0.00000000
0.18309870 0.45157250 -0.87324510 0.00000000
0.10838940 0.82542460 -0.01898210 1.00000000

0.94469760 0.16500470 0.28340780 0.00000000
0.11312270 -0.97511790 0.19065210 0.00000000
0.30781450 -0.14804870 -0.93985720 0.00000000
0.22819600 0.43930260 -0.19353290 1.00000000

0.99109990 0.06841423 -0.11419520 0.00000000
0.06796709 -0.99765690 -0.00780918 0.00000000
-0.11446200 -0.00002180 -0.99342760 0.00000000
0.26427780 0.12827720 -0.13272210 1.00000000

0.99109900 0.06575631 -0.11575350 0.00000000
0.06985946 -0.99705140 0.03175064 0.00000000
-0.11332450 -0.03955439 -0.99277040 0.00000000
0.25567580 0.02432817 -0.26965450 1.00000000

0.57344320 -0.21663940 -0.79008250 0.00000000
0.32116020 0.94665490 -0.02647278 0.00000000
0.75367050 -0.23856240 0.61242870 0.00000000
-0.09515144 0.83023910 0.15071930 1.00000000

0.57344040 -0.21664750 -0.79008230 0.00000000
-0.21688910 0.88984310 -0.40142050 0.00000000
0.79001610 0.40155090 0.46328350 0.00000000
-0.23657540 0.41337640 0.16237670 1.00000000

0.44270480 -0.10173620 -0.89087720 0.00000000
0.05993607 0.99467800 -0.08380584 0.00000000
0.89466200 -0.01629443 0.44644630 0.00000000
-0.16739630 0.12955000 0.29041480 1.00000000

0.43313020 -0.10307520 -0.89541820 0.00000000
-0.04206027 0.99004590 -0.13431350 0.00000000
0.90034950 0.09583682 0.42448340 0.00000000
-0.29622670 0.02814704 0.23797440 1.00000000

0.77746970 -0.02052600 -0.62858540 0.00000000
0.00061305 0.99949160 -0.03187942 0.00000000
0.62892020 0.02439993 0.77708690 0.00000000
0.01059300 0.99547920 0.06587857 1.00000000

0.80336670 -0.03993448 -0.59414420 0.00000000
-0.04396306 0.99104850 -0.12605600 0.00000000
0.59385980 0.12738960 0.79441960 0.00000000
0.01069877 1.16792100 0.06037844 1.00000000

0.70897230 -0.09738053 -0.69848080 0.00000000
-0.32504670 0.83382780 -0.44617930 0.00000000
0.62586190 0.54336760 0.55950750 0.00000000
0.00892788 1.35524200 0.04539341 1.00000000

-0.33152760 0.75585850 -0.56459490 0.00000000
0.44466200 -0.40261560 -0.80011020 0.00000000
-0.83208500 -0.51631250 -0.20262330 0.00000000
0.02835144 1.43459000 -0.03656974 1.00000000

-0.50575640 0.17156710 -0.84544380 0.00000000
-0.29854230 -0.95427760 -0.01506065 0.00000000
-0.80937210 0.24478360 0.53385220 0.00000000
0.12791100 1.34444500 -0.21571390 1.00000000

-0.52229060 0.13628780 -0.84180660 0.00000000
-0.77524250 -0.48712860 0.40212580 0.00000000
-0.35526300 0.86263070 0.36007870 0.00000000
0.03865720 1.05915000 -0.22021700 1.00000000

0.40675630 -0.83798860 0.36376430 0.00000000
-0.88137700 -0.46470720 -0.08498237 0.00000000
0.24025810 -0.28604640 -0.92760640 0.00000000
-0.15606360 0.93679610 -0.11921340 1.00000000

-0.24752730 0.90595330 -0.34348100 0.00000000
0.24025810 -0.28604640 -0.92760640 0.00000000
-0.93861940 -0.31213200 -0.14685820 0.00000000
-0.18845330 0.91119190 -0.16821940 1.00000000

-0.85784410 -0.49406520 0.14143340 0.00000000
-0.50217690 0.74741500 -0.43495900 0.00000000
0.10918880 -0.44415140 -0.88927360 0.00000000
-0.26115220 0.85785390 -0.19637470 1.00000000

-0.96298310 0.17687610 -0.20341690 0.00000000
0.24811290 0.87658130 -0.41236600 0.00000000
0.10537370 -0.44757180 -0.88801800 0.00000000
-0.28875490 0.89893640 -0.22028270 1.00000000

-0.77821770 -0.61365720 0.13342650 0.00000000
-0.59358930 0.64942820 -0.47528410 0.00000000
0.20501050 -0.44907480 -0.86965660 0.00000000
-0.27276080 0.86840220 -0.15440950 1.00000000

-0.92996550 0.18784510 -0.31603640 0.00000000
0.30627220 0.87135920 -0.38331610 0.00000000
0.20337710 -0.45326380 -0.86786520 0.00000000
-0.30580060 0.90593940 -0.18162430 1.00000000

-0.79031940 -0.58801110 0.17215970 0.00000000
-0.57899560 0.62485560 -0.52375540 0.00000000
0.20039900 -0.51361360 -0.83429100 0.00000000
-0.28437890 0.88472780 -0.11641100 1.00000000

-0.92628490 0.17804860 -0.33210800 0.00000000
0.31911940 0.83934510 -0.44007160 0.00000000
0.20039900 -0.51361360 -0.83429100 0.00000000
-0.31568230 0.91851070 -0.14472790 1.00000000

-0.86174160 -0.50730160 0.00683793 0.00000000
-0.37271380 0.62386110 -0.68693660 0.00000000
0.34421800 -0.59451040 -0.72668530 0.00000000
-0.29313500 0.89972710 -0.08527166 1.00000000

-0.93341910 -0.12076250 -0.33785440 0.00000000
0.11506860 0.79115210 -0.60069790 0.00000000
0.33983590 -0.59957930 -0.72458030 0.00000000
-0.31096610 0.93113240 -0.11944680 1.00000000

0.67094930 -0.45034020 -0.58908470 0.00000000
-0.63397370 -0.76044060 -0.14073930 0.00000000
-0.38458330 0.46789320 -0.79572090 0.00000000
-0.20389940 0.91034640 -0.21198440 1.00000000

-0.04288188 -0.84670830 -0.53032680 0.00000000
-0.98980210 0.10817780 -0.09267959 0.00000000
0.13584220 0.52094440 -0.84271230 0.00000000
-0.24048370 0.86428690 -0.22138620 1.00000000

0.17227050 -0.77553060 -0.60735120 0.00000000
-0.77524250 -0.48712860 0.40212580 0.00000000
-0.60771890 0.40157010 -0.68514200 0.00000000
-0.05021517 1.00330700 -0.17411820 1.00000000

-0.44848020 0.16251850 -0.87889330 0.00000000
-0.30378920 -0.95250540 -0.02111340 0.00000000
-0.84058180 0.25752930 0.47655110 0.00000000
0.12791100 1.34444500 -0.21571390 1.00000000

-0.57511210 0.19247030 -0.79511080 0.00000000
-0.29854230 -0.95427760 -0.01506065 0.00000000
-0.76165530 0.22871250 0.60627720 0.00000000
0.07118794 1.16313200 -0.21857540 1.00000000

-0.10581960 0.18786860 -0.97647710 0.00000000
0.54193970 -0.81244080 -0.21503840 0.00000000
-0.83372880 -0.55194710 -0.01584122 0.00000000
0.12173340 1.35929900 -0.30451730 1.00000000

0.89278080 0.27112170 -0.35977190 0.00000000
-0.44791260 0.61956390 -0.64460440 0.00000000
0.04813543 0.73663680 0.67457340 0.00000000
-0.05066572 1.50510600 -0.03598895 1.00000000

0.99539420 0.08913567 0.03528997 0.00000000
-0.07207625 0.93853720 -0.33756920 0.00000000
-0.06321040 0.33347090 0.94063900 0.00000000
-0.10497000 1.58022100 -0.11413980 1.00000000

0.99539420 0.08913567 0.03528997 0.00000000
-0.07207625 0.93853720 -0.33756920 0.00000000
-0.06321040 0.33347090 0.94063900 0.00000000
-0.10139510 1.59198500 -0.24468770 1.00000000

0.96598740 -0.21636250 0.14161770 0.00000000
-0.25705950 -0.86294390 0.43502730 0.00000000
0.02808455 -0.45663510 -0.88921110 0.00000000
-0.05027392 1.59528000 -0.21828290 1.00000000

0.94506410 0.32288830 -0.05096093 0.00000000
-0.31204230 0.84467670 -0.43491490 0.00000000
-0.09738332 0.42692450 0.89902840 0.00000000
-0.15519600 1.58411900 -0.22040420 1.00000000

0.99539420 0.08913562 0.03528994 0.00000000
0.07207625 -0.93853720 0.33756920 0.00000000
0.06321043 -0.33347090 -0.94063900 0.00000000
-0.06700929 1.61364600 -0.21657470 1.00000000

0.99539420 0.08913567 0.03528997 0.00000000
-0.07207625 0.93853720 -0.33756920 0.00000000
-0.06321040 0.33347090 0.94063900 0.00000000
-0.14096740 1.60702200 -0.21919640 1.00000000

0.97292510 0.21423160 -0.08672938 0.00000000
0.23102990 -0.91203240 0.33885440 0.00000000
-0.00650665 -0.34971690 -0.93683280 0.00000000
-0.08445267 1.60573000 -0.25537600 1.00000000

0.98001650 0.19886220 -0.00464311 0.00000000
-0.18860580 0.92154820 -0.33937700 0.00000000
-0.06321040 0.33347090 0.94063900 0.00000000
-0.11622440 1.60424000 -0.25810440 1.00000000

0.97484210 0.11849090 0.18879360 0.00000000
0.09377850 -0.98641610 0.13486700 0.00000000
0.20220960 -0.11376930 -0.97271180 0.00000000
-0.03725155 1.63163600 -0.24063240 1.00000000

0.99569450 0.06974583 -0.06105784 0.00000000
-0.08118711 0.97404090 -0.21131270 0.00000000
0.04473469 0.21535990 0.97550960 0.00000000
-0.17173450 1.62043000 -0.24681750 1.00000000

0.98089490 0.19451500 -0.00304294 0.00000000
0.18384730 -0.92175960 0.34140830 0.00000000
0.06360424 -0.33544500 -0.93991020 0.00000000
-0.06702125 1.61384700 -0.21674790 1.00000000

0.99716810 -0.01738325 0.07317179 0.00000000
0.04326190 0.92842260 -0.36899870 0.00000000
-0.06151992 0.37111930 0.92654510 0.00000000
-0.14096550 1.60701100 -0.21922610 1.00000000

0.98624090 0.15552450 0.05604881 0.00000000
-0.12983240 0.93855820 -0.31976910 0.00000000
-0.10233700 0.30809220 0.94583630 0.00000000
-0.10380130 1.58329100 -0.15485960 1.00000000

0.92072140 0.38658760 0.05312574 0.00000000
0.36996920 -0.90809920 0.19616030 0.00000000
0.12407660 -0.16095400 -0.97913160 0.00000000
-0.06582012 1.52791900 -0.23982890 1.00000000

0.98595950 0.15754080 0.05536166 0.00000000
-0.14354780 0.96901750 -0.20099460 0.00000000
-0.08531135 0.19022550 0.97802670 0.00000000
-0.09228757 1.53962300 -0.25154870 1.00000000

0.99534180 -0.09593780 -0.00952521 0.00000000
0.09291312 0.98091720 -0.17078900 0.00000000
0.02572861 0.16910850 0.98526160 0.00000000
-0.11973630 1.52152200 -0.24022870 1.00000000

0.99459060 -0.00051001 0.10387170 0.00000000
-0.04262570 -0.91391510 0.40366140 0.00000000
0.09472415 -0.40590540 -0.90899310 0.00000000
-0.04449020 1.53901300 -0.20981010 1.00000000

0.95750580 0.28328850 -0.05413213 0.00000000
-0.28005690 0.86838330 -0.40924150 0.00000000
-0.06892601 0.40701110 0.91081890 0.00000000
-0.15285780 1.52494400 -0.21023640 1.00000000

0.98483810 0.13114190 0.11356070 0.00000000
0.05483846 -0.85639490 0.51340090 0.00000000
0.16458120 -0.49938930 -0.85060200 0.00000000
-0.07041935 1.55095000 -0.23569400 1.00000000

0.99280230 0.11707720 0.02523351 0.00000000
-0.08785890 0.85514540 -0.51088870 0.00000000
-0.08139169 0.50499450 0.85927640 0.00000000
-0.09618293 1.55019800 -0.24254000 1.00000000

0.98961140 0.12647290 -0.06836858 0.00000000
-0.14315470 0.82290600 -0.54984780 0.00000000
-0.01328003 0.55392280 0.83246220 0.00000000
-0.12392040 1.54689000 -0.23658880 1.00000000

0.99536450 0.08952015 0.03515178 0.00000000
0.06357205 -0.88668570 0.45798160 0.00000000
0.07216704 -0.45362390 -0.88826640 0.00000000
-0.08105694 1.57639100 -0.24006230 1.00000000

0.99536450 0.08952015 0.03515178 0.00000000
-0.06357205 0.88668580 -0.45798150 0.00000000
-0.07216701 0.45362390 0.88826640 0.00000000
-0.09858344 1.56470100 -0.25507550 1.00000000

0.99536450 0.08952015 0.03515178 0.00000000
-0.06357205 0.88668580 -0.45798150 0.00000000
-0.07216701 0.45362390 0.88826640 0.00000000
-0.11896680 1.57279500 -0.24133500 1.00000000

0.99539420 0.08913567 0.03528997 0.00000000
-0.07210241 0.93867520 -0.33717980 0.00000000
-0.06318063 0.33308230 0.94077870 0.00000000
-0.11035020 1.66533500 -0.17737330 1.00000000

0.40136390 -0.82333180 0.40128800 0.00000000
0.40159630 -0.23557210 -0.88500080 0.00000000
0.82318140 0.51636310 0.23609670 0.00000000
-0.07048555 1.45526100 0.02066591 1.00000000

0.82677250 -0.46450630 0.31730320 0.00000000
0.56238640 0.69554410 -0.44714650 0.00000000
-0.01299596 0.54813540 0.83628870 0.00000000
-0.16040540 1.50801100 0.21881070 1.00000000

0.86589540 -0.40387820 0.29513990 0.00000000
0.00116128 0.59163590 0.80620450 0.00000000
-0.50022390 -0.69774600 0.51276410 0.00000000
-0.32853930 1.30006400 0.35249370 1.00000000

0.99962090 -0.02697702 0.00549409 0.00000000
0.01744393 0.77502970 0.63168410 0.00000000
-0.02129927 -0.63134890 0.77520660 0.00000000
