MeshAnim
1
34
79
30
0.74514990 -0.01128481 -0.66680160 0.00000000
-0.09460116 0.98795740 -0.12243670 0.00000000
0.66015330 0.15431390 0.73510880 0.00000000
0.01237277 0.87907830 0.01275961 1.00000000

0.97237280 0.19761930 0.12424900 0.00000000
0.22566340 -0.93197290 -0.28372940 0.00000000
0.05972621 0.30392920 -0.95082060 0.00000000
0.11051170 0.84605120 -0.07575748 1.00000000

0.97237280 0.19761930 0.12424900 0.00000000
0.16837430 -0.96242430 0.21304840 0.00000000
0.16168260 -0.18624220 -0.96910920 0.00000000
0.20988360 0.43565290 -0.20069900 1.00000000

0.99132820 0.06231827 -0.11569320 0.00000000
0.06203505 -0.99805570 -0.00605073 0.00000000
-0.11584530 -0.00117876 -0.99326660 0.00000000
0.26358850 0.12867640 -0.13274460 1.00000000

0.99116870 0.06228927 -0.11706690 0.00000000
0.06660183 -0.99722420 0.03329109 0.00000000
-0.11466850 -0.04079394 -0.99256600 0.00000000
0.25417890 0.02452719 -0.26947170 1.00000000

0.54133100 -0.27185060 -0.79564940 0.00000000
0.22635170 0.95847240 -0.17348110 0.00000000
0.80976890 -0.08618589 0.58038470 0.00000000
-0.08698896 0.84904170 0.10097710 1.00000000

0.54133010 -0.27185440 -0.79564870 0.00000000
-0.05904131 0.93166210 -0.35849660 0.00000000
0.83873470 0.24104110 0.48828610 0.00000000
-0.18666370 0.42697500 0.17737020 1.00000000

0.44429870 -0.10249550 -0.88999620 0.00000000
0.05992606 0.99460910 -0.08462720 0.00000000
0.89387230 -0.01573418 0.44804560 0.00000000
-0.16783200 0.12981010 0.29171720 1.00000000

0.43528000 -0.10270190 -0.89441810 0.00000000
-0.03788710 0.99050220 -0.13217310 0.00000000
0.89949760 0.09141925 0.42725480 0.00000000
-0.29655320 0.02833742 0.23914330 1.00000000

0.71430720 -0.02373819 -0.69942960 0.00000000
0.02733584 0.99960830 -0.00600876 0.00000000
0.69929830 -0.01482739 0.71467630 0.00000000
-0.00168089 1.01359500 -0.00522800 1.00000000

0.72328290 -0.06754136 -0.68724090 0.00000000
0.01996863 0.99683480 -0.07695208 0.00000000
0.69026310 0.04193489 0.72234220 0.00000000
0.00145057 1.18588300 -0.00784021 1.00000000

0.69231720 -0.21414840 -0.68908450 0.00000000
-0.23627540 0.83503060 -0.49688830 0.00000000
0.68181440 0.50681810 0.52750800 0.00000000
0.01272546 1.37335900 -0.01439883 1.00000000

0.07558837 0.99312050 -0.08943351 0.00000000
0.76080880 -0.11541740 -0.63863070 0.00000000
-0.64455940 -0.01976878 -0.76429880 0.00000000
0.04018076 1.44508800 -0.10095770 1.00000000

0.93133750 0.32020690 0.17343130 0.00000000
0.30007360 -0.40499180 -0.86367700 0.00000000
-0.20631730 0.85641680 -0.47326950 0.00000000
0.21052540 1.41924600 -0.24394670 1.00000000

0.93102710 0.32143630 0.17282240 0.00000000
-0.18747370 0.82753290 -0.52919120 0.00000000
-0.31311720 0.46029170 0.83071630 0.00000000
0.30023690 1.29816900 -0.50215440 1.00000000

0.89974890 0.43628270 -0.01045805 0.00000000
-0.40152310 0.81819960 -0.41149600 0.00000000
-0.17097170 0.37444230 0.91135170 0.00000000
0.25314840 1.50602300 -0.63507360 1.00000000

-0.81635620 -0.57173350 0.08175468 0.00000000
-0.17097170 0.37444240 0.91135170 0.00000000
-0.55166280 0.73000970 -0.40342840 0.00000000
0.14778570 1.59706200 -0.64286710 1.00000000

-0.36743290 0.90039500 -0.23298560 0.00000000
-0.91772130 -0.39165570 -0.06628716 0.00000000
-0.15093480 0.18945980 0.97021850 0.00000000
0.18262020 1.64095600 -0.62813330 1.00000000

-0.64623230 -0.76138950 0.05167133 0.00000000
0.74790470 -0.61841470 0.24125180 0.00000000
-0.15173210 0.19455000 0.96908630 0.00000000
0.13217650 1.61942900 -0.63177690 1.00000000

-0.44182050 0.79754380 -0.41075400 0.00000000
-0.88099170 -0.47212040 0.03092703 0.00000000
-0.16925960 0.37553510 0.91122160 0.00000000
0.19109360 1.62639300 -0.66964470 1.00000000

-0.52533420 -0.81539340 0.24322400 0.00000000
0.83399150 -0.43671900 0.33724660 0.00000000
-0.16876800 0.38001390 0.90945430 0.00000000
0.14135880 1.59877000 -0.66745860 1.00000000

-0.63732760 0.56333420 -0.52580330 0.00000000
-0.72266810 -0.67381200 0.15404040 0.00000000
-0.26751620 0.47815540 0.83654230 0.00000000
0.19450250 1.60792900 -0.70828250 1.00000000

-0.49383230 -0.81353030 0.30708040 0.00000000
0.82738470 -0.33096250 0.45376110 0.00000000
-0.26751610 0.47815540 0.83654240 0.00000000
0.15543140 1.57150000 -0.69995450 1.00000000

-0.77357970 0.37568400 -0.51032980 0.00000000
-0.59033380 -0.72001490 0.36480770 0.00000000
-0.23039250 0.58347280 0.77876770 0.00000000
0.19697490 1.59107000 -0.73960270 1.00000000

-0.13125040 -0.80821750 0.57407150 0.00000000
0.96344550 0.03243304 0.26593510 0.00000000
-0.23355220 0.58799070 0.77441660 0.00000000
0.16823940 1.55498900 -0.72103800 1.00000000

0.15311380 0.58247720 0.79829630 0.00000000
-0.89342330 0.42682010 -0.14007030 0.00000000
-0.42231660 -0.69176950 0.58575060 0.00000000
0.18614930 1.57423700 -0.58555290 1.00000000

-0.89693660 0.43268050 0.09106418 0.00000000
-0.28504610 -0.40838680 -0.86716160 0.00000000
-0.33801440 -0.80374620 0.48963080 0.00000000
0.13321850 1.60066100 -0.59250820 1.00000000

0.94904150 0.29153950 0.11968910 0.00000000
-0.18747370 0.82753290 -0.52919120 0.00000000
-0.25332670 0.47978580 0.84001870 0.00000000
0.27874540 1.39303500 -0.56281990 1.00000000

-0.07009728 0.89359210 -0.44337340 0.00000000
0.30007520 -0.40499110 -0.86367670 0.00000000
-0.95133690 -0.19358650 -0.23975600 0.00000000
0.21052540 1.41924600 -0.24394670 1.00000000

0.44071990 0.86183660 -0.25100600 0.00000000
0.30007360 -0.40499180 -0.86367700 0.00000000
-0.84600370 0.30531930 -0.43710230 0.00000000
0.26753930 1.34229800 -0.40804530 1.00000000

0.43436120 0.64363920 -0.63012620 0.00000000
0.50447740 -0.75338700 -0.42179490 0.00000000
-0.74621260 -0.13467310 -0.65194340 0.00000000
0.22919480 1.46925200 -0.27312710 1.00000000

0.96642990 0.05501097 -0.25097200 0.00000000
-0.21463930 0.70975890 -0.67094870 0.00000000
0.14122010 0.70229350 0.69773970 0.00000000
-0.03091084 1.52349200 -0.10489720 1.00000000

0.99661490 0.04052965 -0.07152626 0.00000000
-0.05424114 0.97796110 -0.20161910 0.00000000
0.06177834 0.20481620 0.97684880 0.00000000
-0.05693342 1.60954300 -0.18624210 1.00000000

0.99661490 0.04052965 -0.07152626 0.00000000
-0.05424114 0.97796110 -0.20161910 0.00000000
0.06177834 0.20481620 0.97684880 0.00000000
-0.06726661 1.63879300 -0.31364540 1.00000000

0.96142790 -0.27503970 -0.00313547 0.00000000
-0.25697120 -0.90221680 0.34636860 0.00000000
-0.09809390 -0.33220260 -0.93809370 0.00000000
-0.01341351 1.63625800 -0.29327730 1.00000000

0.95074220 0.28579250 -0.12004950 0.00000000
-0.30865090 0.90864460 -0.28124690 0.00000000
0.02870414 0.30444680 0.95209690 0.00000000
-0.11838920 1.63002200 -0.28439400 1.00000000

0.99661490 0.04052963 -0.07152632 0.00000000
0.05424114 -0.97796110 0.20161910 0.00000000
-0.06177840 -0.20481620 -0.97684880 0.00000000
-0.02874994 1.65492500 -0.28722370 1.00000000

0.99661490 0.04052965 -0.07152626 0.00000000
-0.05424114 0.97796110 -0.20161910 0.00000000
0.06177834 0.20481620 0.97684880 0.00000000
-0.10279880 1.65191300 -0.28190900 1.00000000

0.96803010 0.18191320 -0.17270030 0.00000000
0.21362250 -0.95875170 0.18751190 0.00000000
-0.13146600 -0.21840970 -0.96696120 0.00000000
-0.05084745 1.65312100 -0.32438430 1.00000000

0.98332580 0.15522840 -0.09473479 0.00000000
-0.17103800 0.96641310 -0.19181140 0.00000000
0.06177834 0.20481620 0.97684880 0.00000000
-0.08275761 1.65338600 -0.32350200 1.00000000

0.99507450 0.04958724 0.08583638 0.00000000
0.05034832 -0.99870920 -0.00672169 0.00000000
0.08539239 0.01101037 -0.99628690 0.00000000
-0.00086109 1.67472200 -0.31208830 1.00000000

0.98502640 0.03443260 -0.16893020 0.00000000
-0.04711225 0.99631790 -0.07163280 0.00000000
0.16584170 0.07851878 0.98302160 0.00000000
-0.13561820 1.67026700 -0.30371110 1.00000000

0.98412130 0.15067020 -0.09382924 0.00000000
0.16653170 -0.96669360 0.19434680 0.00000000
-0.06142193 -0.20688620 -0.97643510 0.00000000
-0.02876930 1.65514900 -0.28736650 1.00000000

0.99636750 -0.07012899 -0.04830876 0.00000000
0.05607834 0.96725550 -0.24753200 0.00000000
0.06408602 0.24392380 0.96767470 0.00000000
-0.10280080 1.65190600 -0.28193990 1.00000000

0.99373650 0.10380950 -0.04136693 0.00000000
-0.10954940 0.97804900 -0.17725490 0.00000000
0.02205843 0.18067630 0.98329530 0.00000000
-0.06013832 1.61807100 -0.22606540 1.00000000

0.94193670 0.33572860 -0.00641373 0.00000000
0.33576100 -0.94143360 0.03110377 0.00000000
0.00440425 -0.03145122 -0.99949560 0.00000000
-0.03518268 1.57318800 -0.32141310 1.00000000

0.99349880 0.10591070 -0.04174790 0.00000000
-0.10811850 0.99262960 -0.05474522 0.00000000
0.03564197 0.05890307 0.99762730 0.00000000
-0.06206201 1.58750700 -0.32829280 1.00000000

0.98073010 -0.13655070 -0.13972300 0.00000000
0.13052480 0.99010850 -0.05146204 0.00000000
0.14536820 0.03223298 0.98885230 0.00000000
-0.08908810 1.56923400 -0.31625480 1.00000000

0.99822420 -0.05749381 -0.01558664 0.00000000
-0.05073011 -0.95763940 0.28346670 0.00000000
-0.03122395 -0.28217260 -0.95885550 0.00000000
-0.01002353 1.57916500 -0.29294460 1.00000000

0.96041320 0.24649330 -0.12979810 0.00000000
-0.27266800 0.92723760 -0.25667620 0.00000000
0.05708483 0.28190700 0.95774210 0.00000000
-0.11839840 1.56996800 -0.28236320 1.00000000

0.99733570 0.07191282 0.01224035 0.00000000
0.06156974 -0.91983690 0.38743940 0.00000000
0.03912097 -0.38565350 -0.92181410 0.00000000
-0.03793582 1.59561900 -0.31380070 1.00000000

0.99455670 0.06966504 -0.07748243 0.00000000
-0.09411971 0.91968140 -0.38121890 0.00000000
0.04470149 0.38643660 0.92123200 0.00000000
-0.06430206 1.59691600 -0.31758710 1.00000000

0.98149600 0.09183577 -0.16802340 0.00000000
-0.15520920 0.89545460 -0.41721840 0.00000000
0.11214180 0.43557700 0.89313880 0.00000000
-0.09134788 1.59402800 -0.30887470 1.00000000

0.99659260 0.04093030 -0.07160890 0.00000000
0.06227650 -0.94265470 0.32790820 0.00000000
-0.05408102 -0.33125040 -0.94199190 0.00000000
-0.04748711 1.62185300 -0.31353000 1.00000000

0.99659260 0.04093030 -0.07160890 0.00000000
-0.06227649 0.94265470 -0.32790810 0.00000000
0.05408102 0.33125030 0.94199180 0.00000000
-0.06723340 1.61308000 -0.32775520 1.00000000

0.99659260 0.04093030 -0.07160890 0.00000000
-0.06227649 0.94265470 -0.32790810 0.00000000
0.05408102 0.33125030 0.94199180 0.00000000
-0.08544723 1.62010000 -0.31076200 1.00000000

0.99661490 0.04052965 -0.07152626 0.00000000
-0.05421554 0.97804560 -0.20121460 0.00000000
0.06180093 0.20441130 0.97693240 0.00000000
-0.06434551 1.70262000 -0.23677460 1.00000000

-0.05614973 -0.98468010 -0.16508230 0.00000000
0.84064970 0.04257849 -0.53990300 0.00000000
0.53866060 -0.16909180 0.82538020 0.00000000
-0.03559540 1.46884400 -0.03573363 1.00000000

0.67593190 -0.55768380 -0.48177280 0.00000000
0.73307180 0.44169680 0.51721360 0.00000000
-0.07564420 -0.70277510 0.70737910 0.00000000
-0.22381350 1.45932000 0.08514978 1.00000000

0.67580770 -0.55870520 -0.48076270 0.00000000
-0.19336210 -0.76379530 0.61581480 0.00000000
-0.71126320 -0.32321110 -0.62421110 0.00000000
-0.44297730 1.32726600 -0.06948209 1.00000000

0.77005340 -0.50995390 -0.38336030 0.00000000
-0.25396000 -0.79625730 0.54907050 0.00000000
-0.58525400 -0.32545540 -0.74266860 0.00000000
-0.39441080 1.51911100 -0.22415870 1.00000000

-0.71425500 0.64047520 0.28219100 0.00000000
-0.58525400 -0.32545540 -0.74266860 0.00000000
-0.38382020 -0.69560800 0.60729870 0.00000000
-0.29524630 1.60126000 -0.27771190 1.00000000

-0.29213570 -0.86867490 0.40007620 0.00000000
-0.77582000 0.45986970 0.43199940 0.00000000
-0.55924970 -0.18418460 -0.80827950 0.00000000
-0.31598850 1.64734400 -0.24936920 1.00000000

-0.68929330 0.67594220 0.26072460 0.00000000
0.48404180 0.69744290 -0.52846690 0.00000000
-0.53905330 -0.23806700 -0.80792670 0.00000000
-0.27334420 1.62206700 -0.27311490 1.00000000

-0.17192900 -0.86597920 0.46959650 0.00000000
-0.82039110 0.38975750 0.41838690 0.00000000
-0.54534290 -0.31331990 -0.77745210 0.00000000
-0.34303360 1.63505900 -0.28290650 1.00000000

-0.60853860 0.79277940 0.03437680 0.00000000
0.60082530 0.48862770 -0.63265470 0.00000000
-0.51835300 -0.36434040 -0.77367080 0.00000000
-0.29647730 1.61205700 -0.30624570 1.00000000

-0.26426990 -0.63095780 0.72942020 0.00000000
-0.69863240 0.64663390 0.30623140 0.00000000
-0.66488670 -0.42866870 -0.61169330 0.00000000
-0.36464540 1.61836200 -0.31606660 1.00000000

-0.57120220 0.81998600 -0.03675598 0.00000000
0.50801680 0.31800170 -0.80049620 0.00000000
-0.64470710 -0.47591790 -0.59820980 0.00000000
-0.32687350 1.58340200 -0.33262270 1.00000000

-0.33856800 -0.35827510 0.87006340 0.00000000
-0.60704850 0.78967060 0.08895004 0.00000000
-0.71893240 -0.49805500 -0.48484770 0.00000000
-0.38207630 1.60291900 -0.34306520 1.00000000

-0.36669800 0.82758960 -0.42500310 0.00000000
0.60238030 -0.13692900 -0.78637670 0.00000000
-0.70899260 -0.54437630 -0.44831230 0.00000000
-0.35214970 1.56338800 -0.34677830 1.00000000

-0.20777020 -0.54881070 -0.80971520 0.00000000
-0.86024730 -0.29151640 0.41832130 0.00000000
-0.46562460 0.78347000 -0.41154430 0.00000000
-0.30661200 1.57964700 -0.20929140 1.00000000

-0.82804600 -0.31078610 0.46663920 0.00000000
0.24607150 0.54640100 0.80055920 0.00000000
-0.50377460 0.77772620 -0.37596920 0.00000000
-0.25503050 1.59795600 -0.23279440 1.00000000

0.72780820 -0.53258120 -0.43203340 0.00000000
-0.19336210 -0.76379530 0.61581480 0.00000000
-0.65795640 -0.36465610 -0.65887740 0.00000000
-0.42080930 1.41482700 -0.14008190 1.00000000

0.29673110 -0.89194530 0.34115110 0.00000000
0.73306980 0.44170030 0.51721330 0.00000000
-0.61201270 0.09661422 0.78492460 0.00000000
-0.22381340 1.45932000 0.08514973 1.00000000

0.49695730 -0.86702500 0.03607170 0.00000000
0.73307180 0.44169680 0.51721360 0.00000000
-0.46436980 -0.23058990 0.85509590 0.00000000
-0.36309580 1.37539700 -0.01312184 1.00000000

0.61450750 -0.72114030 -0.31990200 0.00000000
0.66646760 0.69151530 -0.27861730 0.00000000
0.42213920 -0.04199192 0.90555790 0.00000000
-0.27804380 1.52065400 0.11508680 1.00000000

0.99489180 -0.10094700 0.00000015 0.00000000
0.10094700 0.99489180 0.00000002 0.00000000
-0.00000009 0.00000000 1.00000000 0.00000000
-0.15097280 0.91820800 0.07701799 1.00000000

1.00000000 0.00000000 0.00000000 0.00000000
0.00000000 1.00000000 0.00000000 0.00000000
0.00000000 0.00000000 1.00000000 0.00000000
0.00000000 0.00000000 0.00000000 1.00000000

1.00000000 0.00000000 0.00000000 0.00000000
0.00000000 1.00000000 0.00000000 0.00000000
0.00000000 0.00000000 1.00000000 0.00000000
0.00000000 0.00000000 0.00000000 1.00000000

0.73920770 -0.02902066 -0.67285190 0.00000000
-0.08590043 0.98684840 -0.13693540 0.00000000
0.66797680 0.15902200 0.72699310 0.00000000
0.01569726 0.87719050 0.01191513 1.00000000

0.97167060 0.19606770 0.13196020 0.00000000
0.22793970 -0.92498350 -0.30405380 0.00000000
0.06244576 0.32551910 -0.94347110 0.00000000
0.11273630 0.84182200 -0.07690955 1.00000000

0.97167060 0.19606770 0.13196020 0.00000000
0.15969790 -0.95629170 0.24495410 0.00000000
0.17421990 -0.21694100 -0.96051230 0.00000000
0.21311050 0.43450160 -0.21080090 1.00000000

0.99129830 0.06273102 -0.11572600 0.00000000
0.06244498 -0.99802970 -0.00609906 0.00000000
-0.11588050 -0.00118051 -0.99326240 0.00000000
0.26404800 0.12948110 -0.13266990 1.00000000

0.99108360 0.06350343 -0.11713560 0.00000000
0.06789532 -0.99711660 0.03388880 0.00000000
-0.11464590 -0.04153963 -0.99253750 0.00000000
0.25467630 0.02533436 -0.26940150 1.00000000

0.54508450 -0.27370900 -0.79244320 0.00000000
0.23190760 0.95755060 -0.17121860 0.00000000
0.80566850 -0.09044495 0.58542120 0.00000000
-0.08318948 0.84951340 0.10142870 1.00000000

0.54508360 -0.27371260 -0.79244260 0.00000000
-0.04050617 0.93550330 -0.35098860 0.00000000
0.83740270 0.22341700 0.49884050 0.00000000
-0.18531080 0.42785270 0.17682540 1.00000000

0.44581970 -0.10095210 -0.88941180 0.00000000
0.07127315 0.99446870 -0.07715067 0.00000000
0.89228070 -0.02899589 0.45054890 0.00000000
-0.17239110 0.12946250 0.28877770 1.00000000

0.43677720 -0.10006500 -0.89398690 0.00000000
-0.02711183 0.99187830 -0.12426830 0.00000000
0.89916100 0.07851520 0.43051690 0.00000000
-0.30207640 0.02982169 0.23508180 1.00000000

0.70780730 -0.04115891 -0.70520540 0.00000000
0.03541396 0.99911340 -0.02276806 0.00000000
0.70551730 -0.00885872 0.70863740 0.00000000
0.00281697 1.01154800 -0.00803641 1.00000000

0.71631490 -0.08547424 -0.69252220 0.00000000
0.02879959 0.99524490 -0.09304861 0.00000000
0.69718260 0.04670775 0.71537050 0.00000000
0.00732676 1.18373800 -0.01352299 1.00000000

0.68368900 -0.23244000 -0.69176660 0.00000000
-0.23150060 0.82988170 -0.50764540 0.00000000
0.69208150 0.50721600 0.51357090 0.00000000
0.02033390 1.37096700 -0.02317756 1.00000000

0.08645353 0.99095610 -0.10262520 0.00000000
0.75376960 -0.13241920 -0.64365860 0.00000000
-0.65142690 -0.02170921 -0.75840060 0.00000000
0.04780012 1.44104600 -0.11107450 1.00000000

0.93521730 0.31554390 0.16062530 0.00000000
0.28678990 -0.40901840 -0.86628830 0.00000000
-0.20765330 0.85623350 -0.47301600 0.00000000
0.21656860 1.41139700 -0.25518930 1.00000000

0.93490600 0.31677310 0.16001670 0.00000000
-0.19270990 0.83174830 -0.52063200 0.00000000
-0.29801590 0.45590510 0.83865190 0.00000000
0.30230890 1.28911600 -0.51417770 1.00000000

0.90233980 0.43005810 -0.02886170 0.00000000
-0.40527770 0.82373710 -0.39649330 0.00000000
-0.14674070 0.36946870 0.91758370 0.00000000
0.25390520 1.49802900 -0.64494700 1.00000000

-0.81825540 -0.56656490 0.09727362 0.00000000
-0.14674070 0.36946870 0.91758370 0.00000000
-0.55581040 0.73654400 -0.38545820 0.00000000
0.14903980 1.58985100 -0.64964750 1.00000000

-0.36639890 0.90448650 -0.21830220 0.00000000
-0.92179930 -0.38479010 -0.04714185 0.00000000
-0.12663960 0.18395810 0.97474190 0.00000000
0.18452430 1.63340100 -0.63545320 1.00000000

-0.65024600 -0.75719540 0.06192830 0.00000000
0.74896090 -0.62522860 0.21942370 0.00000000
-0.12742730 0.18906120 0.97366210 0.00000000
0.13385670 1.61225100 -0.63804440 1.00000000

-0.44569290 0.80335850 -0.39493470 0.00000000
-0.88336050 -0.46616280 0.04864511 0.00000000
-0.14502430 0.37055030 0.91742050 0.00000000
0.19191170 1.61905900 -0.67724820 1.00000000

-0.52524880 -0.81333220 0.25020890 0.00000000
0.83858270 -0.44478950 0.31454930 0.00000000
-0.14454270 0.37503740 0.91567140 0.00000000
0.14204670 1.59177000 -0.67406850 1.00000000

-0.64552580 0.57129940 -0.50686680 0.00000000
-0.72361790 -0.66977970 0.16665020 0.00000000
-0.24428160 0.47435490 0.84576240 0.00000000
0.19427600 1.60083300 -0.71607660 1.00000000

-0.49223630 -0.81211970 0.31331320 0.00000000
0.83548190 -0.33977820 0.43188060 0.00000000
-0.24428150 0.47435480 0.84576240 0.00000000
0.15515360 1.56462200 -0.70706670 1.00000000

-0.78270960 0.38450370 -0.48941060 0.00000000
-0.58667910 -0.71832510 0.37392060 0.00000000
-0.20778190 0.57979820 0.78782020 0.00000000
0.19588830 1.58416900 -0.74755660 1.00000000

-0.12342550 -0.81113690 0.57168470 0.00000000
0.96965990 0.02391863 0.24328490 0.00000000
-0.21101110 0.58436710 0.78357480 0.00000000
0.16734240 1.54816500 -0.72855550 1.00000000

0.17606160 0.57599630 0.79826720 0.00000000
-0.89341350 0.43397550 -0.11609220 0.00000000
-0.41329700 -0.69274340 0.59100940 0.00000000
0.18858170 1.56637300 -0.59340800 1.00000000

-0.89142900 0.43830070 0.11509420 0.00000000
-0.30833760 -0.40052940 -0.86284660 0.00000000
-0.33208750 -0.80465430 0.49218820 0.00000000
0.13569130 1.59321200 -0.59893570 1.00000000

0.95289920 0.28525840 0.10300950 0.00000000
-0.19270990 0.83174830 -0.52063200 0.00000000
-0.23419250 0.47625870 0.84754430 0.00000000
0.28021710 1.38446600 -0.57386200 1.00000000

-0.07086079 0.89273970 -0.44496590 0.00000000
0.28679160 -0.40901770 -0.86628790 0.00000000
-0.95536860 -0.18899840 -0.22704680 0.00000000
0.21656860 1.41139700 -0.25518930 1.00000000

0.44219090 0.85869840 -0.25904480 0.00000000
0.28678990 -0.40901840 -0.86628830 0.00000000
-0.84983440 0.30877330 -0.42713040 0.00000000
0.27105870 1.33368400 -0.41978410 1.00000000

0.43634210 0.63049870 -0.64193210 0.00000000
0.49187920 -0.76453890 -0.41657530 0.00000000
-0.75343230 -0.13398370 -0.64372980 0.00000000
0.23456840 1.46067000 -0.28396150 1.00000000

0.96388980 0.03815417 -0.26355370 0.00000000
-0.21370240 0.70134150 -0.68003770 0.00000000
0.15889500 0.71180360 0.68416960 0.00000000
-0.02245424 1.52017000 -0.11559960 1.00000000

0.99610290 0.02754113 -0.08378845 0.00000000
-0.04511489 0.97541200 -0.21572290 0.00000000
0.07578719 0.21866230 0.97285320 0.00000000
-0.04836321 1.60520000 -0.19804650 1.00000000

0.99610290 0.02754113 -0.08378845 0.00000000
-0.04511489 0.97541200 -0.21572290 0.00000000
0.07578719 0.21866230 0.97285320 0.00000000
-0.05986428 1.63266100 -0.32574750 1.00000000

0.95801780 -0.28652610 -0.01023063 0.00000000
-0.26344240 -0.89379560 0.36294350 0.00000000
-0.11313710 -0.34501120 -0.93175540 0.00000000
-0.00580656 1.62978800 -0.30597500 1.00000000

0.95254770 0.27258080 -0.13547150 0.00000000
-0.30125120 0.90795660 -0.29131170 0.00000000
0.04359639 0.31829930 0.94698740 0.00000000
-0.11073540 1.62494000 -0.29577060 1.00000000

0.99610290 0.02754111 -0.08378860 0.00000000
0.04511489 -0.97541200 0.21572290 0.00000000
-0.07578725 -0.21866230 -0.97285310 0.00000000
-0.02084912 1.64872500 -0.30002510 1.00000000

0.99610290 0.02754113 -0.08378845 0.00000000
-0.04511489 0.97541200 -0.21572290 0.00000000
0.07578719 0.21866230 0.97285320 0.00000000
-0.09486000 1.64667800 -0.29379940 1.00000000

0.96798440 0.16772590 -0.18674570 0.00000000
0.20453250 -0.95832200 0.19946280 0.00000000
-0.14550750 -0.23127260 -0.96194620 0.00000000
-0.04340632 1.64662900 -0.33689300 1.00000000

0.98389020 0.14203030 -0.10857000 0.00000000
-0.16191480 0.96540890 -0.20437560 0.00000000
0.07578719 0.21866230 0.97285320 0.00000000
-0.07529841 1.64729000 -0.33564150 1.00000000

0.99653890 0.03897096 0.07342672 0.00000000
0.03850294 -0.99922830 0.00777910 0.00000000
0.07367301 -0.00492517 -0.99727040 0.00000000
0.00697345 1.66781300 -0.32551070 1.00000000

0.98328700 0.02012570 -0.18094680 0.00000000
-0.03622650 0.99562590 -0.08612101 0.00000000
0.17842220 0.09123684 0.97971500 0.00000000
-0.12771770 1.66509500 -0.31549060 1.00000000

0.98464260 0.13747690 -0.10760530 0.00000000
0.15743600 -0.96559750 0.20696750 0.00000000
-0.07545021 -0.22073010 -0.97241220 0.00000000
-0.02086755 1.64894700 -0.30017100 1.00000000

0.99482860 -0.08274673 -0.05890051 0.00000000
0.06451767 0.96270270 -0.26275670 0.00000000
0.07844615 0.25759780 0.96306260 0.00000000
-0.09486242 1.64667100 -0.29383010 1.00000000

0.99432810 0.09129510 -0.05455709 0.00000000
-0.10012490 0.97652550 -0.19071720 0.00000000
0.03586501 0.19509800 0.98012780 0.00000000
-0.05194040 1.61316800 -0.23795380 1.00000000

0.94568170 0.32431400 -0.02250800 0.00000000
0.32499950 -0.94480790 0.04139216 0.00000000
-0.00784177 -0.04645904 -0.99888940 0.00000000
-0.02864954 1.56656800 -0.33289810 1.00000000

0.99411080 0.09339318 -0.05496675 0.00000000
-0.09706703 0.99292020 -0.06846699 0.00000000
0.04818341 0.07339929 0.99613800 0.00000000
-0.05543821 1.58110300 -0.33967830 1.00000000

0.97732500 -0.15033780 -0.14911170 0.00000000
0.14155230 0.98759690 -0.06793899 0.00000000
0.15747610 0.04529138 0.98648360 0.00000000
-0.08253266 1.56333700 -0.32705010 1.00000000

0.99722240 -0.06964628 -0.02639690 0.00000000
-0.05862999 -0.95261440 0.29847690 0.00000000
-0.04593396 -0.29610030 -0.95405190 0.00000000
-0.00308533 1.57267000 -0.30481940 1.00000000

0.96163870 0.23302730 -0.14473800 0.00000000
-0.26476240 0.92648400 -0.26744730 0.00000000
0.07177499 0.29550900 0.95263990 0.00000000
-0.11142750 1.56492800 -0.29283280 1.00000000

0.99818830 0.06016378 -0.00051981 0.00000000
0.05533448 -0.91460440 0.40054520 0.00000000
0.02362275 -0.39984840 -0.91627690 0.00000000
-0.03104777 1.58914200 -0.32559370 1.00000000

0.99431730 0.05660658 -0.09015968 0.00000000
-0.08780792 0.91493100 -0.39394280 0.00000000
0.06019029 0.39962080 0.91470240 0.00000000
-0.05744002 1.59069800 -0.32909040 1.00000000

0.98044360 0.07757407 -0.18086630 0.00000000
-0.14960180 0.89090020 -0.42885460 0.00000000
0.12786590 0.44752590 0.88508250 0.00000000
-0.08441258 1.58826300 -0.32001960 1.00000000

0.99608420 0.02794072 -0.08387691 0.00000000
0.05506524 -0.93831780 0.34136150 0.00000000
-0.06916541 -0.34464350 -0.93618210 0.00000000
-0.04028565 1.61548900 -0.32560770 1.00000000

0.99608420 0.02794072 -0.08387691 0.00000000
-0.05506527 0.93831780 -0.34136140 0.00000000
0.06916535 0.34464340 0.93618230 0.00000000
-0.06030145 1.60674100 -0.33946650 1.00000000

0.99608420 0.02794072 -0.08387691 0.00000000
-0.05506527 0.93831780 -0.34136140 0.00000000
0.06916535 0.34464340 0.93618230 0.00000000
-0.07822818 1.61423100 -0.32236950 1.00000000

0.99610290 0.02754113 -0.08378845 0.00000000
-0.04508350 0.97550240 -0.21532000 0.00000000
0.07580590 0.21825840 0.97294240 0.00000000
-0.05527879 1.69759200 -0.24988920 1.00000000

-0.07119736 -0.98647610 -0.14763530 0.00000000
0.83683560 0.02147131 -0.54703290 0.00000000
0.54280480 -0.16249380 0.82398950 0.00000000
-0.02711982 1.46664700 -0.04556023 1.00000000

0.66567360 -0.57372860 -0.47719410 0.00000000
0.74136660 0.43545600 0.51064040 0.00000000
-0.08517197 -0.69369570 0.71521470 0.00000000
-0.21448380 1.46184900 0.07691941 1.00000000

0.66553540 -0.57473670 -0.47617270 0.00000000
-0.21473630 -0.75846130 0.61532500 0.00000000
-0.71480840 -0.30726910 -0.62819980 0.00000000
-0.43612760 1.33166000 -0.07574733 1.00000000

0.75899340 -0.52889940 -0.37972950 0.00000000
-0.27756630 -0.79039940 0.54610070 0.00000000
-0.58897040 -0.30908670 -0.74671260 0.00000000
-0.38219240 1.52216600 -0.23030090 1.00000000

-0.69926380 0.65811570 0.27913110 0.00000000
-0.58897020 -0.30908670 -0.74671260 0.00000000
-0.40514740 -0.68654900 0.60374360 0.00000000
-0.28063620 1.60183400 -0.28311600 1.00000000

-0.31669770 -0.86156360 0.39675080 0.00000000
-0.76633250 0.47889830 0.42824200 0.00000000
-0.55896100 -0.16841990 -0.81191000 0.00000000
-0.30035820 1.64838700 -0.25481220 1.00000000

-0.67327330 0.69296650 0.25787760 0.00000000
0.50491130 0.68567970 -0.52431680 0.00000000
-0.54015560 -0.22280320 -0.81153630 0.00000000
-0.25823550 1.62206300 -0.27835140 1.00000000

-0.19687810 -0.86206920 0.46698600 0.00000000
-0.81260510 0.40997560 0.41423770 0.00000000
-0.54855470 -0.29792090 -0.78123710 0.00000000
-0.32750910 1.63685600 -0.28853150 1.00000000

-0.58820060 0.80807270 0.03222567 0.00000000
0.61692020 0.47411200 -0.62819380 0.00000000
-0.52290500 -0.34962340 -0.77738930 0.00000000
-0.28141980 1.61270700 -0.31163690 1.00000000

-0.28470840 -0.62519220 0.72668840 0.00000000
-0.68363210 0.66383120 0.30327480 0.00000000
-0.67200330 -0.41044260 -0.61639960 0.00000000
-0.34934400 1.62077500 -0.32184930 1.00000000

-0.54975550 0.83443180 -0.03863499 0.00000000
0.52076840 0.30620500 -0.79689330 0.00000000
-0.65312280 -0.45821620 -0.60288370 0.00000000
-0.31238310 1.58488500 -0.33824570 1.00000000

-0.35282610 -0.35092920 0.86738800 0.00000000
-0.58711620 0.80483530 0.08680123 0.00000000
-0.72856590 -0.47863210 -0.49000350 0.00000000
-0.36700380 1.60582900 -0.34897870 1.00000000

-0.34281260 0.83743700 -0.42565060 0.00000000
0.60334770 -0.15101990 -0.78304790 0.00000000
-0.72003540 -0.52525430 -0.45349460 0.00000000
-0.33807950 1.56554900 -0.35258700 1.00000000

-0.21694600 -0.54194060 -0.81193300 0.00000000
-0.86991930 -0.27005070 0.41269000 0.00000000
-0.44291650 0.79584750 -0.41285820 0.00000000
-0.29296020 1.58040500 -0.21480370 1.00000000

-0.83851130 -0.29022110 0.46116230 0.00000000
0.25522680 0.53856450 0.80299940 0.00000000
-0.48141290 0.79102490 -0.37752010 0.00000000
-0.24078680 1.59742400 -0.23796740 1.00000000

0.71692160 -0.55025710 -0.42806600 0.00000000
-0.21473630 -0.75846130 0.61532500 0.00000000
-0.66325860 -0.34921840 -0.66191760 0.00000000
-0.41150920 1.41861000 -0.14629090 1.00000000

0.27782230 -0.89177840 0.35713620 0.00000000
0.74136760 0.43546090 0.51063480 0.00000000
-0.61089180 0.12290360 0.78211620 0.00000000
-0.21448380 1.46184900 0.07691935 1.00000000

0.48084780 -0.87546440 0.04845227 0.00000000
0.74136660 0.43545600 0.51064040 0.00000000
-0.46814640 -0.20961930 0.85842810 0.00000000
-0.35534220 1.37911100 -0.02010338 1.00000000

0.60181770 -0.73510300 -0.31215210 0.00000000
0.67381210 0.67718050 -0.29564170 0.00000000
0.42871050 -0.03240945 0.90286040 0.00000000
-0.26734500 1.52434600 0.10608120 1.00000000

0.99557350 -0.09398645 0.00018236 0.00000000
0.09398647 0.99557340 -0.00006734 0.00000000
-0.00017515 0.00008417 1.00000000 0.00000000
-0.14669230 0.91893850 0.07694414 1.00000000

1.00000000 0.00000000 0.00000000 0.00000000
0.00000000 1.00000000 0.00000000 0.00000000
0.00000000 0.00000000 1.00000000 0.00000000
0.00000000 0.00000000 0.00000000 1.00000000

1.00000000 0.00000000 0.00000000 0.00000000
0.00000000 1.00000000 0.00000000 0.00000000
0.00000000 0.00000000 1.00000000 0.00000000
0.00000000 0.00000000 0.00000000 1.00000000

0.73271550 -0.04490618 -0.67905190 0.00000000
-0.07884476 0.98549950 -0.15024740 0.00000000
0.67595230 0.16362830 0.71855010 0.00000000
0.01855449 0.87262550 0.01147339 1.00000000

0.97089210 0.19549640 0.13838300 0.00000000
0.23105100 -0.91669510 -0.32601520 0.00000000
0.06312016 0.34849910 -0.93518150 0.00000000
0.11447100 0.83516890 -0.07771384 1.00000000

0.97089210 0.19549640 0.13838300 0.00000000
0.15094610 -0.94799470 0.28021670 0.00000000
0.18596770 -0.25117190 -0.94990990 0.00000000
0.21621520 0.43149840 -0.22127600 1.00000000

0.99128320 0.06313838 -0.11563350 0.00000000
0.06284628 -0.99800420 -0.00617422 0.00000000
-0.11579260 -0.00114666 -0.99327280 0.00000000
0.26436130 0.12912430 -0.13189760 1.00000000

0.99103650 0.06457694 -0.11694650 0.00000000
0.06900641 -0.99702890 0.03422730 0.00000000
-0.11438870 -0.04199054 -0.99254830 0.00000000
0.25504340 0.02498490 -0.26863840 1.00000000

0.54704680 -0.27620210 -0.79022290 0.00000000
0.24544860 0.95543130 -0.16403000 0.00000000
0.80030920 -0.10422700 0.59045900 0.00000000
-0.07973403 0.84707080 0.10226770 1.00000000

0.54704570 -0.27620610 -0.79022230 0.00000000
-0.04942315 0.93169310 -0.35986840 0.00000000
0.83564250 0.23591970 0.49602780 0.00000000
-0.18781820 0.42634320 0.17449890 1.00000000

0.44472530 -0.10155990 -0.88989060 0.00000000
0.06816775 0.99450690 -0.07943230 0.00000000
0.89306930 -0.02533626 0.44920540 0.00000000
-0.17205430 0.12916830 0.28928350 1.00000000

0.43583660 -0.09929674 -0.89453160 0.00000000
-0.03118012 0.99163290 -0.12526700 0.00000000
0.89948570 0.08248757 0.42909370 0.00000000
-0.30152410 0.02902210 0.23600940 1.00000000

0.70070150 -0.05695038 -0.71117790 0.00000000
0.04084509 0.99837630 -0.03970551 0.00000000
0.71228440 -0.00122638 0.70188990 0.00000000
0.00662288 1.00679100 -0.01027960 1.00000000

0.70854330 -0.10161870 -0.69831230 0.00000000
0.03461118 0.99339060 -0.10944030 0.00000000
0.70481810 0.05337378 0.70737740 0.00000000
0.01205365 1.17883700 -0.01866966 1.00000000

0.67435810 -0.24903770 -0.69514130 0.00000000
-0.23011920 0.82364730 -0.51831480 0.00000000
0.70163120 0.50949520 0.49812490 0.00000000
0.02623440 1.36579100 -0.03148668 1.00000000

0.09416898 0.98869340 -0.11669530 0.00000000
0.74562260 -0.14771220 -0.64979080 0.00000000
-0.65968110 -0.02582058 -0.75110190 0.00000000
0.05333311 1.43423900 -0.12077140 1.00000000

0.93809220 0.31403850 0.14616170 0.00000000
0.27305730 -0.41081480 -0.86986830 0.00000000
-0.21312670 0.85592720 -0.47113250 0.00000000
0.22027750 1.40116700 -0.26625910 1.00000000

0.93777390 0.31526740 0.14555600 0.00000000
-0.20214360 0.83646090 -0.50938300 0.00000000
-0.28234370 0.44826300 0.84814050 0.00000000
0.30191230 1.27834800 -0.52631790 1.00000000

0.90278600 0.42730790 -0.04884091 0.00000000
-0.41257280 0.82833490 -0.37900520 0.00000000
-0.12149510 0.36231120 0.92410480 0.00000000
0.25113890 1.48844600 -0.65426160 1.00000000

-0.81742820 -0.56465510 0.11391250 0.00000000
-0.12149510 0.36231120 0.92410480 0.00000000
-0.56307210 0.74154960 -0.36476620 0.00000000
0.14650980 1.58064800 -0.65547130 1.00000000

-0.36878310 0.90747220 -0.20123030 0.00000000
-0.92405970 -0.38134600 -0.02625465 0.00000000
-0.10056370 0.17626670 0.97919200 0.00000000
0.18250460 1.62396200 -0.64184940 1.00000000

-0.65106640 -0.75553780 0.07263258 0.00000000
0.75222250 -0.62949510 0.19467350 0.00000000
-0.10136120 0.18138110 0.97817520 0.00000000
0.13171250 1.60300100 -0.64329250 1.00000000

-0.45300490 0.80807730 -0.37656090 0.00000000
-0.88342490 -0.46363820 0.06782505 0.00000000
-0.11978010 0.36338850 0.92390560 0.00000000
0.18875040 1.60994300 -0.68393930 1.00000000

-0.52140580 -0.81364890 0.25712200 0.00000000
0.84492410 -0.45014900 0.28891040 0.00000000
-0.11932840 0.36788820 0.92218160 0.00000000
0.13888970 1.58279300 -0.67968500 1.00000000

-0.65649860 0.57761610 -0.48514920 0.00000000
-0.72137880 -0.66875400 0.17994700 0.00000000
-0.22050500 0.46811140 0.85571570 0.00000000
0.19003870 1.59203300 -0.72296480 1.00000000

-0.48675690 -0.81306960 0.31935210 0.00000000
0.84524880 -0.34610670 0.40714230 0.00000000
-0.22050500 0.46811130 0.85571580 0.00000000
0.15103740 1.55587700 -0.71323600 1.00000000

-0.79383620 0.39113470 -0.46565880 0.00000000
-0.57925940 -0.71947140 0.38317050 0.00000000
-0.18515680 0.57391180 0.79771060 0.00000000
0.19077200 1.57562600 -0.75461210 1.00000000

-0.11134090 -0.81544940 0.56801920 0.00000000
0.97574530 0.01870108 0.21810910 0.00000000
-0.18847930 0.57852650 0.79358850 0.00000000
0.16260440 1.53956000 -0.73516960 1.00000000

0.19881300 0.56875870 0.79811470 0.00000000
-0.89460530 0.43786670 -0.08918682 0.00000000
-0.40019360 -0.69626610 0.59586800 0.00000000
0.18742030 1.55657400 -0.60047690 1.00000000

-0.88658510 0.44026370 0.14189710 0.00000000
-0.33210920 -0.39232630 -0.85777820 0.00000000
-0.32197860 -0.80761900 0.49404630 0.00000000
0.13449840 1.58363200 -0.60440280 1.00000000

0.95548110 0.28258540 0.08486181 0.00000000
-0.20214360 0.83646090 -0.50938300 0.00000000
-0.21492790 0.46955170 0.85634540 0.00000000
0.27873900 1.37423900 -0.58471260 1.00000000

-0.07586341 0.89221980 -0.44518430 0.00000000
0.27305900 -0.41081420 -0.86986820 0.00000000
-0.95900150 -0.18755280 -0.21246290 0.00000000
0.22027750 1.40116700 -0.26625910 1.00000000

0.43984670 0.85749580 -0.26690070 0.00000000
0.27305730 -0.41081480 -0.86986830 0.00000000
-0.85555530 0.30972940 -0.41484110 0.00000000
0.27215840 1.32311200 -0.43153410 1.00000000

0.43503720 0.61800200 -0.65484060 0.00000000
0.48056190 -0.77438620 -0.41156570 0.00000000
-0.76144790 -0.13564520 -0.63387490 0.00000000
0.23733000 1.44976900 -0.29455410 1.00000000

0.96042460 0.02377670 -0.27752380 0.00000000
-0.21621870 0.69175680 -0.68900060 0.00000000
0.17559700 0.72173890 0.66952130 0.00000000
-0.01631757 1.51386500 -0.12581440 1.00000000

0.99528120 0.01834816 -0.09528196 0.00000000
-0.03970531 0.97299620 -0.22738000 0.00000000
0.08853710 0.23009030 0.96913350 0.00000000
-0.04253164 1.59773200 -0.20934800 1.00000000

0.99528120 0.01834816 -0.09528196 0.00000000
-0.03970531 0.97299620 -0.22738000 0.00000000
0.08853710 0.23009030 0.96913350 0.00000000
-0.05525450 1.62370000 -0.33724540 1.00000000

0.95550580 -0.29445990 -0.01738173 0.00000000
-0.26650160 -0.88703760 0.37701700 0.00000000
-0.12643480 -0.35560970 -0.92604350 0.00000000
-0.00100152 1.62063100 -0.31804550 1.00000000

0.95311650 0.26307590 -0.14953280 0.00000000
-0.29721400 0.90670630 -0.29924500 0.00000000
0.05685815 0.32965870 0.94238660 0.00000000
-0.10584390 1.61676900 -0.30660620 1.00000000

0.99528130 0.01834815 -0.09528202 0.00000000
0.03970531 -0.97299620 0.22738000 0.00000000
-0.08853713 -0.23009030 -0.96913350 0.00000000
-0.01582308 1.63976300 -0.31216460 1.00000000

0.99528120 0.01834816 -0.09528196 0.00000000
-0.03970531 0.97299620 -0.22738000 0.00000000
0.08853710 0.23009030 0.96913350 0.00000000
-0.08977294 1.63839800 -0.30508490 1.00000000

0.96712900 0.15747000 -0.19966190 0.00000000
0.19906120 -0.95741440 0.20912230 0.00000000
-0.15822880 -0.24199320 -0.95728930 0.00000000
-0.03881175 1.63739400 -0.34874840 1.00000000

0.98371030 0.13261710 -0.12135440 0.00000000
-0.15644610 0.96409090 -0.21460060 0.00000000
0.08853710 0.23009030 0.96913350 0.00000000
-0.07068133 1.63833000 -0.34714790 1.00000000

0.99758650 0.03172408 0.06176323 0.00000000
0.03055156 -0.99933640 0.01983735 0.00000000
0.06235164 -0.01790258 -0.99789380 0.00000000
0.01186222 1.65830400 -0.33819700 1.00000000

0.98130850 0.00983281 -0.19219030 0.00000000
-0.02918994 0.99474360 -0.09814864 0.00000000
0.19021500 0.10192420 0.97643720 0.00000000
-0.12272450 1.65681300 -0.32663510 1.00000000

0.98443700 0.12807000 -0.12034120 0.00000000
0.15199550 -0.96421060 0.21724470 0.00000000
-0.08821172 -0.23215510 -0.96867060 0.00000000
-0.01584135 1.63998300 -0.31231310 1.00000000

0.99340150 -0.09160821 -0.06900448 0.00000000
0.06928273 0.95880790 -0.27547670 0.00000000
0.09139800 0.26887820 0.95882790 0.00000000
-0.08977573 1.63839100 -0.30511550 1.00000000

0.99435000 0.08247235 -0.06683171 0.00000000
-0.09441834 0.97487030 -0.20177540 0.00000000
0.04851139 0.20694560 0.97714910 0.00000000
-0.04649555 1.60523400 -0.24930920 1.00000000

0.94794440 0.31626130 -0.03715491 0.00000000
0.31783810 -0.94684920 0.04955532 0.00000000
-0.01950774 -0.05878510 -0.99808010 0.00000000
-0.02465509 1.55727000 -0.34391860 1.00000000

0.99414490 0.08456691 -0.06726506 0.00000000
-0.08984677 0.99275490 -0.07978157 0.00000000
0.06003097 0.08535816 0.99454040 0.00000000
-0.05140097 1.57193900 -0.35057930 1.00000000

0.97433610 -0.16016800 -0.15816180 0.00000000
0.14871270 0.98548660 -0.08186078 0.00000000
0.16897780 0.05623931 0.98401400 0.00000000
-0.07849288 1.55455300 -0.33742730 1.00000000

0.99626790 -0.07812551 -0.03669626 0.00000000
-0.06291064 -0.94832570 0.31099990 0.00000000
-0.05909699 -0.30753070 -0.94970140 0.00000000
0.00127317 1.56351100 -0.31620660 1.00000000

0.96178390 0.22333730 -0.15840520 0.00000000
-0.26031000 0.92522940 -0.27602460 0.00000000
0.08491465 0.30671050 0.94800760 0.00000000
-0.10698530 1.55680500 -0.30291090 1.00000000

0.99857030 0.05198348 -0.01245612 0.00000000
0.05250251 -0.90998600 0.41130170 0.00000000
0.01004595 -0.41136770 -0.91141430 0.00000000
-0.02678901 1.57995200 -0.33687060 1.00000000

0.99365750 0.04734602 -0.10199560 0.00000000
-0.08489551 0.91066010 -0.40434030 0.00000000
0.07373956 0.41043480 0.90890360 0.00000000
-0.05320568 1.58168000 -0.34009050 1.00000000

0.97892820 0.06729908 -0.19279590 0.00000000
-0.14727140 0.88670400 -0.43825470 0.00000000
0.14145880 0.45741330 0.87793080 0.00000000
-0.08009269 1.57957900 -0.33068830 1.00000000

0.99526510 0.01874680 -0.09537512 0.00000000
0.05137343 -0.93442870 0.35242570 0.00000000
-0.08251441 -0.35565670 -0.93096710 0.00000000
-0.03581418 1.60637200 -0.33711040 1.00000000

0.99526510 0.01874680 -0.09537512 0.00000000
-0.05137340 0.93442880 -0.35242560 0.00000000
0.08251441 0.35565670 0.93096720 0.00000000
-0.05605514 1.59761600 -0.35063360 1.00000000

0.99526510 0.01874680 -0.09537512 0.00000000
-0.05137340 0.93442880 -0.35242560 0.00000000
0.08251441 0.35565670 0.93096720 0.00000000
-0.07372665 1.60546500 -0.33343170 1.00000000

0.99528120 0.01834816 -0.09528196 0.00000000
-0.03966860 0.97309160 -0.22697870 0.00000000
0.08855346 0.22968740 0.96922760 0.00000000
-0.04928964 1.68952800 -0.26226090 1.00000000

-0.08353776 -0.98800660 -0.12986380 0.00000000
0.83134610 0.00275591 -0.55574840 0.00000000
0.54944090 -0.15438770 0.82114510 0.00000000
-0.02067294 1.46149700 -0.05488745 1.00000000

0.65447030 -0.58818850 -0.47508220 0.00000000
0.75083080 0.43162940 0.49994930 0.00000000
-0.08900508 -0.68390830 0.72411850 0.00000000
-0.20680770 1.46088900 0.06954338 1.00000000

0.65432650 -0.58918210 -0.47404780 0.00000000
-0.23233290 -0.75317980 0.61542020 0.00000000
-0.71963780 -0.29254900 -0.62971180 0.00000000
-0.43128090 1.33184500 -0.07992702 1.00000000

0.74770640 -0.54546060 -0.37869260 0.00000000
-0.29702880 -0.78479670 0.54393790 0.00000000
-0.59389350 -0.29422320 -0.74881490 0.00000000
