MeshAnim
1
35
79
30
0.74514990 -0.01128481 -0.66680160 0.00000000
-0.09460116 0.98795740 -0.12243670 0.00000000
0.66015330 0.15431390 0.73510880 0.00000000
0.01237277 0.87907830 0.01275961 1.00000000

0.97237280 0.19761930 0.12424900 0.00000000
0.22566340 -0.93197290 -0.28372940 0.00000000
0.05972621 0.30392920 -0.95082060 0.00000000
0.11051170 0.84605120 -0.07575748 1.00000000

0.97237280 0.19761930 0.12424900 0.00000000
0.16837430 -0.96242430 0.21304840 0.00000000
0.16168260 -0.18624220 -0.96910920 0.00000000
0.20988360 0.43565290 -0.20069900 1.00000000

0.99132820 0.06231827 -0.11569320 0.00000000
0.06203505 -0.99805570 -0.00605073 0.00000000
-0.11584530 -0.00117876 -0.99326660 0.00000000
0.26358850 0.12867640 -0.13274460 1.00000000

0.99116870 0.06228927 -0.11706690 0.00000000
0.06660183 -0.99722420 0.03329109 0.00000000
-0.11466850 -0.04079394 -0.99256600 0.00000000
0.25417890 0.02452719 -0.26947170 1.00000000

0.54133100 -0.27185060 -0.79564940 0.00000000
0.22635170 0.95847240 -0.17348110 0.00000000
0.80976890 -0.08618589 0.58038470 0.00000000
-0.08698896 0.84904170 0.10097710 1.00000000

0.54133010 -0.27185440 -0.79564870 0.00000000
-0.05904131 0.93166210 -0.35849660 0.00000000
0.83873470 0.24104110 0.48828610 0.00000000
-0.18666370 0.42697500 0.17737020 1.00000000

0.44429870 -0.10249550 -0.88999620 0.00000000
0.05992606 0.99460910 -0.08462720 0.00000000
0.89387230 -0.01573418 0.44804560 0.00000000
-0.16783200 0.12981010 0.29171720 1.00000000

0.43528000 -0.10270190 -0.89441810 0.00000000
-0.03788710 0.99050220 -0.13217310 0.00000000
0.89949760 0.09141925 0.42725480 0.00000000
-0.29655320 0.02833742 0.23914330 1.00000000

0.71430720 -0.02373819 -0.69942960 0.00000000
0.02733584 0.99960830 -0.00600876 0.00000000
0.69929830 -0.01482739 0.71467630 0.00000000
-0.00168089 1.01359500 -0.00522800 1.00000000

0.72328290 -0.06754136 -0.68724090 0.00000000
0.01996863 0.99683480 -0.07695208 0.00000000
0.69026310 0.04193489 0.72234220 0.00000000
0.00145057 1.18588300 -0.00784021 1.00000000

0.69231720 -0.21414840 -0.68908450 0.00000000
-0.23627540 0.83503060 -0.49688830 0.00000000
0.68181440 0.50681810 0.52750800 0.00000000
0.01272546 1.37335900 -0.01439883 1.00000000

0.07558837 0.99312050 -0.08943351 0.00000000
0.76080880 -0.11541740 -0.63863070 0.00000000
-0.64455940 -0.01976878 -0.76429880 0.00000000
0.04018076 1.44508800 -0.10095770 1.00000000

0.93133750 0.32020690 0.17343130 0.00000000
0.30007360 -0.40499180 -0.86367700 0.00000000
-0.20631730 0.85641680 -0.47326950 0.00000000
0.21052540 1.41924600 -0.24394670 1.00000000

0.93102710 0.32143630 0.17282240 0.00000000
-0.18747370 0.82753290 -0.52919120 0.00000000
-0.31311720 0.46029170 0.83071630 0.00000000
0.30023690 1.29816900 -0.50215440 1.00000000

0.89974890 0.43628270 -0.01045805 0.00000000
-0.40152310 0.81819960 -0.41149600 0.00000000
-0.17097170 0.37444230 0.91135170 0.00000000
0.25314840 1.50602300 -0.63507360 1.00000000

-0.81635620 -0.57173350 0.08175468 0.00000000
-0.17097170 0.37444240 0.91135170 0.00000000
-0.55166280 0.73000970 -0.40342840 0.00000000
0.14778570 1.59706200 -0.64286710 1.00000000

-0.36743290 0.90039500 -0.23298560 0.00000000
-0.91772130 -0.39165570 -0.06628716 0.00000000
-0.15093480 0.18945980 0.97021850 0.00000000
0.18262020 1.64095600 -0.62813330 1.00000000

-0.64623230 -0.76138950 0.05167133 0.00000000
0.74790470 -0.61841470 0.24125180 0.00000000
-0.15173210 0.19455000 0.96908630 0.00000000
0.13217650 1.61942900 -0.63177690 1.00000000

-0.44182050 0.79754380 -0.41075400 0.00000000
-0.88099170 -0.47212040 0.03092703 0.00000000
-0.16925960 0.37553510 0.91122160 0.00000000
0.19109360 1.62639300 -0.66964470 1.00000000

-0.52533420 -0.81539340 0.24322400 0.00000000
0.83399150 -0.43671900 0.33724660 0.00000000
-0.16876800 0.38001390 0.90945430 0.00000000
0.14135880 1.59877000 -0.66745860 1.00000000

-0.63732760 0.56333420 -0.52580330 0.00000000
-0.72266810 -0.67381200 0.15404040 0.00000000
-0.26751620 0.47815540 0.83654230 0.00000000
0.19450250 1.60792900 -0.70828250 1.00000000

-0.49383230 -0.81353030 0.30708040 0.00000000
0.82738470 -0.33096250 0.45376110 0.00000000
-0.26751610 0.47815540 0.83654240 0.00000000
0.15543140 1.57150000 -0.69995450 1.00000000

-0.77357970 0.37568400 -0.51032980 0.00000000
-0.59033380 -0.72001490 0.36480770 0.00000000
-0.23039250 0.58347280 0.77876770 0.00000000
0.19697490 1.59107000 -0.73960270 1.00000000

-0.13125040 -0.80821750 0.57407150 0.00000000
0.96344550 0.03243304 0.26593510 0.00000000
-0.23355220 0.58799070 0.77441660 0.00000000
0.16823940 1.55498900 -0.72103800 1.00000000

0.15311380 0.58247720 0.79829630 0.00000000
-0.89342330 0.42682010 -0.14007030 0.00000000
-0.42231660 -0.69176950 0.58575060 0.00000000
0.18614930 1.57423700 -0.58555290 1.00000000

-0.89693660 0.43268050 0.09106418 0.00000000
-0.28504610 -0.40838680 -0.86716160 0.00000000
-0.33801440 -0.80374620 0.48963080 0.00000000
0.13321850 1.60066100 -0.59250820 1.00000000

0.94904150 0.29153950 0.11968910 0.00000000
-0.18747370 0.82753290 -0.52919120 0.00000000
-0.25332670 0.47978580 0.84001870 0.00000000
0.27874540 1.39303500 -0.56281990 1.00000000

0.00727995 0.90984170 -0.41489240 0.00000000
0.29824950 -0.39799480 -0.86755270 0.00000000
-0.95446050 -0.11742560 -0.27425720 0.00000000
0.21052540 1.41924600 -0.24394680 1.00000000

0.44071990 0.86183660 -0.25100600 0.00000000
0.30007360 -0.40499180 -0.86367700 0.00000000
-0.84600370 0.30531930 -0.43710230 0.00000000
0.26753930 1.34229800 -0.40804530 1.00000000

0.43436120 0.64363920 -0.63012620 0.00000000
0.50447740 -0.75338700 -0.42179490 0.00000000
-0.74621260 -0.13467310 -0.65194340 0.00000000
0.22919480 1.46925200 -0.27312710 1.00000000

0.96642990 0.05501097 -0.25097200 0.00000000
-0.21463930 0.70975890 -0.67094870 0.00000000
0.14122010 0.70229350 0.69773970 0.00000000
-0.03091084 1.52349200 -0.10489720 1.00000000

0.99661490 0.04052965 -0.07152626 0.00000000
-0.05424114 0.97796110 -0.20161910 0.00000000
0.06177834 0.20481620 0.97684880 0.00000000
-0.05693342 1.60954300 -0.18624210 1.00000000

0.99661490 0.04052965 -0.07152626 0.00000000
-0.05424114 0.97796110 -0.20161910 0.00000000
0.06177834 0.20481620 0.97684880 0.00000000
-0.06726661 1.63879300 -0.31364540 1.00000000

0.96142790 -0.27503970 -0.00313547 0.00000000
-0.25697120 -0.90221680 0.34636860 0.00000000
-0.09809390 -0.33220260 -0.93809370 0.00000000
-0.01341351 1.63625800 -0.29327730 1.00000000

0.95074220 0.28579250 -0.12004950 0.00000000
-0.30865090 0.90864460 -0.28124690 0.00000000
0.02870414 0.30444680 0.95209690 0.00000000
-0.11838920 1.63002200 -0.28439400 1.00000000

0.99661490 0.04052963 -0.07152632 0.00000000
0.05424114 -0.97796110 0.20161910 0.00000000
-0.06177840 -0.20481620 -0.97684880 0.00000000
-0.02874994 1.65492500 -0.28722370 1.00000000

0.99661490 0.04052965 -0.07152626 0.00000000
-0.05424114 0.97796110 -0.20161910 0.00000000
0.06177834 0.20481620 0.97684880 0.00000000
-0.10279880 1.65191300 -0.28190900 1.00000000

0.96803010 0.18191320 -0.17270030 0.00000000
0.21362250 -0.95875170 0.18751190 0.00000000
-0.13146600 -0.21840970 -0.96696120 0.00000000
-0.05084745 1.65312100 -0.32438430 1.00000000

0.98332580 0.15522840 -0.09473479 0.00000000
-0.17103800 0.96641310 -0.19181140 0.00000000
0.06177834 0.20481620 0.97684880 0.00000000
-0.08275761 1.65338600 -0.32350200 1.00000000

0.99507450 0.04958724 0.08583638 0.00000000
0.05034832 -0.99870920 -0.00672169 0.00000000
0.08539239 0.01101037 -0.99628690 0.00000000
-0.00086109 1.67472200 -0.31208830 1.00000000

0.98502640 0.03443260 -0.16893020 0.00000000
-0.04711225 0.99631790 -0.07163280 0.00000000
0.16584170 0.07851878 0.98302160 0.00000000
-0.13561820 1.67026700 -0.30371110 1.00000000

0.98412130 0.15067020 -0.09382924 0.00000000
0.16653170 -0.96669360 0.19434680 0.00000000
-0.06142193 -0.20688620 -0.97643510 0.00000000
-0.02876930 1.65514900 -0.28736650 1.00000000

0.99636750 -0.07012899 -0.04830876 0.00000000
0.05607834 0.96725550 -0.24753200 0.00000000
0.06408602 0.24392380 0.96767470 0.00000000
-0.10280080 1.65190600 -0.28193990 1.00000000

0.99373650 0.10380950 -0.04136693 0.00000000
-0.10954940 0.97804900 -0.17725490 0.00000000
0.02205843 0.18067630 0.98329530 0.00000000
-0.06013832 1.61807100 -0.22606540 1.00000000

0.94193670 0.33572860 -0.00641373 0.00000000
0.33576100 -0.94143360 0.03110377 0.00000000
0.00440425 -0.03145122 -0.99949560 0.00000000
-0.03518268 1.57318800 -0.32141310 1.00000000

0.99349880 0.10591070 -0.04174790 0.00000000
-0.10811850 0.99262960 -0.05474522 0.00000000
0.03564197 0.05890307 0.99762730 0.00000000
-0.06206201 1.58750700 -0.32829280 1.00000000

0.98073010 -0.13655070 -0.13972300 0.00000000
0.13052480 0.99010850 -0.05146204 0.00000000
0.14536820 0.03223298 0.98885230 0.00000000
-0.08908810 1.56923400 -0.31625480 1.00000000

0.99822420 -0.05749381 -0.01558664 0.00000000
-0.05073011 -0.95763940 0.28346670 0.00000000
-0.03122395 -0.28217260 -0.95885550 0.00000000
-0.01002353 1.57916500 -0.29294460 1.00000000

0.96041320 0.24649330 -0.12979810 0.00000000
-0.27266800 0.92723760 -0.25667620 0.00000000
0.05708483 0.28190700 0.95774210 0.00000000
-0.11839840 1.56996800 -0.28236320 1.00000000

0.99733570 0.07191282 0.01224035 0.00000000
0.06156974 -0.91983690 0.38743940 0.00000000
0.03912097 -0.38565350 -0.92181410 0.00000000
-0.03793582 1.59561900 -0.31380070 1.00000000

0.99455670 0.06966504 -0.07748243 0.00000000
-0.09411971 0.91968140 -0.38121890 0.00000000
0.04470149 0.38643660 0.92123200 0.00000000
-0.06430206 1.59691600 -0.31758710 1.00000000

0.98149600 0.09183577 -0.16802340 0.00000000
-0.15520920 0.89545460 -0.41721840 0.00000000
0.11214180 0.43557700 0.89313880 0.00000000
-0.09134788 1.59402800 -0.30887470 1.00000000

0.99659260 0.04093030 -0.07160890 0.00000000
0.06227650 -0.94265470 0.32790820 0.00000000
-0.05408102 -0.33125040 -0.94199190 0.00000000
-0.04748711 1.62185300 -0.31353000 1.00000000

0.99659260 0.04093030 -0.07160890 0.00000000
-0.06227649 0.94265470 -0.32790810 0.00000000
0.05408102 0.33125030 0.94199180 0.00000000
-0.06723340 1.61308000 -0.32775520 1.00000000

0.99659260 0.04093030 -0.07160890 0.00000000
-0.06227649 0.94265470 -0.32790810 0.00000000
0.05408102 0.33125030 0.94199180 0.00000000
-0.08544723 1.62010000 -0.31076200 1.00000000

0.99661490 0.04052965 -0.07152626 0.00000000
-0.05421554 0.97804560 -0.20121460 0.00000000
0.06180093 0.20441130 0.97693240 0.00000000
-0.06434551 1.70262000 -0.23677460 1.00000000

-0.05614973 -0.98468010 -0.16508230 0.00000000
0.84064970 0.04257849 -0.53990300 0.00000000
0.53866060 -0.16909180 0.82538020 0.00000000
-0.03559540 1.46884400 -0.03573363 1.00000000

0.67593190 -0.55768380 -0.48177280 0.00000000
0.73307180 0.44169680 0.51721360 0.00000000
-0.07564420 -0.70277510 0.70737910 0.00000000
-0.22381350 1.45932000 0.08514978 1.00000000

0.67580770 -0.55870520 -0.48076270 0.00000000
-0.19336210 -0.76379530 0.61581480 0.00000000
-0.71126320 -0.32321110 -0.62421110 0.00000000
-0.44297730 1.32726600 -0.06948209 1.00000000

0.77005340 -0.50995390 -0.38336030 0.00000000
-0.25396000 -0.79625730 0.54907050 0.00000000
-0.58525400 -0.32545540 -0.74266860 0.00000000
-0.39441080 1.51911100 -0.22415870 1.00000000

-0.71425500 0.64047520 0.28219100 0.00000000
-0.58525400 -0.32545540 -0.74266860 0.00000000
-0.38382020 -0.69560800 0.60729870 0.00000000
-0.29524630 1.60126000 -0.27771190 1.00000000

-0.29213570 -0.86867490 0.40007620 0.00000000
-0.77582000 0.45986970 0.43199940 0.00000000
-0.55924970 -0.18418460 -0.80827950 0.00000000
-0.31598850 1.64734400 -0.24936920 1.00000000

-0.68929330 0.67594220 0.26072460 0.00000000
0.48404180 0.69744290 -0.52846690 0.00000000
-0.53905330 -0.23806700 -0.80792670 0.00000000
-0.27334420 1.62206700 -0.27311490 1.00000000

-0.17192900 -0.86597920 0.46959650 0.00000000
-0.82039110 0.38975750 0.41838690 0.00000000
-0.54534290 -0.31331990 -0.77745210 0.00000000
-0.34303360 1.63505900 -0.28290650 1.00000000

-0.60853860 0.79277940 0.03437680 0.00000000
0.60082530 0.48862770 -0.63265470 0.00000000
-0.51835300 -0.36434040 -0.77367080 0.00000000
-0.29647730 1.61205700 -0.30624570 1.00000000

-0.26426990 -0.63095780 0.72942020 0.00000000
-0.69863240 0.64663390 0.30623140 0.00000000
-0.66488670 -0.42866870 -0.61169330 0.00000000
-0.36464540 1.61836200 -0.31606660 1.00000000

-0.57120220 0.81998600 -0.03675598 0.00000000
0.50801680 0.31800170 -0.80049620 0.00000000
-0.64470710 -0.47591790 -0.59820980 0.00000000
-0.32687350 1.58340200 -0.33262270 1.00000000

-0.33856800 -0.35827510 0.87006340 0.00000000
-0.60704850 0.78967060 0.08895004 0.00000000
-0.71893240 -0.49805500 -0.48484770 0.00000000
-0.38207630 1.60291900 -0.34306520 1.00000000

-0.36669800 0.82758960 -0.42500310 0.00000000
0.60238030 -0.13692900 -0.78637670 0.00000000
-0.70899260 -0.54437630 -0.44831230 0.00000000
-0.35214970 1.56338800 -0.34677830 1.00000000

-0.20777020 -0.54881070 -0.80971520 0.00000000
-0.86024730 -0.29151640 0.41832130 0.00000000
-0.46562460 0.78347000 -0.41154430 0.00000000
-0.30661200 1.57964700 -0.20929140 1.00000000

-0.82804600 -0.31078610 0.46663920 0.00000000
0.24607150 0.54640100 0.80055920 0.00000000
-0.50377460 0.77772620 -0.37596920 0.00000000
-0.25503050 1.59795600 -0.23279440 1.00000000

0.72780820 -0.53258120 -0.43203340 0.00000000
-0.19336210 -0.76379530 0.61581480 0.00000000
-0.65795640 -0.36465610 -0.65887740 0.00000000
-0.42080930 1.41482700 -0.14008190 1.00000000

0.42363370 -0.88166560 0.20784700 0.00000000
0.72580730 0.46767010 0.50446840 0.00000000
-0.54197650 -0.06285290 0.83804020 0.00000000
-0.22381360 1.45932000 0.08514974 1.00000000

0.49695730 -0.86702500 0.03607170 0.00000000
0.73307180 0.44169680 0.51721360 0.00000000
-0.46436980 -0.23058990 0.85509590 0.00000000
-0.36309580 1.37539700 -0.01312184 1.00000000

0.61450750 -0.72114030 -0.31990200 0.00000000
0.66646760 0.69151530 -0.27861730 0.00000000
0.42213920 -0.04199192 0.90555790 0.00000000
-0.27804380 1.52065400 0.11508680 1.00000000

0.99489180 -0.10094700 0.00000015 0.00000000
0.10094700 0.99489180 0.00000002 0.00000000
-0.00000009 0.00000000 1.00000000 0.00000000
-0.15097280 0.91820800 0.07701799 1.00000000

1.00000000 0.00000000 0.00000000 0.00000000
0.00000000 1.00000000 0.00000000 0.00000000
0.00000000 0.00000000 1.00000000 0.00000000
0.00000000 0.00000000 0.00000000 1.00000000

1.00000000 0.00000000 0.00000000 0.00000000
0.00000000 1.00000000 0.00000000 0.00000000
0.00000000 0.00000000 1.00000000 0.00000000
0.00000000 0.00000000 0.00000000 1.00000000

0.74961140 -0.00234303 -0.66187410 0.00000000
-0.10702560 0.98640470 -0.12470460 0.00000000
0.65316780 0.16431750 0.73916950 0.00000000
0.01486363 0.87885890 0.01049366 1.00000000

0.97361220 0.19411920 0.11998720 0.00000000
0.22087420 -0.93378470 -0.28153280 0.00000000
0.05739135 0.30060590 -0.95202020 0.00000000
0.11401750 0.84701110 -0.07732177 1.00000000

0.97361220 0.19411920 0.11998720 0.00000000
0.16527150 -0.96233970 0.21584140 0.00000000
0.15736740 -0.19031530 -0.96902810 0.00000000
0.21128040 0.43581510 -0.20129590 1.00000000

0.99130110 0.06250840 -0.11582250 0.00000000
0.06213941 -0.99804430 -0.00679724 0.00000000
-0.11602090 -0.00045904 -0.99324670 0.00000000
0.26399570 0.12886560 -0.13245080 1.00000000

0.99114970 0.06293120 -0.11688390 0.00000000
0.06727061 -0.99717030 0.03355555 0.00000000
-0.11444160 -0.04112141 -0.99257850 0.00000000
0.25457300 0.02481622 -0.26925290 1.00000000

0.54037530 -0.27635090 -0.79474830 0.00000000
0.22895080 0.95718100 -0.17716120 0.00000000
0.80967650 -0.08622476 0.58050760 0.00000000
-0.08466569 0.84763180 0.09810679 1.00000000

0.54037440 -0.27635480 -0.79474760 0.00000000
-0.06102221 0.92916760 -0.36458720 0.00000000
0.83920910 0.24551080 0.48523440 0.00000000
-0.18548500 0.42613370 0.17612040 1.00000000

0.44376340 -0.10449100 -0.89003130 0.00000000
0.05856706 0.99443730 -0.08754727 0.00000000
0.89422810 -0.01327626 0.44741450 0.00000000
-0.16602140 0.12976450 0.29241010 1.00000000

0.43490760 -0.10417040 -0.89442940 0.00000000
-0.03872344 0.99020370 -0.13415380 0.00000000
0.89964220 0.09297980 0.42661320 0.00000000
-0.29464980 0.02797294 0.24022680 1.00000000

0.71851210 -0.02015629 -0.69522240 0.00000000
0.01735799 0.99978830 -0.01104695 0.00000000
0.69529780 -0.00413029 0.71870980 0.00000000
-0.00087288 1.01314700 -0.00781041 1.00000000

0.72744750 -0.06539664 -0.68303990 0.00000000
0.01184685 0.99649650 -0.08279100 0.00000000
0.68606110 0.05213423 0.72567360 0.00000000
0.00054801 1.18544200 -0.01129992 1.00000000

0.69745800 -0.21388160 -0.68396420 0.00000000
-0.23942700 0.83003150 -0.50370870 0.00000000
0.67544580 0.51507520 0.52770310 0.00000000
0.01025332 1.37296500 -0.01891764 1.00000000

0.06896791 0.99274160 -0.09852766 0.00000000
0.76434800 -0.11605160 -0.63427450 0.00000000
-0.64110500 -0.03156481 -0.76680390 0.00000000
0.03767017 1.44430700 -0.10580820 1.00000000

0.92978990 0.32351490 0.17558170 0.00000000
0.30780920 -0.42178290 -0.85285000 0.00000000
-0.20185250 0.84701680 -0.49175020 0.00000000
0.20880720 1.41832300 -0.24782190 1.00000000

0.92948530 0.32473190 0.17494600 0.00000000
-0.17797550 0.81025460 -0.55840160 0.00000000
-0.32308180 0.48789020 0.81091420 0.00000000
0.30083160 1.29222500 -0.50279280 1.00000000

0.90123400 0.43328260 -0.00659102 0.00000000
-0.39044620 0.80534830 -0.44605640 0.00000000
-0.18796060 0.40457470 0.89498080 0.00000000
0.25612860 1.49574000 -0.64304880 1.00000000

-0.81974210 -0.56654730 0.08394760 0.00000000
-0.18796060 0.40457470 0.89498070 0.00000000
-0.54101210 0.71787450 -0.43813530 0.00000000
0.15124910 1.58675700 -0.65593900 1.00000000

-0.35966800 0.89325900 -0.26968020 0.00000000
-0.91751380 -0.39114710 -0.07192013 0.00000000
-0.16972780 0.22156800 0.96026050 0.00000000
0.18592770 1.63101800 -0.64195020 1.00000000

-0.64968540 -0.75754470 0.06352094 0.00000000
0.74084000 -0.61218420 0.27638240 0.00000000
-0.17048540 0.22662050 0.95894650 0.00000000
0.13549560 1.60951800 -0.64590330 1.00000000

-0.43081940 0.78483630 -0.44545130 0.00000000
-0.88301120 -0.46848020 0.02859533 0.00000000
-0.18624250 0.40565790 0.89484950 0.00000000
0.19518330 1.61507800 -0.68278370 1.00000000

-0.53283490 -0.80556520 0.25913560 0.00000000
0.82559220 -0.42767180 0.36809630 0.00000000
-0.18570060 0.41007500 0.89294670 0.00000000
0.14532240 1.58767600 -0.68069770 1.00000000

-0.62476290 0.54750810 -0.55669250 0.00000000
-0.72786520 -0.66645310 0.16140820 0.00000000
-0.28263730 0.50603910 0.81488730 0.00000000
0.19930460 1.59534900 -0.72072020 1.00000000

-0.50261410 -0.80169480 0.32351890 0.00000000
0.81700400 -0.31813540 0.48093110 0.00000000
-0.28263720 0.50603910 0.81488730 0.00000000
0.15995230 1.55931700 -0.71199360 1.00000000

-0.76192580 0.36083330 -0.53783690 0.00000000
-0.59994030 -0.70607810 0.37619890 0.00000000
-0.24400970 0.60930580 0.75445760 0.00000000
0.20234810 1.57746500 -0.75141570 1.00000000

-0.14544430 -0.78860850 0.59744700 0.00000000
0.95802120 0.03854055 0.28409590 0.00000000
-0.24706630 0.61368680 0.74989800 0.00000000
0.17312530 1.54209000 -0.73226320 1.00000000

0.13902230 0.60791870 0.78173380 0.00000000
-0.88899950 0.42440180 -0.17193970 0.00000000
-0.43629440 -0.67105750 0.59944080 0.00000000
0.18837870 1.56572100 -0.59714700 1.00000000

-0.89712830 0.43784510 0.05876151 0.00000000
-0.26896310 -0.43582510 -0.85890390 0.00000000
-0.35045700 -0.78635130 0.50875490 0.00000000
0.13568690 1.59204500 -0.60602870 1.00000000

0.94736330 0.29455480 0.12546010 0.00000000
-0.17797550 0.81025460 -0.55840160 0.00000000
-0.26613440 0.50668040 0.82002900 0.00000000
0.28042880 1.38511100 -0.56680690 1.00000000

0.01121731 0.90156730 -0.43249340 0.00000000
0.30602160 -0.41486300 -0.85687790 0.00000000
-0.95195870 -0.12274040 -0.28055270 0.00000000
0.20880720 1.41832300 -0.24782190 1.00000000

0.44314480 0.85676340 -0.26377900 0.00000000
0.30780920 -0.42178290 -0.85285000 0.00000000
-0.84194800 0.29674230 -0.45063050 0.00000000
0.26729100 1.33818400 -0.40986340 1.00000000

0.43252250 0.64071710 -0.63435470 0.00000000
0.51159010 -0.75374450 -0.41248650 0.00000000
-0.74242850 -0.14611980 -0.65379600 0.00000000
0.22845180 1.46838300 -0.27880650 1.00000000

0.96771670 0.06198587 -0.24429920 0.00000000
-0.21587830 0.70410660 -0.67648380 0.00000000
0.13008030 0.70738360 0.69475720 0.00000000
-0.03394338 1.52218400 -0.11064830 1.00000000

0.99690130 0.04979296 -0.06089705 0.00000000
-0.06127325 0.97700940 -0.20420090 0.00000000
0.04932934 0.20729940 0.97703300 0.00000000
-0.06011618 1.60754900 -0.19266440 1.00000000

0.99690130 0.04979296 -0.06089705 0.00000000
-0.06127325 0.97700940 -0.20420090 0.00000000
0.04932934 0.20729940 0.97703300 0.00000000
-0.06935239 1.63645100 -0.32023120 1.00000000

0.96395280 -0.26596010 0.00776056 0.00000000
-0.25217850 -0.90392280 0.34544220 0.00000000
-0.08485880 -0.33494680 -0.93840830 0.00000000
-0.01570017 1.63446500 -0.29928040 1.00000000

0.94924640 0.29451660 -0.11041460 0.00000000
-0.31414720 0.90513980 -0.28641520 0.00000000
0.01558667 0.30656470 0.95172210 0.00000000
-0.12070200 1.62725500 -0.29151270 1.00000000

0.99690140 0.04979294 -0.06089711 0.00000000
0.06127325 -0.97700940 0.20420090 0.00000000
-0.04932943 -0.20729940 -0.97703300 0.00000000
-0.03127595 1.65299700 -0.29343040 1.00000000

0.99690130 0.04979296 -0.06089705 0.00000000
-0.06127325 0.97700940 -0.20420090 0.00000000
0.04932934 0.20729940 0.97703300 0.00000000
-0.10534610 1.64929700 -0.28890550 1.00000000

0.96807710 0.19070240 -0.16266300 0.00000000
0.22060930 -0.95632450 0.19176750 0.00000000
-0.11898810 -0.22153060 -0.96786680 0.00000000
-0.05295422 1.65091200 -0.33082240 1.00000000

0.98278340 0.16431560 -0.08448276 0.00000000
-0.17805490 0.96437910 -0.19562490 0.00000000
0.04932934 0.20729940 0.97703300 0.00000000
-0.08487315 1.65087900 -0.33028360 1.00000000

0.99358200 0.05914323 0.09642112 0.00000000
0.05981861 -0.99820080 -0.00412659 0.00000000
0.09600353 0.00986792 -0.99533220 0.00000000
-0.00330873 1.67300800 -0.31803460 1.00000000

0.98641970 0.04339638 -0.15840700 0.00000000
-0.05571699 0.99568680 -0.07418345 0.00000000
0.15450450 0.08200195 0.98458310 0.00000000
-0.13810030 1.66729800 -0.31109660 1.00000000

0.98361180 0.15976680 -0.08355942 0.00000000
0.17352450 -0.96469710 0.19811240 0.00000000
-0.04895782 -0.20936520 -0.97661110 0.00000000
-0.03129588 1.65322100 -0.29357390 1.00000000

0.99744590 -0.06081752 -0.03745601 0.00000000
0.04962997 0.96725570 -0.24890380 0.00000000
0.05136737 0.24640890 0.96780370 0.00000000
-0.10534770 1.64929100 -0.28893630 1.00000000

0.99310280 0.11310150 -0.03090063 0.00000000
-0.11683890 0.97662310 -0.18043260 0.00000000
0.00977108 0.18279840 0.98310180 0.00000000
-0.06297243 1.61596900 -0.23253720 1.00000000

0.93874870 0.34458950 0.00301701 0.00000000
0.34425570 -0.93816040 0.03664552 0.00000000
0.01545802 -0.03336219 -0.99932380 0.00000000
-0.03657047 1.57113600 -0.32751880 1.00000000

0.99284950 0.11519980 -0.03128827 0.00000000
-0.11686410 0.99145600 -0.05794493 0.00000000
0.02434582 0.06118694 0.99782940 0.00000000
-0.06350780 1.58518800 -0.33471630 1.00000000

0.98341920 -0.12756250 -0.12889620 0.00000000
0.12174330 0.99119360 -0.05209252 0.00000000
0.13440620 0.03553646 0.99028880 0.00000000
-0.09048872 1.56668500 -0.32293190 1.00000000

0.99883120 -0.04810144 -0.00474185 0.00000000
-0.04475961 -0.95751940 0.28487390 0.00000000
-0.01824325 -0.28432860 -0.95855340 0.00000000
-0.01177662 1.57740700 -0.29879390 1.00000000

0.95939120 0.25529130 -0.11997800 0.00000000
-0.27860750 0.92411950 -0.26149730 0.00000000
0.04411605 0.28430490 0.95771830 0.00000000
-0.12016760 1.56720800 -0.28935870 1.00000000

0.99642500 0.08134522 0.02280778 0.00000000
0.06605381 -0.91845570 0.38996930 0.00000000
0.05267006 -0.38706850 -0.92054540 0.00000000
-0.03961646 1.59355600 -0.31998260 1.00000000

0.99463320 0.07889589 -0.06693482 0.00000000
-0.09866592 0.91800490 -0.38409870 0.00000000
0.03114280 0.38864140 0.92086270 0.00000000
-0.06595142 1.59459700 -0.32405460 1.00000000

0.98233940 0.10076530 -0.15765640 0.00000000
-0.15913360 0.89313260 -0.42070260 0.00000000
0.09841588 0.43836100 0.89339460 0.00000000
-0.09306110 1.59147000 -0.31562750 1.00000000

0.99687620 0.05019318 -0.06098077 0.00000000
0.06761601 -0.94138210 0.33049620 0.00000000
-0.04081762 -0.33358710 -0.94183530 0.00000000
-0.04941664 1.61969900 -0.31986850 1.00000000

0.99687620 0.05019318 -0.06098077 0.00000000
-0.06761600 0.94138220 -0.33049610 0.00000000
0.04081765 0.33358700 0.94183530 0.00000000
-0.06892525 1.61071200 -0.33428680 1.00000000

0.99687620 0.05019318 -0.06098077 0.00000000
-0.06761600 0.94138220 -0.33049610 0.00000000
0.04081765 0.33358700 0.94183530 0.00000000
-0.08738621 1.61759300 -0.31750490 1.00000000

0.99690130 0.04979296 -0.06089705 0.00000000
-0.06125279 0.97709530 -0.20379630 0.00000000
0.04935467 0.20689490 0.97711750 0.00000000
-0.06785995 1.70045400 -0.24346490 1.00000000

-0.04905011 -0.98601630 -0.15926620 0.00000000
0.84347740 0.04450769 -0.53531770 0.00000000
0.53492050 -0.16059480 0.82949940 0.00000000
-0.03861644 1.46796600 -0.04114634 1.00000000

0.68269070 -0.56044730 -0.46886260 0.00000000
0.72569470 0.44499540 0.52473490 0.00000000
-0.08544457 -0.69848250 0.71050780 0.00000000
-0.22746770 1.45801000 0.07871041 1.00000000

0.68255250 -0.56146250 -0.46784810 0.00000000
-0.20759580 -0.76273340 0.61248790 0.00000000
-0.70073260 -0.32093210 -0.63716300 0.00000000
-0.44442590 1.32496900 -0.07817009 1.00000000

0.77638370 -0.51298870 -0.36615710 0.00000000
-0.26731360 -0.79413720 0.54579220 0.00000000
-0.57076440 -0.32586540 -0.75368410 0.00000000
-0.39228430 1.51654800 -0.23201100 1.00000000

-0.71817020 0.64309580 0.26581850 0.00000000
-0.57076440 -0.32586550 -0.75368420 0.00000000
-0.39807010 -0.69299290 0.60108300 0.00000000
-0.29182120 1.59829400 -0.28372900 1.00000000

-0.30261840 -0.86684580 0.39623290 0.00000000
-0.78328170 0.46304820 0.41479650 0.00000000
-0.54303960 -0.18483700 -0.81911130 0.00000000
-0.31301670 1.64450700 -0.25593690 1.00000000

-0.69267820 0.67844030 0.24477760 0.00000000
0.49665750 0.69477120 -0.52021560 0.00000000
-0.52299960 -0.23877120 -0.81820520 0.00000000
-0.26996230 1.61905500 -0.27873700 1.00000000

-0.18385670 -0.86428390 0.46819870 0.00000000
-0.82775260 0.39301820 0.40045290 0.00000000
-0.53011550 -0.31392680 -0.78767220 0.00000000
-0.33940090 1.63220500 -0.28999060 1.00000000

-0.60698190 0.79446790 0.01983473 0.00000000
0.61499240 0.48537560 -0.62144570 0.00000000
-0.50334610 -0.36500800 -0.78320620 0.00000000
-0.29243750 1.60902000 -0.31230990 1.00000000

-0.28087750 -0.62833680 0.72546570 0.00000000
-0.70302780 0.64927660 0.29015860 0.00000000
-0.65334530 -0.42852350 -0.62410560 0.00000000
-0.36037250 1.61547800 -0.32354400 1.00000000

-0.56812080 0.82138900 -0.05058652 0.00000000
0.52518900 0.31455360 -0.79071650 0.00000000
-0.63357370 -0.47578980 -0.61008900 0.00000000
-0.32236300 1.58037500 -0.33923130 1.00000000

-0.35731240 -0.35509010 0.86385080 0.00000000
-0.60662020 0.79149890 0.07443497 0.00000000
-0.71016860 -0.49743300 -0.49821760 0.00000000
-0.37728710 1.60001000 -0.35085500 1.00000000

-0.35567320 0.82743140 -0.43457230 0.00000000
0.61801920 -0.14058520 -0.77349050 0.00000000
-0.70110540 -0.54368410 -0.46136670 0.00000000
-0.34739710 1.56039000 -0.35385100 1.00000000

-0.19258620 -0.55039040 -0.81239240 0.00000000
-0.86943080 -0.28814610 0.40132500 0.00000000
-0.45497330 0.78360840 -0.42303330 0.00000000
-0.30464670 1.57689200 -0.21550080 1.00000000

-0.83827970 -0.30737330 0.45034340 0.00000000
0.23106080 0.54785580 0.80403070 0.00000000
-0.49386070 0.77805880 -0.38823400 0.00000000
-0.25254460 1.59500300 -0.23798710 1.00000000

0.73481170 -0.53489860 -0.41705540 0.00000000
-0.20759580 -0.76273340 0.61248790 0.00000000
-0.64572110 -0.36348440 -0.67150820 0.00000000
-0.42062610 1.41240900 -0.14838850 1.00000000

0.42189780 -0.88016870 0.21749720 0.00000000
0.71856800 0.47090040 0.51177470 0.00000000
-0.55286760 -0.05963005 0.83113290 0.00000000
-0.22746780 1.45801000 0.07871036 1.00000000

0.49695090 -0.86647570 0.04753461 0.00000000
0.72569470 0.44499540 0.52473490 0.00000000
-0.47582280 -0.22627170 0.84993760 0.00000000
-0.36534830 1.37346000 -0.02099026 1.00000000

0.62083460 -0.71923770 -0.31186760 0.00000000
0.66374190 0.69394440 -0.27908400 0.00000000
0.41714660 -0.03373444 0.90821290 0.00000000
-0.28200140 1.51910200 0.10783450 1.00000000

0.99423470 -0.10722540 0.00000033 0.00000000
0.10722540 0.99423470 -0.00001483 0.00000000
0.00000125 0.00001479 1.00000000 0.00000000
-0.14941150 0.91589550 0.07361255 1.00000000

1.00000000 0.00000000 0.00000000 0.00000000
0.00000000 1.00000000 0.00000000 0.00000000
0.00000000 0.00000000 1.00000000 0.00000000
0.00000000 0.00000000 0.00000000 1.00000000

1.00000000 0.00000000 0.00000000 0.00000000
0.00000000 1.00000000 0.00000000 0.00000000
0.00000000 0.00000000 1.00000000 0.00000000
0.00000000 0.00000000 0.00000000 1.00000000

0.75300160 0.00667255 -0.65798490 0.00000000
-0.11923690 0.98477820 -0.12646890 0.00000000
0.64712530 0.17368730 0.74233520 0.00000000
0.01480037 0.87848400 0.00693096 1.00000000

0.97424670 0.19143070 0.11915410 0.00000000
0.21786230 -0.93538650 -0.27854690 0.00000000
0.05813247 0.29733250 -0.95300280 0.00000000
0.11481550 0.84783120 -0.08033129 1.00000000

0.97424670 0.19143070 0.11915410 0.00000000
0.16198740 -0.96179000 0.22072700 0.00000000
0.15685500 -0.19574100 -0.96803020 0.00000000
0.21075210 0.43592980 -0.20299060 1.00000000

0.99124480 0.06292523 -0.11607810 0.00000000
0.06236070 -0.99801750 -0.00849281 0.00000000
-0.11638250 0.00117974 -0.99320410 0.00000000
0.26241990 0.12915550 -0.13258710 1.00000000

0.99108300 0.06410554 -0.11681190 0.00000000
0.06840454 -0.99710630 0.03316841 0.00000000
-0.11434780 -0.04086314 -0.99260040 0.00000000
0.25297070 0.02533352 -0.26956010 1.00000000

0.54095470 -0.28043650 -0.79292080 0.00000000
0.22887540 0.95627820 -0.18206630 0.00000000
0.80931090 -0.08299050 0.58148810 0.00000000
-0.08476624 0.84606220 0.09406648 1.00000000

0.54095380 -0.28044050 -0.79292010 0.00000000
-0.06559451 0.92583200 -0.37219940 0.00000000
0.83849050 0.25335380 0.48243690 0.00000000
-0.18555230 0.42496180 0.17424010 1.00000000

0.44267570 -0.10655280 -0.89032840 0.00000000
0.05468114 0.99427440 -0.09180508 0.00000000
0.89501290 -0.00804432 0.44596760 0.00000000
-0.16463040 0.12965630 0.29295780 1.00000000

0.43387700 -0.10516560 -0.89481340 0.00000000
-0.04254022 0.98966540 -0.13694020 0.00000000
0.89996730 0.09748078 0.42491930 0.00000000
-0.29296140 0.02716500 0.24141650 1.00000000

0.72153940 -0.01698871 -0.69216510 0.00000000
0.00876036 0.99984290 -0.01540830 0.00000000
0.69231800 0.00505409 0.72157480 0.00000000
-0.00259156 1.01253400 -0.01161929 1.00000000

0.73029360 -0.06432626 -0.68009820 0.00000000
0.00570225 0.99609600 -0.08809145 0.00000000
0.68310960 0.06045456 0.72780940 0.00000000
-0.00264566 1.18481700 -0.01586683 1.00000000

0.70086590 -0.21521580 -0.68005080 0.00000000
-0.24100730 0.82587610 -0.50974930 0.00000000
0.67134380 0.52116300 0.52695980 0.00000000
0.00587465 1.37235600 -0.02445569 1.00000000

0.06574665 0.99205090 -0.10729400 0.00000000
0.76622010 -0.11907370 -0.63144950 0.00000000
-0.63920600 -0.04069519 -0.76795810 0.00000000
0.03331622 1.44327000 -0.11168800 1.00000000

0.92952290 0.32316060 0.17763590 0.00000000
0.31379340 -0.44011620 -0.84132730 0.00000000
-0.19370330 0.83777370 -0.51050380 0.00000000
0.20487240 1.41661000 -0.25306910 1.00000000

0.92922940 0.32436590 0.17697290 0.00000000
-0.16482960 0.79253330 -0.58713040 0.00000000
-0.33070210 0.51640850 0.78991050 0.00000000
0.29868580 1.28503100 -0.50459520 1.00000000

0.90435300 0.42677150 -0.00342673 0.00000000
-0.37576040 0.79239890 -0.48052890 0.00000000
-0.20236080 0.43585530 0.87697240 0.00000000
0.25728480 1.48409500 -0.65206720 1.00000000

-0.82536380 -0.55788670 0.08681756 0.00000000
-0.20236080 0.43585530 0.87697240 0.00000000
-0.52709090 0.70625260 -0.47263350 0.00000000
0.15334800 1.57532400 -0.67007840 1.00000000

-0.34777470 0.88601570 -0.30664140 0.00000000
-0.91879170 -0.38720700 -0.07676426 0.00000000
-0.18674810 0.25504290 0.94872460 0.00000000
0.18807240 1.61979900 -0.65690780 1.00000000

-0.65635080 -0.75059910 0.07618818 0.00000000
0.73080020 -0.60743190 0.31138030 0.00000000
-0.18744260 0.26005290 0.94722650 0.00000000
0.13756990 1.59851600 -0.66112730 1.00000000

-0.41628750 0.77219000 -0.48002870 0.00000000
-0.88682100 -0.46132620 0.02695867 0.00000000
-0.20063250 0.43692200 0.87683870 0.00000000
0.19800320 1.60242600 -0.69699110 1.00000000

-0.54368520 -0.79275850 0.27557270 0.00000000
0.81510630 -0.42049500 0.39848000 0.00000000
-0.20002140 0.44126840 0.87479910 0.00000000
0.14791110 1.57544500 -0.69496610 1.00000000

-0.60976930 0.53253880 -0.58701260 0.00000000
-0.73574860 -0.65572850 0.16939330 0.00000000
-0.29471250 0.53518460 0.79165790 0.00000000
0.20271680 1.58139800 -0.73415300 1.00000000

-0.51469530 -0.78691540 0.34037170 0.00000000
0.80512950 -0.30715050 0.50737070 0.00000000
-0.29471240 0.53518460 0.79165800 0.00000000
0.16293850 1.54594600 -0.72499480 1.00000000

-0.74864210 0.34753040 -0.56458630 0.00000000
-0.61232250 -0.68892280 0.38787450 0.00000000
-0.25415830 0.63608800 0.72855740 0.00000000
0.20622560 1.56246700 -0.76416300 1.00000000

-0.16283700 -0.76696400 0.62068550 0.00000000
0.95256880 0.04171360 0.30145110 0.00000000
-0.25709310 0.64033280 0.72379360 0.00000000
0.17637630 1.52795600 -0.74440960 1.00000000

0.12825000 0.63306110 0.76340410 0.00000000
-0.88234080 0.42428420 -0.20361140 0.00000000
-0.45279860 -0.64746930 0.61299010 0.00000000
0.18917080 1.55603900 -0.60989140 1.00000000

-0.89485810 0.44557500 0.02630150 0.00000000
-0.25539550 -0.46280970 -0.84887000 0.00000000
-0.36606280 -0.76633550 0.52794700 0.00000000
0.13685680 1.58240100 -0.62069080 1.00000000

0.94688070 0.29380070 0.13075970 0.00000000
-0.16482960 0.79253330 -0.58713040 0.00000000
-0.27613080 0.53438940 0.79886170 0.00000000
0.27979010 1.37588600 -0.57190260 1.00000000

0.01904701 0.89263000 -0.45038760 0.00000000
0.31207250 -0.43327150 -0.84550970 0.00000000
-0.94986750 -0.12444920 -0.28681780 0.00000000
0.20487240 1.41661000 -0.25306920 1.00000000

0.44921500 0.84945570 -0.27682280 0.00000000
0.31379340 -0.44011620 -0.84132730 0.00000000
-0.83650440 0.29107160 -0.46426050 0.00000000
0.26449320 1.33298800 -0.41292130 1.00000000

0.43176780 0.63649890 -0.63909750 0.00000000
0.51516440 -0.75562740 -0.40451550 0.00000000
-0.74039330 -0.15458350 -0.65415730 0.00000000
0.22580550 1.46668900 -0.28608600 1.00000000

0.96864680 0.06608909 -0.23949050 0.00000000
-0.21615210 0.69941910 -0.68124230 0.00000000
0.12248150 0.71164960 0.69177540 0.00000000
-0.03860179 1.52081600 -0.11727650 1.00000000

0.99707850 0.05582637 -0.05213398 0.00000000
-0.06538635 0.97663130 -0.20473350 0.00000000
0.03948611 0.20754430 0.97742840 0.00000000
-0.06480777 1.60561300 -0.19986950 1.00000000

0.99707850 0.05582637 -0.05213398 0.00000000
-0.06538635 0.97663130 -0.20473350 0.00000000
0.03948611 0.20754430 0.97742840 0.00000000
-0.07309726 1.63446500 -0.32751270 1.00000000

0.96543890 -0.26012370 0.01623213 0.00000000
-0.24973090 -0.90544950 0.34321450 0.00000000
-0.07458085 -0.33540630 -0.93911720 0.00000000
-0.01962020 1.63280200 -0.30609120 1.00000000

0.94838090 0.30025980 -0.10206890 0.00000000
-0.31708870 0.90323700 -0.28916660 0.00000000
0.00536731 0.30660490 0.95182180 0.00000000
-0.12464070 1.62495700 -0.29924660 1.00000000

0.99707840 0.05582635 -0.05213407 0.00000000
0.06538635 -0.97663130 0.20473350 0.00000000
-0.03948614 -0.20754430 -0.97742840 0.00000000
-0.03535861 1.65124000 -0.30037830 1.00000000

0.99707850 0.05582637 -0.05213398 0.00000000
-0.06538635 0.97663130 -0.20473350 0.00000000
0.03948611 0.20754430 0.97742840 0.00000000
-0.10944200 1.64709100 -0.29650450 1.00000000

0.96829770 0.19656400 -0.15414960 0.00000000
0.22469750 -0.95498210 0.19370080 0.00000000
-0.10913540 -0.22219700 -0.96887470 0.00000000
-0.05669445 1.64902500 -0.33795940 1.00000000

0.98247570 0.17026270 -0.07584313 0.00000000
-0.18216040 0.96329420 -0.19718420 0.00000000
0.03948611 0.20754430 0.97742840 0.00000000
-0.08861603 1.64879900 -0.33770110 1.00000000

0.99232030 0.06514838 0.10514890 0.00000000
0.06589079 -0.99782040 -0.00359864 0.00000000
0.10468540 0.01049926 -0.99445020 0.00000000
-0.00729785 1.67142100 -0.32473590 1.00000000

0.98749320 0.04937150 -0.14973230 0.00000000
-0.06108607 0.99533540 -0.07467236 0.00000000
0.14534710 0.08288501 0.98590290 0.00000000
-0.14210820 1.66489500 -0.31898270 1.00000000

0.98332360 0.16571900 -0.07491264 0.00000000
0.17761020 -0.96363980 0.19963180 0.00000000
-0.03910589 -0.20960790 -0.97700340 0.00000000
-0.03537863 1.65146400 -0.30052190 1.00000000

0.99808620 -0.05477999 -0.02868876 0.00000000
0.04596236 0.96755100 -0.24846000 0.00000000
0.04136857 0.24666590 0.96821740 0.00000000
-0.10944320 1.64708500 -0.29653540 1.00000000

0.99263360 0.11910940 -0.02217227 0.00000000
-0.12115540 0.97590760 -0.18145440 0.00000000
0.00002506 0.18280400 0.98314930 0.00000000
-0.06736440 1.61401700 -0.23976600 1.00000000

0.93658380 0.35026240 0.01126596 0.00000000
0.34959020 -0.93606230 0.03967132 0.00000000
0.02444109 -0.03321715 -0.99914930 0.00000000
-0.03985801 1.56935000 -0.33451180 1.00000000

0.99237100 0.12120600 -0.02256209 0.00000000
-0.12234680 0.99073390 -0.05897181 0.00000000
0.01520514 0.06128235 0.99800490 0.00000000
-0.06681554 1.58323900 -0.34194580 1.00000000

0.98526790 -0.12160390 -0.12024870 0.00000000
0.11619720 0.99191460 -0.05102262 0.00000000
0.12548100 0.03629844 0.99143200 0.00000000
-0.09378653 1.56457300 -0.33039890 1.00000000

0.99910710 -0.04205740 0.00403619 0.00000000
-0.04146726 -0.95778720 0.28447160 0.00000000
-0.00809827 -0.28438500 -0.95867620 0.00000000
-0.01535593 1.57576900 -0.30557010 1.00000000

0.95884660 0.26109700 -0.11154270 0.00000000
-0.28188480 0.92243040 -0.26393760 0.00000000
0.03397688 0.28451780 0.95806840 0.00000000
-0.12376200 1.56491400 -0.29708780 1.00000000

0.99567570 0.08737095 0.03156337 0.00000000
0.06817985 -0.91805930 0.39053670 0.00000000
0.06309864 -0.38669580 -0.92004620 0.00000000
-0.04310568 1.59175000 -0.32700260 1.00000000

0.99468740 0.08491540 -0.05819148 0.00000000
-0.10083900 0.91741070 -0.38495280 0.00000000
0.02069712 0.38877580 0.92110010 0.00000000
-0.06940969 1.59263200 -0.33130600 1.00000000

0.98305940 0.10671470 -0.14901760 0.00000000
-0.16083110 0.89217510 -0.42208670 0.00000000
0.08790708 0.43890290 0.89422420 0.00000000
-0.09657293 1.58934100 -0.32311740 1.00000000

0.99705160 0.05622644 -0.05221790 0.00000000
0.07040335 -0.94097260 0.33107960 0.00000000
-0.03052005 -0.33377980 -0.94215710 0.00000000
-0.05306448 1.61783400 -0.32697470 1.00000000

0.99705160 0.05622644 -0.05221790 0.00000000
-0.07040338 0.94097260 -0.33107950 0.00000000
0.03052008 0.33377970 0.94215710 0.00000000
-0.07239091 1.60873000 -0.34156390 1.00000000

0.99705160 0.05622644 -0.05221790 0.00000000
-0.07040338 0.94097260 -0.33107950 0.00000000
0.03052008 0.33377970 0.94215710 0.00000000
-0.09103993 1.61549800 -0.32494490 1.00000000

0.99707850 0.05582637 -0.05213398 0.00000000
-0.06536999 0.97671720 -0.20432880 0.00000000
0.03951314 0.20713980 0.97751310 0.00000000
-0.07266678 1.69847100 -0.25073620 1.00000000

-0.04455125 -0.98705470 -0.15407180 0.00000000
0.84525160 0.04496422 -0.53247360 0.00000000
0.53250820 -0.15395160 0.83230640 0.00000000
-0.04330669 1.46701200 -0.04745552 1.00000000

0.68778460 -0.56364240 -0.45744910 0.00000000
0.71973230 0.44741770 0.53085100 0.00000000
-0.09453946 -0.69435190 0.71339860 0.00000000
-0.23255520 1.45695400 0.07176439 1.00000000

0.68763330 -0.56465170 -0.45643060 0.00000000
-0.22142000 -0.76178030 0.60882160 0.00000000
-0.69147190 -0.31758340 -0.64885080 0.00000000
-0.44773090 1.32318900 -0.08694460 1.00000000

0.77969160 -0.51874230 -0.35069540 0.00000000
-0.28246180 -0.79122710 0.54237910 0.00000000
-0.55883470 -0.32383050 -0.76343800 0.00000000
